% 448x448 4760 nonzeros
1 1 0.144491803694796278
1 2 -0.0499298137052498064
1 3 -0.00741056661563579966
1 4 0.0616473147390380616
1 5 -0.00687881739556693485
1 6 -0.0810088320929595179
1 7 0.0224780443079400025
1 8 -0.0833891329323623171
2 1 -0.0499298137052498064
2 2 0.510984644681891198
2 3 -0.285316365146695783
2 4 0.149944249972321392
2 5 -0.270020666383680163
2 9 -0.113282150469905557
2 10 -0.0298229410133031732
2 11 0.142006095694883289
2 12 -0.0545630536302613572
3 1 -0.00741056661563579966
3 2 -0.285316365146695783
3 3 2.0285065360474257
3 4 -0.437303641627328099
3 6 -0.385027524722971415
3 10 -0.488328610691634024
3 11 -0.043381956559027865
3 24 -0.598267791432876672
3 25 0.114800270538487195
3 26 -0.0731250163707728301
3 27 0.174854666581030049
4 1 0.0616473147390380616
4 2 0.149944249972321392
4 3 -0.437303641627328099
4 4 3.17830154965532596
4 5 -0.623235174738814401
4 6 0.0127440726653413241
4 7 -0.59757412074913252
4 8 -0.0604045460751561208
4 11 -0.595151716566762357
4 25 -0.587399461029404324
4 27 -0.049072779715567498
4 91 -0.429378722192131745
4 92 -0.0247116893877115003
4 103 0.00159466504998111397
5 1 -0.00687881739556693485
5 2 -0.270020666383680163
5 4 -0.623235174738814401
5 5 2.84510260776842516
5 8 -0.552253763491459049
5 11 -0.0907970451482712493
5 12 -0.549531494825675315
5 74 -0.00687881739556693572
5 75 -0.270020666383680163
5 76 -0.623235174738814401
5 81 -0.0907970451482712632
5 91 0.129253417233662515
5 92 0.109292640647712658
6 1 -0.0810088320929595179
6 3 -0.385027524722971415
6 4 0.0127440726653413241
6 6 1.06663616963211938
6 7 -0.411212342225651284
6 18 -0.081008832092959504
6 19 -0.385027524722971359
6 20 0.012744072665341305
6 24 -0.0464132419077890462
6 25 0.29757398280249997
7 1 0.0224780443079400025
7 4 -0.59757412074913252
7 6 -0.411212342225651284
7 7 3.37847171485368758
7 8 -0.565644563518055143
7 18 0.0224780443079400025
7 20 -0.59757412074913252
7 23 -0.565644563518055143
7 25 -0.0935991053599949108
7 87 -0.00784583290966895872
7 88 -0.56421498418475291
7 91 -0.0179005699163873738
7 102 -0.0179005699163873634
7 103 0.0156829695776498496
8 1 -0.0833891329323623171
8 4 -0.0604045460751561208
8 5 -0.552253763491459049
8 7 -0.565644563518055143
8 8 1.77347680453906253
8 74 -0.0833891329323623171
8 76 -0.0604045460751561347
8 78 -0.565644563518055143
8 87 -0.222807732542751685
8 88 0.0471016059600687653
8 91 0.373359570586226208
9 2 -0.113282150469905557
9 9 0.572212971745577059
9 10 -0.339433679598463822
9 11 0.296123750594443513
9 12 -0.305824668060954374
9 13 -0.0517762022655939846
9 14 -0.0276927537811190137
9 15 0.0425180920778596289
9 16 -0.0728453602418435153
10 2 -0.0298229410133031732
10 3 -0.488328610691634024
10 9 -0.339433679598463822
10 10 2.25241209346325189
10 11 -0.417023961991786818
10 14 -0.387475217225335511
10 15 -0.114449891813161286
10 26 -0.70380044617958204
10 27 0.228983828907046938
10 28 -0.076929995730934439
10 29 0.075868821873901815
11 2 0.142006095694883289
11 3 -0.043381956559027865
11 4 -0.595151716566762357
11 5 -0.0907970451482712493
11 9 0.296123750594443513
11 10 -0.417023961991786818
11 11 2.70109136137872774
11 12 -0.685991096614756435
11 15 -0.520732995203919025
11 27 -0.460289660626579833
11 29 -0.0515030480568702959
11 92 -0.245463032423812816
11 93 -0.0288866944762677415
12 2 -0.0545630536302613572
12 5 -0.549531494825675315
12 9 -0.305824668060954374
12 11 -0.685991096614756435
12 12 3.10228936262394939
12 15 -0.0902309533171725547
12 16 -0.462390233035227194
12 75 -0.0545630536302613642
12 80 -0.305824668060954374
12 81 -0.685991096614756435
12 84 -0.0902309533171725547
12 92 0.18444745800391471
12 93 -0.00159554952067269521
13 9 -0.0517762022655939846
13 13 0.200348995624433035
13 14 -0.13659555121290709
13 15 0.175846211100852939
13 16 -0.140206755359238822
13 17 -0.047616697887546057
14 9 -0.0276927537811190137
14 10 -0.387475217225335511
14 13 -0.13659555121290709
14 14 1.52073690949354257
14 15 -0.346120210862502664
14 17 -0.297294023438176791
14 28 -0.678507711451868056
14 29 0.415325027374222278
14 30 -0.0869069888931814638
14 31 -0.0429907330159186515
14 32 0.0675212530132445615
15 9 0.0425180920778596289
15 10 -0.114449891813161286
15 11 -0.520732995203919025
15 12 -0.0902309533171725547
15 13 0.175846211100852939
15 14 -0.346120210862502664
15 15 3.06967186122138758
15 16 -0.713839798792712865
15 17 -0.166735827581338036
15 29 -0.600968357132357411
15 32 -0.180654059355517288
15 93 -0.310961209085172274
15 95 -0.227322546927856028
15 104 -0.0160203143283903088
16 9 -0.0728453602418435153
16 12 -0.462390233035227194
16 13 -0.140206755359238822
16 15 -0.713839798792712865
16 16 2.4652802466385042
16 17 -0.190610152852134673
16 80 -0.0728453602418435153
16 83 -0.140206755359238822
16 84 -0.713839798792712976
16 86 -0.190610152852134673
16 93 0.36948657733481538
16 94 -0.251811526981861822
16 95 0.114439070535628934
17 13 -0.047616697887546057
17 14 -0.297294023438176791
17 15 -0.166735827581338036
17 16 -0.190610152852134673
17 17 3.45960096270722861
17 30 -0.154339956611576179
17 32 -0.965004509396943377
17 33 -0.111347524337165549
17 94 -0.577599843498893595
17 95 -0.665208471284924219
17 96 -0.211369179265252061
17 104 0.0613694917916872695
17 105 -0.110850560203072851
17 106 -0.0229937081418928706
18 6 -0.081008832092959504
18 7 0.0224780443079400025
18 18 0.144491803694796306
18 19 -0.00741056661563579966
18 20 0.0616473147390380616
18 21 -0.0499298137052498064
18 22 -0.00687881739556693572
18 23 -0.0833891329323623032
19 6 -0.385027524722971359
19 18 -0.00741056661563579966
19 19 2.02850653604742481
19 20 -0.437303641627328099
19 21 -0.285316365146695783
19 24 -0.598267791432876672
19 25 0.114800270538487209
19 34 -0.488328610691634024
19 35 -0.0433819565590278927
19 38 -0.0731250163707728301
19 39 0.174854666581030049
20 6 0.012744072665341305
20 7 -0.59757412074913252
20 18 0.0616473147390380616
20 19 -0.437303641627328099
20 20 3.17830154965532596
20 21 0.149944249972321419
20 22 -0.62323517473881429
20 23 -0.0604045460751561
20 25 -0.587399461029404324
20 35 -0.595151716566762135
20 39 -0.0490727797155674911
20 102 -0.429378722192131745
20 103 0.00159466504998111288
20 111 -0.0247116893877114968
21 18 -0.0499298137052498064
21 19 -0.285316365146695783
21 20 0.149944249972321419
21 21 0.510984644681891198
21 22 -0.270020666383680163
21 34 -0.0298229410133031871
21 35 0.142006095694883261
21 36 -0.113282150469905557
21 37 -0.0545630536302613572
22 18 -0.00687881739556693572
22 20 -0.62323517473881429
22 21 -0.270020666383680163
22 22 2.84510260776842516
22 23 -0.552253763491459049
22 35 -0.0907970451482712632
22 37 -0.549531494825675315
22 97 -0.00687881739556692358
22 98 -0.62323517473881429
22 99 -0.270020666383680163
22 102 0.129253417233662515
22 108 -0.0907970451482712632
22 111 0.109292640647712658
23 7 -0.565644563518055143
23 18 -0.0833891329323623032
23 20 -0.0604045460751561
23 22 -0.552253763491459049
23 23 1.77347680453906253
23 87 -0.222807732542751713
23 88 0.0471016059600687514
23 89 -0.565644563518055143
23 97 -0.0833891329323623032
23 98 -0.060404546075156107
23 102 0.373359570586226264
24 3 -0.598267791432876672
24 6 -0.0464132419077890462
24 19 -0.598267791432876672
24 24 3.04121532286615093
24 25 -0.354059865361875947
24 26 -0.718279093469326058
24 27 -0.0151482989376055654
24 38 -0.718279093469326058
24 39 -0.0151482989376055879
24 40 -0.0507076434725586209
24 41 0.0733557955556897318
25 3 0.114800270538487195
25 4 -0.587399461029404324
25 6 0.29757398280249997
25 7 -0.0935991053599949108
25 19 0.114800270538487209
25 20 -0.587399461029404324
25 24 -0.354059865361875947
25 25 1.79093657288847563
25 27 -0.335942571343140484
25 39 -0.335942571343140428
25 41 -0.00639554624929814484
25 103 -0.0173725150516916109
26 3 -0.0731250163707728301
26 10 -0.70380044617958204
26 24 -0.718279093469326058
26 26 3.38430069369350583
26 27 -0.262151133335537301
26 28 -0.622942382360500591
26 29 -0.142878099678447001
26 40 -0.89672947559664451
26 41 0.0505951527118580074
26 42 0.00694888248681891502
26 43 -0.021939081901372684
27 3 0.174854666581030049
27 4 -0.049072779715567498
27 10 0.228983828907046938
27 11 -0.460289660626579833
27 24 -0.0151482989376055654
27 25 -0.335942571343140484
27 26 -0.262151133335537301
27 27 1.10945293099908282
27 29 -0.235381162185008569
27 41 -0.153920412435695014
27 43 -0.00138540790802573833
28 10 -0.076929995730934439
28 14 -0.678507711451868056
28 26 -0.622942382360500591
28 28 2.9544413916792851
28 29 -0.192689249771270721
28 31 -0.290282042934063733
28 32 -0.259949824502052118
28 42 -0.970384027061248933
28 43 0.182565104770296804
28 44 0.0328084059412864643
28 45 -0.0781296685789295564
29 10 0.075868821873901815
29 11 -0.0515030480568702959
29 14 0.415325027374222278
29 15 -0.600968357132357411
29 26 -0.142878099678447001
29 27 -0.235381162185008569
29 28 -0.192689249771270721
29 29 1.26685437158412184
29 32 -0.312975414763363824
29 43 -0.21453193001026491
29 45 -0.00712095923466299699
30 14 -0.0869069888931814638
30 17 -0.154339956611576179
30 30 0.247968912356712701
30 31 -0.144955650006769687
30 32 0.215272342488213586
30 33 -0.0770386593333990122
31 14 -0.0429907330159186515
31 28 -0.290282042934063733
31 30 -0.144955650006769687
31 31 1.02145606818199308
31 32 -0.210101238587634631
31 33 -0.124806600809606344
31 44 -0.437116774669590757
31 45 0.374951741938526983
31 46 -0.146154770096936254
32 14 0.0675212530132445615
32 15 -0.180654059355517288
32 17 -0.965004509396943377
32 28 -0.259949824502052118
32 29 -0.312975414763363824
32 30 0.215272342488213586
32 31 -0.210101238587634631
32 32 3.1599850251697994
32 33 -0.125966332175408202
32 45 -1.0357523667575419
32 46 0.226787673027655318
32 104 -0.042146002807327651
32 106 -0.35023781613245325
32 112 -0.186778729220670847
33 17 -0.111347524337165549
33 30 -0.0770386593333990122
33 31 -0.124806600809606344
33 32 -0.125966332175408202
33 33 2.09142829315156931
33 46 -0.90290927907184948
33 105 -0.361714905338295811
33 106 -0.601207135062564069
33 107 -0.0792494279182434924
33 112 0.460142501605048326
33 113 -0.167330930710085812
34 19 -0.488328610691634024
34 21 -0.0298229410133031871
34 34 2.25241209346325233
34 35 -0.417023961991786818
34 36 -0.339433679598463767
34 38 -0.70380044617958204
34 39 0.22898382890704691
34 47 -0.387475217225335511
34 48 -0.114449891813161286
34 51 -0.076929995730934439
34 52 0.0758688218739018566
35 19 -0.0433819565590278927
35 20 -0.595151716566762135
35 21 0.142006095694883261
35 22 -0.0907970451482712632
35 34 -0.417023961991786818
35 35 2.70109136137872774
35 36 0.296123750594443624
35 37 -0.685991096614756546
35 39 -0.460289660626579833
35 48 -0.520732995203919025
35 52 -0.0515030480568702959
35 111 -0.245463032423812816
35 117 -0.0288866944762677415
36 21 -0.113282150469905557
36 34 -0.339433679598463767
36 35 0.296123750594443624
36 36 0.572212971745577059
36 37 -0.305824668060954374
36 47 -0.0276927537811190241
36 48 0.0425180920778596289
36 49 -0.0517762022655939846
36 50 -0.0728453602418435153
37 21 -0.0545630536302613572
37 22 -0.549531494825675315
37 35 -0.685991096614756546
37 36 -0.305824668060954374
37 37 3.10228936262394894
37 48 -0.0902309533171725547
37 50 -0.462390233035227194
37 99 -0.0545630536302613711
37 108 -0.685991096614756546
37 109 -0.305824668060954319
37 111 0.18444745800391471
37 114 -0.0902309533171725547
37 117 -0.00159554952067269412
38 19 -0.0731250163707728301
38 24 -0.718279093469326058
38 34 -0.70380044617958204
38 38 3.38430069369350628
38 39 -0.26215113333553719
38 40 -0.89672947559664451
38 41 0.0505951527118580144
38 51 -0.622942382360500702
38 52 -0.142878099678447001
38 53 0.00694888248681892196
38 54 -0.021939081901372684
39 19 0.174854666581030049
39 20 -0.0490727797155674911
39 24 -0.0151482989376055879
39 25 -0.335942571343140428
39 34 0.22898382890704691
39 35 -0.460289660626579833
39 38 -0.26215113333553719
39 39 1.10945293099908304
39 41 -0.153920412435695042
39 52 -0.235381162185008569
39 54 -0.00138540790802573811
40 24 -0.0507076434725586209
40 26 -0.89672947559664451
40 38 -0.89672947559664451
40 40 3.88706879781604542
40 41 -0.139972524370383128
40 42 -0.86415891339780071
40 43 -0.0955580958730738173
40 53 -0.86415891339780071
40 54 -0.0955580958730738034
40 55 0.155247437144938882
40 56 -0.138743097383004527
41 24 0.0733557955556897318
41 25 -0.00639554624929814484
41 26 0.0505951527118580074
41 27 -0.153920412435695014
41 38 0.0505951527118580144
41 39 -0.153920412435695042
41 40 -0.139972524370383128
41 41 0.360997721347744549
41 43 -0.0406674634180394512
41 54 -0.040667463418039472
42 26 0.00694888248681891502
42 28 -0.970384027061248933
42 40 -0.86415891339780071
42 42 3.57504814253860381
42 43 -0.0111596843544933821
42 44 -0.466164657461646259
42 45 -0.31406578670434232
42 55 -0.980887290186948313
42 56 -0.0205272034101923219
42 57 0.149725445398641355
42 58 -0.104374907847391771
43 26 -0.021939081901372684
43 27 -0.00138540790802573833
43 28 0.182565104770296804
43 29 -0.21453193001026491
43 40 -0.0955580958730738173
43 41 -0.0406674634180394512
43 42 -0.0111596843544933821
43 43 0.41909804398439332
43 45 -0.155005398545657674
43 56 -0.0684402661652100397
43 58 0.00702417942144754719
44 28 0.0328084059412864643
44 31 -0.437116774669590757
44 42 -0.466164657461646259
44 44 1.38584561480314594
44 45 0.0551042286342160459
44 46 -0.174028967652043703
44 57 -0.350027742653860274
44 58 0.120910823768578285
44 59 -0.167330930710085923
45 28 -0.0781296685789295564
45 29 -0.00712095923466299699
45 31 0.374951741938526983
45 32 -1.0357523667575419
45 42 -0.31406578670434232
45 43 -0.155005398545657674
45 44 0.0551042286342160459
45 45 2.53066665179380257
45 46 -0.508337371821193096
45 58 -1.0254998969396496
45 59 0.460142501605048548
45 112 -0.110174946168946714
45 118 -0.186778729220670847
46 31 -0.146154770096936254
46 32 0.226787673027655318
46 33 -0.90290927907184948
46 44 -0.174028967652043703
46 45 -0.508337371821193096
46 46 3.00928543122873382
46 59 -0.902909279071849702
46 112 -0.508337371821192985
46 113 -0.174028967652043787
46 118 0.226787673027655512
46 119 -0.146154770096936282
47 34 -0.387475217225335511
47 36 -0.0276927537811190241
47 47 1.52073690949354234
47 48 -0.346120210862502664
47 49 -0.136595551212907063
47 51 -0.678507711451868056
47 52 0.415325027374222167
47 60 -0.297294023438176847
47 61 -0.0429907330159186377
47 62 0.0675212530132445615
47 63 -0.0869069888931814361
48 34 -0.114449891813161286
48 35 -0.520732995203919025
48 36 0.0425180920778596289
48 37 -0.0902309533171725547
48 47 -0.346120210862502664
48 48 3.06967186122138758
48 49 0.175846211100852939
48 50 -0.713839798792712976
48 52 -0.600968357132357411
48 60 -0.166735827581338064
48 62 -0.180654059355517316
48 117 -0.310961209085172274
48 121 -0.227322546927856028
48 123 -0.0160203143283903088
49 36 -0.0517762022655939846
49 47 -0.136595551212907063
49 48 0.175846211100852939
49 49 0.200348995624432979
49 50 -0.140206755359238794
49 60 -0.0476166978875460709
50 36 -0.0728453602418435153
50 37 -0.462390233035227194
50 48 -0.713839798792712976
50 49 -0.140206755359238794
50 50 2.46528024663850465
50 60 -0.190610152852134618
50 109 -0.0728453602418435153
50 114 -0.713839798792712754
50 115 -0.140206755359238822
50 117 0.36948657733481538
50 120 -0.190610152852134673
50 121 0.114439070535628962
50 122 -0.251811526981861822
51 34 -0.076929995730934439
51 38 -0.622942382360500702
51 47 -0.678507711451868056
51 51 2.9544413916792851
51 52 -0.192689249771270749
51 53 -0.970384027061248933
51 54 0.182565104770296777
51 61 -0.290282042934063622
51 62 -0.259949824502052063
51 64 0.0328084059412864365
51 65 -0.0781296685789295564
52 34 0.0758688218739018566
52 35 -0.0515030480568702959
52 38 -0.142878099678447001
52 39 -0.235381162185008569
52 47 0.415325027374222167
52 48 -0.600968357132357411
52 51 -0.192689249771270749
52 52 1.26685437158412184
52 54 -0.21453193001026491
52 62 -0.312975414763363879
52 65 -0.00712095923466299352
53 38 0.00694888248681892196
53 40 -0.86415891339780071
53 51 -0.970384027061248933
53 53 3.57504814253860381
53 54 -0.0111596843544933821
53 55 -0.980887290186948313
53 56 -0.0205272034101923254
53 64 -0.466164657461646259
53 65 -0.314065786704342265
53 66 0.149725445398641382
53 67 -0.104374907847391771
54 38 -0.021939081901372684
54 39 -0.00138540790802573811
54 40 -0.0955580958730738034
54 41 -0.040667463418039472
54 51 0.182565104770296777
54 52 -0.21453193001026491
54 53 -0.0111596843544933821
54 54 0.41909804398439332
54 56 -0.0684402661652100119
54 65 -0.155005398545657674
54 67 0.00702417942144754545
55 40 0.155247437144938882
55 42 -0.980887290186948313
55 53 -0.980887290186948313
55 55 2.89725652879783802
55 56 0.256597012369604693
55 57 -0.341397274058920508
55 58 -0.297108200581091719
55 66 -0.341397274058920397
55 67 -0.297108200581091719
55 68 -0.0703154486584604554
56 40 -0.138743097383004527
56 42 -0.0205272034101923219
56 43 -0.0684402661652100397
56 53 -0.0205272034101923254
56 54 -0.0684402661652100119
56 55 0.256597012369604693
56 56 0.710517389180974845
56 58 -0.446519010048695153
56 67 -0.446519010048695153
56 68 0.261574189325360529
56 124 -0.018972534244740609
57 42 0.149725445398641355
57 44 -0.350027742653860274
57 55 -0.341397274058920508
57 57 0.606805309630637502
57 58 0.196310795889741124
57 59 -0.0792494279182434647
57 68 -0.104845821794180533
57 69 -0.077321284493815326
58 42 -0.104374907847391771
58 43 0.00702417942144754719
58 44 0.120910823768578285
58 45 -1.0254998969396496
58 55 -0.297108200581091719
58 56 -0.446519010048695153
58 57 0.196310795889741124
58 58 3.37210411005127364
58 59 -0.601207135062564735
58 68 -1.11985511886623201
58 69 0.421462127693264355
58 118 -0.350237816132453028
58 124 -0.136283218343614454
58 125 -0.0229937081418929816
58 126 -0.013733024860719565
59 44 -0.167330930710085923
59 45 0.460142501605048548
59 46 -0.902909279071849702
59 57 -0.0792494279182434647
59 58 -0.601207135062564735
59 59 2.09142829315157064
59 69 -0.361714905338295756
59 118 -0.125966332175408535
59 119 -0.124806600809606372
59 125 -0.111347524337165577
59 127 -0.0770386593333989983
60 47 -0.297294023438176847
60 48 -0.166735827581338064
60 49 -0.0476166978875460709
60 50 -0.190610152852134618
60 60 3.45960096270722861
60 62 -0.965004509396943488
60 63 -0.154339956611576234
60 70 -0.111347524337165549
60 121 -0.665208471284924219
60 122 -0.577599843498893595
60 123 0.0613694917916872695
60 128 -0.211369179265252061
60 129 -0.0229937081418928463
60 130 -0.110850560203072823
61 47 -0.0429907330159186377
61 51 -0.290282042934063622
61 61 1.02145606818199286
61 62 -0.210101238587634714
61 63 -0.144955650006769687
61 64 -0.437116774669590646
61 65 0.374951741938527039
61 70 -0.124806600809606399
61 71 -0.146154770096936254
62 47 0.0675212530132445615
62 48 -0.180654059355517316
62 51 -0.259949824502052063
62 52 -0.312975414763363879
62 60 -0.965004509396943488
62 61 -0.210101238587634714
62 62 3.15998502516979984
62 63 0.215272342488213642
62 65 -1.0357523667575419
62 70 -0.12596633217540823
62 71 0.226787673027655345
62 123 -0.042146002807327651
62 129 -0.35023781613245325
62 131 -0.186778729220670847
63 47 -0.0869069888931814361
63 60 -0.154339956611576234
63 61 -0.144955650006769687
63 62 0.215272342488213642
63 63 0.247968912356712701
63 70 -0.0770386593333989983
64 51 0.0328084059412864365
64 53 -0.466164657461646259
64 61 -0.437116774669590646
64 64 1.38584561480314594
64 65 0.0551042286342160875
64 66 -0.35002774265386033
64 67 0.120910823768578313
64 71 -0.174028967652043648
64 72 -0.167330930710085951
65 51 -0.0781296685789295564
65 52 -0.00712095923466299352
65 53 -0.314065786704342265
65 54 -0.155005398545657674
65 61 0.374951741938527039
65 62 -1.0357523667575419
65 64 0.0551042286342160875
65 65 2.53066665179380257
65 67 -1.02549989693964982
65 71 -0.508337371821193096
65 72 0.460142501605048715
65 131 -0.110174946168946686
65 132 -0.186778729220670875
66 53 0.149725445398641382
66 55 -0.341397274058920397
66 64 -0.35002774265386033
66 66 0.606805309630637502
66 67 0.196310795889741152
66 68 -0.104845821794180519
66 72 -0.0792494279182434924
66 73 -0.0773212844938153121
67 53 -0.104374907847391771
67 54 0.00702417942144754545
67 55 -0.297108200581091719
67 56 -0.446519010048695153
67 64 0.120910823768578313
67 65 -1.02549989693964982
67 66 0.196310795889741152
67 67 3.37210411005127364
67 68 -1.11985511886623201
67 72 -0.601207135062564735
67 73 0.421462127693264299
67 124 -0.136283218343614426
67 132 -0.350237816132453084
67 133 -0.0229937081418929677
67 134 -0.013733024860719565
68 55 -0.0703154486584604554
68 56 0.261574189325360529
68 57 -0.104845821794180533
68 58 -1.11985511886623201
68 66 -0.104845821794180519
68 67 -1.11985511886623201
68 68 3.65438478412523882
68 69 -0.372815615392794841
68 73 -0.372815615392794786
68 124 -0.0235051807737099577
68 125 -0.211369179265251977
68 133 -0.211369179265252033
68 135 -0.204366873381510994
69 57 -0.077321284493815326
69 58 0.421462127693264355
69 59 -0.361714905338295756
69 68 -0.372815615392794841
69 69 0.501240237734714156
69 125 -0.110850560203072698
70 60 -0.111347524337165549
70 61 -0.124806600809606399
70 62 -0.12596633217540823
70 63 -0.0770386593333989983
70 70 2.09142829315156931
70 71 -0.902909279071849591
70 129 -0.60120713506256418
70 130 -0.361714905338295756
70 131 0.460142501605048437
70 136 -0.0792494279182434647
70 137 -0.167330930710085812
71 61 -0.146154770096936254
71 62 0.226787673027655345
71 64 -0.174028967652043648
71 65 -0.508337371821193096
71 70 -0.902909279071849591
71 71 3.00928543122873382
71 72 -0.902909279071849591
71 131 -0.508337371821192985
71 132 0.22678767302765554
71 137 -0.174028967652043842
71 138 -0.146154770096936254
72 64 -0.167330930710085951
72 65 0.460142501605048715
72 66 -0.0792494279182434924
72 67 -0.601207135062564735
72 71 -0.902909279071849591
72 72 2.09142829315157019
72 73 -0.361714905338295756
72 132 -0.125966332175408563
72 133 -0.111347524337165577
72 138 -0.124806600809606372
72 139 -0.0770386593333989983
73 66 -0.0773212844938153121
73 67 0.421462127693264299
73 68 -0.372815615392794786
73 72 -0.361714905338295756
73 73 0.501240237734714156
73 133 -0.110850560203072726
74 5 -0.00687881739556693572
74 8 -0.0833891329323623171
74 74 0.144491803694796306
74 75 -0.0499298137052498064
74 76 0.0616473147390380755
74 77 -0.00741056661563580053
74 78 0.0224780443079400025
74 79 -0.0810088320929594902
75 5 -0.270020666383680163
75 12 -0.0545630536302613642
75 74 -0.0499298137052498064
75 75 0.510984644681891198
75 76 0.149944249972321419
75 77 -0.285316365146695838
75 80 -0.113282150469905557
75 81 0.142006095694883289
75 82 -0.0298229410133031766
76 5 -0.623235174738814401
76 8 -0.0604045460751561347
76 74 0.0616473147390380755
76 75 0.149944249972321419
76 76 3.17830154965532685
76 77 -0.437303641627328155
76 78 -0.59757412074913252
76 79 0.0127440726653413102
76 81 -0.595151716566762357
76 91 -0.42937872219213169
76 92 -0.0247116893877115003
76 145 -0.587399461029404324
76 147 -0.0490727797155674911
76 160 0.00159466504998111418
77 74 -0.00741056661563580053
77 75 -0.285316365146695838
77 76 -0.437303641627328155
77 77 2.02850653604742481
77 79 -0.385027524722971415
77 81 -0.043381956559027865
77 82 -0.488328610691634024
77 145 0.114800270538487209
77 146 -0.598267791432876672
77 147 0.174854666581030077
77 148 -0.0731250163707728301
78 8 -0.565644563518055143
78 74 0.0224780443079400025
78 76 -0.59757412074913252
78 78 3.37847171485368758
78 79 -0.411212342225651284
78 87 -0.00784583290966895525
78 88 -0.564214984184753021
78 90 -0.565644563518055032
78 91 -0.0179005699163873842
78 140 0.022478044307939999
78 141 -0.59757412074913252
78 145 -0.0935991053599949108
78 159 -0.0179005699163873877
78 160 0.0156829695776498496
79 74 -0.0810088320929594902
79 76 0.0127440726653413102
79 77 -0.385027524722971415
79 78 -0.411212342225651284
79 79 1.06663616963211938
79 140 -0.081008832092959504
79 141 0.0127440726653413241
79 142 -0.385027524722971359
79 145 0.297573982802499915
79 146 -0.0464132419077890532
80 12 -0.305824668060954374
80 16 -0.0728453602418435153
80 75 -0.113282150469905557
80 80 0.572212971745577059
80 81 0.296123750594443513
80 82 -0.339433679598463822
80 83 -0.0517762022655939846
80 84 0.0425180920778596289
80 85 -0.0276927537811190207
81 5 -0.0907970451482712632
81 12 -0.685991096614756435
81 75 0.142006095694883289
81 76 -0.595151716566762357
81 77 -0.043381956559027865
81 80 0.296123750594443513
81 81 2.70109136137872774
81 82 -0.417023961991786818
81 84 -0.520732995203919025
81 92 -0.245463032423812844
81 93 -0.0288866944762677484
81 147 -0.460289660626579888
81 149 -0.0515030480568703097
82 75 -0.0298229410133031766
82 77 -0.488328610691634024
82 80 -0.339433679598463822
82 81 -0.417023961991786818
82 82 2.25241209346325233
82 84 -0.1144498918131613
82 85 -0.387475217225335566
82 147 0.228983828907046966
82 148 -0.70380044617958204
82 149 0.0758688218739018427
82 150 -0.0769299957309344251
83 16 -0.140206755359238822
83 80 -0.0517762022655939846
83 83 0.200348995624433007
83 84 0.175846211100852967
83 85 -0.13659555121290709
83 86 -0.0476166978875460778
84 12 -0.0902309533171725547
84 16 -0.713839798792712976
84 80 0.0425180920778596289
84 81 -0.520732995203919025
84 82 -0.1144498918131613
84 83 0.175846211100852967
84 84 3.06967186122138758
84 85 -0.346120210862502664
84 86 -0.166735827581338036
84 93 -0.310961209085172219
84 95 -0.227322546927856028
84 149 -0.600968357132357411
84 152 -0.180654059355517316
84 161 -0.0160203143283903088
85 80 -0.0276927537811190207
85 82 -0.387475217225335566
85 83 -0.13659555121290709
85 84 -0.346120210862502664
85 85 1.52073690949354257
85 86 -0.297294023438176791
85 149 0.415325027374222278
85 150 -0.678507711451868056
85 151 -0.0869069888931814638
85 152 0.0675212530132445338
85 153 -0.0429907330159186446
86 16 -0.190610152852134673
86 83 -0.0476166978875460778
86 84 -0.166735827581338036
86 85 -0.297294023438176791
86 86 3.45960096270722817
86 94 -0.577599843498893595
86 95 -0.66520847128492433
86 96 -0.211369179265252005
86 151 -0.154339956611576179
86 152 -0.965004509396943377
86 154 -0.111347524337165549
86 161 0.0613694917916872765
86 162 -0.110850560203072879
86 163 -0.0229937081418928706
87 7 -0.00784583290966895872
87 8 -0.222807732542751685
87 23 -0.222807732542751713
87 78 -0.00784583290966895525
87 87 0.474983245790605024
87 88 0.216977450566656876
87 89 -0.00784583290966895525
87 90 -0.222807732542751713
88 7 -0.56421498418475291
88 8 0.0471016059600687653
88 23 0.0471016059600687514
88 78 -0.564214984184753021
88 87 0.216977450566656876
88 88 2.53035228300739945
88 89 -0.564214984184753021
88 90 0.0471016059600687653
88 91 -0.3974237897775863
88 102 -0.397423789777586411
88 103 -0.00123940985574816408
88 159 -0.3974237897775863
88 160 -0.00123940985574816386
88 167 -0.00123940985574816256
89 23 -0.565644563518055143
89 87 -0.00784583290966895525
89 88 -0.564214984184753021
89 89 3.37847171485368802
89 90 -0.565644563518055143
89 97 0.0224780443079400025
89 98 -0.59757412074913252
89 101 -0.411212342225651284
89 102 -0.0179005699163873704
89 155 0.0224780443079400025
89 156 -0.59757412074913252
89 159 -0.0179005699163873599
89 165 -0.0935991053599949108
89 167 0.0156829695776498496
90 78 -0.565644563518055032
90 87 -0.222807732542751713
90 88 0.0471016059600687653
90 89 -0.565644563518055143
90 90 1.77347680453906253
90 140 -0.0833891329323623032
90 141 -0.0604045460751561139
90 143 -0.552253763491458938
90 155 -0.0833891329323623032
90 156 -0.0604045460751561
90 159 0.373359570586226208
91 4 -0.429378722192131745
91 5 0.129253417233662515
91 7 -0.0179005699163873738
91 8 0.373359570586226208
91 76 -0.42937872219213169
91 78 -0.0179005699163873842
91 88 -0.3974237897775863
91 91 0.919539749145904972
91 92 -0.0999765599586224241
91 103 -0.0150969015062734566
91 160 -0.0150969015062734566
92 4 -0.0247116893877115003
92 5 0.109292640647712658
92 11 -0.245463032423812816
92 12 0.18444745800391471
92 76 -0.0247116893877115003
92 81 -0.245463032423812844
92 91 -0.0999765599586224241
92 92 0.390033478672991041
92 93 -0.0434475737429473666
93 11 -0.0288866944762677415
93 12 -0.00159554952067269521
93 15 -0.310961209085172274
93 16 0.36948657733481538
93 81 -0.0288866944762677484
93 84 -0.310961209085172219
93 92 -0.0434475737429473666
93 93 0.450099802972782181
93 95 -0.0948474499210974487
94 16 -0.251811526981861822
94 17 -0.577599843498893595
94 86 -0.577599843498893595
94 94 0.886688261155311408
94 95 0.724689826205848542
94 96 -0.204366873381510994
95 15 -0.227322546927856028
95 16 0.114439070535628934
95 17 -0.665208471284924219
95 84 -0.227322546927856028
95 86 -0.66520847128492433
95 93 -0.0948474499210974487
95 94 0.724689826205848542
95 95 1.44248179907323948
95 96 -0.0235051807737101763
95 104 -0.0433285288811892516
95 106 -0.136283218343614565
95 161 -0.0433285288811892655
95 163 -0.136283218343614537
95 168 -0.018972534244740661
96 17 -0.211369179265252061
96 86 -0.211369179265252005
96 94 -0.204366873381510994
96 95 -0.0235051807737101763
96 96 3.65438478412523882
96 105 -0.372815615392794675
96 106 -1.11985511886623179
96 107 -0.104845821794180616
96 162 -0.37281561539279473
96 163 -1.11985511886623179
96 164 -0.104845821794180546
96 168 0.261574189325360418
96 169 -0.0703154486584602889
97 22 -0.00687881739556692358
97 23 -0.0833891329323623032
97 89 0.0224780443079400025
97 97 0.144491803694796278
97 98 0.0616473147390380477
97 99 -0.0499298137052498064
97 100 -0.00741056661563580139
97 101 -0.081008832092959504
98 22 -0.62323517473881429
98 23 -0.060404546075156107
98 89 -0.59757412074913252
98 97 0.0616473147390380477
98 98 3.17830154965532641
98 99 0.149944249972321392
98 100 -0.437303641627328099
98 101 0.012744072665341305
98 102 -0.429378722192131634
98 108 -0.595151716566762357
98 111 -0.0247116893877114899
98 165 -0.587399461029404324
98 167 0.0015946650499811131
98 170 -0.0490727797155674911
99 22 -0.270020666383680163
99 37 -0.0545630536302613711
99 97 -0.0499298137052498064
99 98 0.149944249972321392
99 99 0.510984644681891198
99 100 -0.285316365146695727
99 108 0.142006095694883289
99 109 -0.113282150469905557
99 110 -0.0298229410133031766
100 97 -0.00741056661563580139
100 98 -0.437303641627328099
100 99 -0.285316365146695727
100 100 2.02850653604742526
100 101 -0.385027524722971415
100 108 -0.043381956559027858
100 110 -0.488328610691633969
100 165 0.114800270538487209
100 166 -0.598267791432876672
100 170 0.174854666581030049
100 171 -0.0731250163707728162
101 89 -0.411212342225651284
101 97 -0.081008832092959504
101 98 0.012744072665341305
101 100 -0.385027524722971415
101 101 1.06663616963211938
101 155 -0.081008832092959504
101 156 0.0127440726653413293
101 157 -0.385027524722971415
101 165 0.297573982802499915
101 166 -0.0464132419077890462
102 7 -0.0179005699163873634
102 20 -0.429378722192131745
102 22 0.129253417233662515
102 23 0.373359570586226264
102 88 -0.397423789777586411
102 89 -0.0179005699163873704
102 98 -0.429378722192131634
102 102 0.919539749145904972
102 103 -0.0150969015062734548
102 111 -0.0999765599586223963
102 167 -0.0150969015062734566
103 4 0.00159466504998111397
103 7 0.0156829695776498496
103 20 0.00159466504998111288
103 25 -0.0173725150516916109
103 88 -0.00123940985574816408
103 91 -0.0150969015062734566
103 102 -0.0150969015062734548
103 103 0.0299334282423746115
104 15 -0.0160203143283903088
104 17 0.0613694917916872695
104 32 -0.042146002807327651
104 95 -0.0433285288811892516
104 104 0.0538583790859394063
104 106 -0.0137330248607194609
105 17 -0.110850560203072851
105 33 -0.361714905338295811
105 96 -0.372815615392794675
105 105 0.5012402377347146
105 106 0.421462127693264132
105 107 -0.0773212844938152982
106 17 -0.0229937081418928706
106 32 -0.35023781613245325
106 33 -0.601207135062564069
106 95 -0.136283218343614565
106 96 -1.11985511886623179
106 104 -0.0137330248607194609
106 105 0.421462127693264132
106 106 3.37210411005127275
106 107 0.196310795889740958
106 112 -1.0254998969396496
106 113 0.120910823768578535
106 168 -0.446519010048695431
106 169 -0.297108200581091331
106 172 -0.104374907847391868
106 173 0.00702417942144752117
107 33 -0.0792494279182434924
107 96 -0.104845821794180616
107 105 -0.0773212844938152982
107 106 0.196310795889740958
107 107 0.606805309630638057
107 113 -0.350027742653860441
107 169 -0.341397274058920619
107 172 0.149725445398641438
108 22 -0.0907970451482712632
108 37 -0.685991096614756546
108 98 -0.595151716566762357
108 99 0.142006095694883289
108 100 -0.043381956559027858
108 108 2.70109136137872774
108 109 0.296123750594443569
108 110 -0.417023961991786873
108 111 -0.245463032423812899
108 114 -0.520732995203918914
108 117 -0.0288866944762677484
108 170 -0.460289660626579833
108 174 -0.0515030480568702889
109 37 -0.305824668060954319
109 50 -0.0728453602418435153
109 99 -0.113282150469905557
109 108 0.296123750594443569
109 109 0.572212971745577059
109 110 -0.339433679598463767
109 114 0.0425180920778596289
109 115 -0.0517762022655939777
109 116 -0.0276927537811190207
110 99 -0.0298229410133031766
110 100 -0.488328610691633969
110 108 -0.417023961991786873
110 109 -0.339433679598463767
110 110 2.25241209346325277
110 114 -0.114449891813161259
110 116 -0.387475217225335566
110 170 0.228983828907046882
110 171 -0.703800446179581929
110 174 0.075868821873901815
110 175 -0.0769299957309344251
111 20 -0.0247116893877114968
111 22 0.109292640647712658
111 35 -0.245463032423812816
111 37 0.18444745800391471
111 98 -0.0247116893877114899
111 102 -0.0999765599586223963
111 108 -0.245463032423812899
111 111 0.390033478672991096
111 117 -0.0434475737429473666
112 32 -0.186778729220670847
112 33 0.460142501605048326
112 45 -0.110174946168946714
112 46 -0.508337371821192985
112 106 -1.0254998969396496
112 112 2.53066665179380346
112 113 0.0551042286342155185
112 118 -1.03575236675754168
112 119 0.374951741938527094
112 172 -0.314065786704341932
112 173 -0.155005398545657702
112 176 -0.0781296685789297091
112 177 -0.0071209592346630473
113 33 -0.167330930710085812
113 46 -0.174028967652043787
113 106 0.120910823768578535
113 107 -0.350027742653860441
113 112 0.0551042286342155185
113 113 1.38584561480314705
113 119 -0.437116774669590868
113 172 -0.466164657461646703
113 176 0.0328084059412866863
114 37 -0.0902309533171725547
114 50 -0.713839798792712754
114 108 -0.520732995203918914
114 109 0.0425180920778596289
114 110 -0.114449891813161259
114 114 3.06967186122138802
114 115 0.175846211100852939
114 116 -0.34612021086250272
114 117 -0.31096120908517233
114 120 -0.166735827581337981
114 121 -0.227322546927856028
114 174 -0.600968357132357411
114 178 -0.180654059355517316
114 181 -0.0160203143283903088
115 50 -0.140206755359238822
115 109 -0.0517762022655939777
115 114 0.175846211100852939
115 115 0.200348995624433007
115 116 -0.13659555121290709
115 120 -0.0476166978875460709
116 109 -0.0276927537811190207
116 110 -0.387475217225335566
116 114 -0.34612021086250272
116 115 -0.13659555121290709
116 116 1.52073690949354257
116 120 -0.297294023438176847
116 174 0.415325027374222222
116 175 -0.678507711451868056
116 178 0.0675212530132445893
116 179 -0.0869069888931814361
116 180 -0.0429907330159186515
117 35 -0.0288866944762677415
117 37 -0.00159554952067269412
117 48 -0.310961209085172274
117 50 0.36948657733481538
117 108 -0.0288866944762677484
117 111 -0.0434475737429473666
117 114 -0.31096120908517233
117 117 0.450099802972782126
117 121 -0.0948474499210974487
118 45 -0.186778729220670847
118 46 0.226787673027655512
118 58 -0.350237816132453028
118 59 -0.125966332175408535
118 112 -1.03575236675754168
118 118 3.15998502516980029
118 119 -0.210101238587634492
118 125 -0.965004509396943488
118 126 -0.0421460028073277898
118 127 0.215272342488213669
118 176 -0.259949824502052118
118 177 -0.312975414763364157
118 182 -0.180654059355517288
118 183 0.0675212530132444921
119 46 -0.146154770096936282
119 59 -0.124806600809606372
119 112 0.374951741938527094
119 113 -0.437116774669590868
119 118 -0.210101238587634492
119 119 1.02145606818199308
119 127 -0.144955650006769687
119 176 -0.290282042934063567
119 183 -0.042990733015918707
120 50 -0.190610152852134673
120 114 -0.166735827581337981
120 115 -0.0476166978875460709
120 116 -0.297294023438176847
120 120 3.45960096270722905
120 121 -0.665208471284924219
120 122 -0.577599843498893595
120 128 -0.211369179265252005
120 178 -0.965004509396943266
120 179 -0.154339956611576179
120 181 0.0613694917916872695
120 184 -0.111347524337165604
120 185 -0.0229937081418928463
120 186 -0.110850560203072851
121 48 -0.227322546927856028
121 50 0.114439070535628962
121 60 -0.665208471284924219
121 114 -0.227322546927856028
121 117 -0.0948474499210974487
121 120 -0.665208471284924219
121 121 1.44248179907323926
121 122 0.724689826205848542
121 123 -0.0433285288811892585
121 128 -0.023505180773710159
121 129 -0.136283218343614537
121 181 -0.0433285288811892516
121 185 -0.136283218343614537
121 187 -0.0189725342447406575
122 50 -0.251811526981861822
122 60 -0.577599843498893595
122 120 -0.577599843498893595
122 121 0.724689826205848542
122 122 0.886688261155311408
122 128 -0.204366873381510938
123 48 -0.0160203143283903088
123 60 0.0613694917916872695
123 62 -0.042146002807327651
123 121 -0.0433285288811892585
123 123 0.0538583790859394063
123 129 -0.0137330248607194644
124 56 -0.018972534244740609
124 58 -0.136283218343614454
124 67 -0.136283218343614426
124 68 -0.0235051807737099577
124 124 1.44248179907323859
124 125 -0.665208471284924219
124 126 -0.0433285288811893002
124 133 -0.665208471284923997
124 134 -0.0433285288811893002
124 135 0.724689826205848653
124 182 -0.227322546927856001
124 188 -0.227322546927855973
124 189 0.114439070535628837
124 190 -0.0948474499210974209
125 58 -0.0229937081418929816
125 59 -0.111347524337165577
125 68 -0.211369179265251977
125 69 -0.110850560203072698
125 118 -0.965004509396943488
125 124 -0.665208471284924219
125 125 3.45960096270722905
125 126 0.0613694917916872695
125 127 -0.15433995661157629
125 135 -0.577599843498893373
125 182 -0.166735827581337842
125 183 -0.297294023438176735
125 189 -0.190610152852134646
125 191 -0.0476166978875460639
126 58 -0.013733024860719565
126 118 -0.0421460028073277898
126 124 -0.0433285288811893002
126 125 0.0613694917916872695
126 126 0.0538583790859397116
126 182 -0.0160203143283903331
127 59 -0.0770386593333989983
127 118 0.215272342488213669
127 119 -0.144955650006769687
127 125 -0.15433995661157629
127 127 0.247968912356712756
127 183 -0.0869069888931814361
128 60 -0.211369179265252061
128 120 -0.211369179265252005
128 121 -0.023505180773710159
128 122 -0.204366873381510938
128 128 3.65438478412523926
128 129 -1.11985511886623179
128 130 -0.37281561539279473
128 136 -0.104845821794180574
128 185 -1.11985511886623179
128 186 -0.372815615392794786
128 187 0.261574189325360362
128 192 -0.10484582179418056
128 193 -0.0703154486584602612
129 60 -0.0229937081418928463
129 62 -0.35023781613245325
129 70 -0.60120713506256418
129 121 -0.136283218343614537
129 123 -0.0137330248607194644
129 128 -1.11985511886623179
129 129 3.3721041100512732
129 130 0.421462127693264077
129 131 -1.0254998969396496
129 136 0.19631079588974093
129 137 0.120910823768578535
129 187 -0.446519010048695375
129 193 -0.297108200581091442
129 194 -0.104374907847391882
129 195 0.00702417942144751509
130 60 -0.110850560203072823
130 70 -0.361714905338295756
130 128 -0.37281561539279473
130 129 0.421462127693264077
130 130 0.501240237734714378
130 136 -0.0773212844938153399
131 62 -0.186778729220670847
131 65 -0.110174946168946686
131 70 0.460142501605048437
131 71 -0.508337371821192985
131 129 -1.0254998969396496
131 131 2.53066665179380301
131 132 -1.03575236675754168
131 137 0.0551042286342155324
131 138 0.374951741938526928
131 194 -0.314065786704341932
131 195 -0.155005398545657702
131 196 -0.0781296685789297091
131 197 -0.00712095923466304903
132 65 -0.186778729220670875
