% 448x448 4760 nonzeros
1 1 6.09212797851873904e-05
1 2 7.14455877604570561e-06
1 3 1.07115856099194092e-05
1 4 0.000540885969346214255
1 5 2.43768973728200021e-05
1 6 1.48595255585118387e-05
1 7 7.71095664476067935e-05
1 8 2.63120447104383222e-05
2 1 7.14455877604570561e-06
2 2 0.000802669630772800307
2 3 0.000227575162057826294
2 4 0.00119741635614411071
2 5 0.000413935321235519562
2 9 4.41323829019090697e-05
2 10 7.58191854476422959e-05
2 11 0.00223702706043726624
2 12 0.000180632991306161738
3 1 1.07115856099194092e-05
3 2 0.000227575162057826294
3 3 0.00979205577664844437
3 4 0.00305445262710262941
3 6 0.000508463166285132596
3 10 0.00119068377005710196
3 11 0.00267401496932310068
3 24 0.00181001925441034777
3 25 0.00259593770106980679
3 26 0.00136753598450670708
3 27 0.00402230407186884333
4 1 0.000540885969346214255
4 2 0.00119741635614411071
4 3 0.00305445262710262941
4 4 0.0182611262244117868
4 5 0.00314577763176618298
4 6 0.00176175564623724497
4 7 0.00305237134693481585
4 8 0.00224761830425927994
4 11 0.002166177854566386
4 25 0.00147188136544389495
4 27 0.000313428244917216534
4 91 0.000860199152964068788
4 92 7.73457074754607958e-05
4 103 2.18591586956688101e-06
5 1 2.43768973728200021e-05
5 2 0.000413935321235519562
5 4 0.00314577763176618298
5 5 0.0161617363835927855
5 8 0.00138327950049041415
5 11 0.00281439931439947475
5 12 0.00252682575463304996
5 74 2.43768973728200021e-05
5 75 0.000413935321235519562
5 76 0.00314577763176618298
5 81 0.00281439931439947432
5 91 0.00175554046041336725
5 92 0.00164717884315858766
6 1 1.48595255585118387e-05
6 3 0.000508463166285132596
6 4 0.00176175564623724497
6 6 0.00333940927805174981
6 7 0.00153559652537342485
6 18 1.48595255585118387e-05
6 19 0.000508463166285132596
6 20 0.00176175564623724454
6 24 0.000468750695252072042
6 25 0.00402846435935445748
7 1 7.71095664476067935e-05
7 4 0.00305237134693481585
7 6 0.00153559652537342485
7 7 0.018378399355159749
7 8 0.00203220775060825119
7 18 7.7109566447606807e-05
7 20 0.00305237134693481585
7 23 0.00203220775060825119
7 25 0.00162770307214080276
7 87 0.000301659463320240809
7 88 0.00272674310964631742
7 91 0.00102977404982987982
7 102 0.00102977404982987982
7 103 6.81021222830899238e-05
8 1 2.63120447104383222e-05
8 4 0.00224761830425927994
8 5 0.00138327950049041415
8 7 0.00203220775060825119
8 8 0.00804779533262397345
8 74 2.63120447104383222e-05
8 76 0.00224761830425927994
8 78 0.00203220775060825119
8 87 0.000160345361932775251
8 88 0.0024349493236877919
8 91 0.0039052773522680051
9 2 4.41323829019090697e-05
9 9 0.000991325740540617908
9 10 0.000318851153827669231
9 11 0.00179709852506349617
9 12 0.000603803575087478485
9 13 1.33272083921201186e-05
9 14 2.83531059865629686e-05
9 15 0.00212432574537802865
9 16 8.11047704996287818e-05
10 2 7.58191854476422959e-05
10 3 0.00119068377005710196
10 9 0.000318851153827669231
10 10 0.0122439523741114855
10 11 0.00359153275421934121
10 14 0.00100956786105631182
10 15 0.00299216490790311278
10 26 0.00248101401304281696
10 27 0.00249954626572346326
10 28 0.00125445289974557804
10 29 0.00424490181327227389
11 2 0.00223702706043726624
11 3 0.00267401496932310068
11 4 0.002166177854566386
11 5 0.00281439931439947475
11 9 0.00179709852506349617
11 10 0.00359153275421934121
11 11 0.0164044614768724291
11 12 0.00347618319945064728
11 15 0.00210010017101285983
11 27 0.000675644252620354198
11 29 0.000203535023126593734
11 92 0.00019140022326340046
11 93 2.56958720871351424e-05
12 2 0.000180632991306161738
12 5 0.00252682575463304996
12 9 0.000603803575087478485
12 11 0.00347618319945064728
12 12 0.0195249071760868684
12 15 0.00317358620405339782
12 16 0.00255473354568154206
12 75 0.000180632991306161738
12 80 0.000603803575087478485
12 81 0.00347618319945064728
12 84 0.00317358620405339782
12 92 0.0009832938783602258
12 93 0.00149721161901553721
13 9 1.33272083921201186e-05
13 13 0.000110292185744501574
13 14 3.7573655681064823e-05
13 15 0.000734907655079250423
13 16 7.52292511958530121e-05
13 17 0.000176009410703222707
14 9 2.83531059865629686e-05
14 10 0.00100956786105631182
14 13 3.7573655681064823e-05
14 14 0.00698813987723848323
14 15 0.0039499423022557904
14 17 0.00144214522750681562
14 28 0.00151471476880127667
14 29 0.00330357465750366185
14 30 7.55858765541652056e-05
14 31 0.000116419881705491588
14 32 0.00478031019732011713
15 9 0.00212432574537802865
15 10 0.00299216490790311278
15 11 0.00210010017101285983
15 12 0.00317358620405339782
15 13 0.000734907655079250423
15 14 0.0039499423022557904
15 15 0.0221918104131616604
15 16 0.00432654461954418319
15 17 0.00474368740755204583
15 29 0.00106239209235177543
15 32 0.00129922871506053003
15 93 0.000319837647552871196
15 95 0.00042433352472535425
15 104 8.14298053060756752e-06
16 9 8.11047704996287818e-05
16 12 0.00255473354568154206
16 13 7.52292511958530121e-05
16 15 0.00432654461954418319
16 16 0.0159410422298586901
16 17 0.00252419806387566828
16 80 8.11047704996287818e-05
16 83 7.52292511958530257e-05
16 84 0.00432654461954418319
16 86 0.00252419806387566828
16 93 0.00173904886339066277
16 94 0.000722616145891115413
16 95 0.00463049354819949823
17 13 0.000176009410703222707
17 14 0.00144214522750681562
17 15 0.00474368740755204583
17 16 0.00252419806387566828
17 17 0.0289064233985306951
17 30 0.000254104825294704164
17 32 0.0053487285724913864
17 33 0.00253436364303110274
17 94 0.00110045144081111386
17 95 0.00392402629041502856
17 96 0.00417969718309543076
17 104 0.000175306672625617115
17 105 0.000782391099079812182
17 106 0.00501668741275931342
18 6 1.48595255585118387e-05
18 7 7.7109566447606807e-05
18 18 6.09212797851873904e-05
18 19 1.07115856099194092e-05
18 20 0.000540885969346214255
18 21 7.14455877604570476e-06
18 22 2.43768973728199987e-05
18 23 2.63120447104383154e-05
19 6 0.000508463166285132596
19 18 1.07115856099194092e-05
19 19 0.00979205577664844437
19 20 0.00305445262710262941
19 21 0.000227575162057826294
19 24 0.00181001925441034734
19 25 0.00259593770106980679
19 34 0.00119068377005710174
19 35 0.00267401496932310068
19 38 0.00136753598450670708
19 39 0.00402230407186884246
20 6 0.00176175564623724454
20 7 0.00305237134693481585
20 18 0.000540885969346214255
20 19 0.00305445262710262941
20 20 0.0182611262244117868
20 21 0.00119741635614411049
20 22 0.00314577763176618298
20 23 0.00224761830425927994
20 25 0.00147188136544389517
20 35 0.002166177854566386
20 39 0.000313428244917216534
20 102 0.000860199152964068897
20 103 2.18591586956688101e-06
20 111 7.73457074754607823e-05
21 18 7.14455877604570476e-06
21 19 0.000227575162057826294
21 20 0.00119741635614411049
21 21 0.000802669630772800307
21 22 0.000413935321235519508
21 34 7.58191854476422824e-05
21 35 0.00223702706043726537
21 36 4.41323829019090629e-05
21 37 0.000180632991306161711
22 18 2.43768973728199987e-05
22 20 0.00314577763176618298
22 21 0.000413935321235519508
22 22 0.0161617363835927785
22 23 0.00138327950049041393
22 35 0.00281439931439947475
22 37 0.00252682575463304996
22 97 2.43768973728199987e-05
22 98 0.00314577763176618298
22 99 0.000413935321235519617
22 102 0.00175554046041336703
22 108 0.00281439931439947432
22 111 0.00164717884315858766
23 7 0.00203220775060825119
23 18 2.63120447104383154e-05
23 20 0.00224761830425927994
23 22 0.00138327950049041393
23 23 0.00804779533262397519
23 87 0.000160345361932775251
23 88 0.0024349493236877919
23 89 0.00203220775060825119
23 97 2.63120447104383154e-05
23 98 0.00224761830425927994
23 102 0.00390527735226800553
24 3 0.00181001925441034777
24 6 0.000468750695252072042
24 19 0.00181001925441034734
24 24 0.0191989011710695934
24 25 0.00303204092386696357
24 26 0.00330215347824234888
24 27 0.00183512723130376367
24 38 0.00330215347824234888
24 39 0.00183512723130376345
24 40 0.00352176844974049028
24 41 0.0017790150624048609
25 3 0.00259593770106980679
25 4 0.00147188136544389495
25 6 0.00402846435935445748
25 7 0.00162770307214080276
25 19 0.00259593770106980679
25 20 0.00147188136544389517
25 24 0.00303204092386696357
25 25 0.00852256806028160556
25 27 0.000314862921749713295
25 39 0.000314862921749713295
25 41 9.83814266734196643e-06
25 103 1.21096429339076732e-06
26 3 0.00136753598450670708
26 10 0.00248101401304281696
26 24 0.00330215347824234888
26 26 0.02363093165250571
26 27 0.00257053402986734229
26 28 0.00344260194078348843
26 29 0.00183317772907121016
26 40 0.00444867982273024817
26 41 0.000795872713385931477
26 42 0.00372243215859092286
26 43 0.0015909819690589121
27 3 0.00402230407186884333
27 4 0.000313428244917216534
27 10 0.00249954626572346326
27 11 0.000675644252620354198
27 24 0.00183512723130376367
27 25 0.000314862921749713295
27 26 0.00257053402986734229
27 27 0.00380608330995123442
27 29 0.000178269855132559568
27 41 3.03358354797146508e-05
27 43 1.02195260421937448e-06
28 10 0.00125445289974557804
28 14 0.00151471476880127667
28 26 0.00344260194078348843
28 28 0.0207164070265878353
28 29 0.00382883840805968217
28 31 0.00134061816293898546
28 32 0.00374538755100670747
28 42 0.0036423755806652019
28 43 0.00176261301119561052
28 44 0.000974686260184077407
28 45 0.00468129447017526061
29 10 0.00424490181327227389
29 11 0.000203535023126593734
29 14 0.00330357465750366185
29 15 0.00106239209235177543
29 26 0.00183317772907121016
29 27 0.000178269855132559568
29 28 0.00382883840805968217
29 29 0.00539116512456145908
29 32 0.000792069003642440037
29 43 5.59240014275037335e-05
29 45 4.05381627553701726e-05
30 14 7.55858765541652056e-05
30 17 0.000254104825294704164
30 30 0.000221554375588289907
30 31 4.36286238756233456e-05
30 32 0.00118529084938227315
30 33 0.000122655137553340026
31 14 0.000116419881705491588
31 28 0.00134061816293898546
31 30 4.36286238756233456e-05
31 31 0.00364402902996210833
31 32 0.00419904348042572304
31 33 0.000181503351350180626
31 44 0.00038397211640966842
31 45 0.00394700794700647735
31 46 0.00141754557146007206
32 14 0.00478031019732011713
32 15 0.00129922871506053003
32 17 0.0053487285724913864
32 28 0.00374538755100670747
32 29 0.000792069003642440037
32 30 0.00118529084938227315
32 31 0.00419904348042572304
32 32 0.0263387681553039141
32 33 0.00602652980493936005
32 45 0.00183023894695582873
32 46 0.00452531362571842802
32 104 9.27749612789223712e-06
32 106 0.000948896608756037404
32 112 0.000913253802928399487
33 17 0.00253436364303110274
33 30 0.000122655137553340026
33 31 0.000181503351350180626
33 32 0.00602652980493936005
33 33 0.0118886343897427749
33 46 0.00195763867380517945
33 105 0.000224879643944546679
33 106 0.00610079607801866999
33 107 0.000142292356803355767
33 112 0.00458694391035343284
33 113 0.00135918618443722403
34 19 0.00119068377005710174
34 21 7.58191854476422824e-05
34 34 0.0122439523741114838
34 35 0.00359153275421934121
34 36 0.000318851153827669231
34 38 0.00248101401304281696
34 39 0.00249954626572346369
34 47 0.00100956786105631182
34 48 0.00299216490790311278
34 51 0.00125445289974557804
34 52 0.00424490181327227475
35 19 0.00267401496932310068
35 20 0.002166177854566386
35 21 0.00223702706043726537
35 22 0.00281439931439947475
35 34 0.00359153275421934121
35 35 0.0164044614768724256
35 36 0.00179709852506349595
35 37 0.00347618319945064728
35 39 0.00067564425262035409
35 48 0.00210010017101285983
35 52 0.000203535023126593734
35 111 0.000191400223263400488
35 117 2.56958720871351424e-05
36 21 4.41323829019090629e-05
36 34 0.000318851153827669231
36 35 0.00179709852506349595
36 36 0.000991325740540617908
36 37 0.000603803575087478485
36 47 2.83531059865629686e-05
36 48 0.00212432574537802822
36 49 1.33272083921201186e-05
36 50 8.11047704996287818e-05
37 21 0.000180632991306161711
37 22 0.00252682575463304996
37 35 0.00347618319945064728
37 36 0.000603803575087478485
37 37 0.0195249071760868718
37 48 0.00317358620405339782
37 50 0.00255473354568154249
37 99 0.000180632991306161738
37 108 0.00347618319945064728
37 109 0.000603803575087478485
37 111 0.000983293878360226017
37 114 0.00317358620405339782
37 117 0.00149721161901553764
38 19 0.00136753598450670708
38 24 0.00330215347824234888
38 34 0.00248101401304281696
38 38 0.0236309316525057066
38 39 0.00257053402986734229
38 40 0.00444867982273024817
38 41 0.000795872713385931585
38 51 0.003442601940783488
38 52 0.00183317772907121037
38 53 0.00372243215859092286
38 54 0.0015909819690589121
39 19 0.00402230407186884246
39 20 0.000313428244917216534
39 24 0.00183512723130376345
39 25 0.000314862921749713295
39 34 0.00249954626572346369
39 35 0.00067564425262035409
39 38 0.00257053402986734229
39 39 0.00380608330995123399
39 41 3.03358354797146508e-05
39 52 0.000178269855132559568
39 54 1.02195260421937448e-06
40 24 0.00352176844974049028
40 26 0.00444867982273024817
40 38 0.00444867982273024817
40 40 0.0294476883956346636
40 41 0.0008236936825824642
40 42 0.00490041119104197252
40 43 0.000375444745972412861
40 53 0.00490041119104197252
40 54 0.000375444745972412916
40 55 0.00404183379131324745
40 56 0.00127665273252955359
41 24 0.0017790150624048609
41 25 9.83814266734196643e-06
41 26 0.000795872713385931477
41 27 3.03358354797146508e-05
41 38 0.000795872713385931585
41 39 3.03358354797146508e-05
41 40 0.0008236936825824642
41 41 0.000426909845056107936
41 43 2.34313053394628421e-06
41 54 2.34313053394628421e-06
42 26 0.00372243215859092286
42 28 0.0036423755806652019
42 40 0.00490041119104197252
42 42 0.0280773191122825581
42 43 0.00192431113875528997
42 44 0.00241102902988908456
42 45 0.00314637886301905685
42 55 0.00395787987801770463
42 56 0.00150120275689125571
42 57 0.000808958098974610763
42 58 0.00488325895105582494
43 26 0.0015909819690589121
43 27 1.02195260421937448e-06
43 28 0.00176261301119561052
43 29 5.59240014275037335e-05
43 40 0.000375444745972412861
43 41 2.34313053394628421e-06
43 42 0.00192431113875528997
43 43 0.000695862146923691203
43 45 9.24901071114365319e-05
43 56 5.73096220575010852e-06
43 58 5.55184523064586167e-06
44 28 0.000974686260184077407
44 31 0.00038397211640966842
44 42 0.00241102902988908456
44 44 0.00625660727509375243
44 45 0.00654700035597999275
44 46 0.00066991921107349933
44 57 0.000233014823950260046
44 58 0.00417342945050245932
44 59 0.00135918618443722338
45 28 0.00468129447017526061
45 29 4.05381627553701726e-05
45 31 0.00394700794700647735
45 32 0.00183023894695582873
45 42 0.00314637886301905685
45 43 9.24901071114365319e-05
45 44 0.00654700035597999275
45 45 0.0174432670320369201
45 46 0.00596097676229120042
45 58 0.00176692281155013285
45 59 0.00458694391035343197
45 112 0.000136090140360321761
45 118 0.000913253802928399379
46 31 0.00141754557146007206
46 32 0.00452531362571842802
46 33 0.00195763867380517945
46 44 0.00066991921107349933
46 45 0.00596097676229120042
46 46 0.0205590761725244001
46 59 0.00195763867380517945
46 112 0.00596097676229120042
46 113 0.00066991921107349933
46 118 0.00452531362571842802
46 119 0.00141754557146007249
47 34 0.00100956786105631182
47 36 2.83531059865629686e-05
47 47 0.00698813987723848236
47 48 0.0039499423022557904
47 49 3.75736556810648162e-05
47 51 0.00151471476880127688
47 52 0.00330357465750366185
47 60 0.00144214522750681562
47 61 0.000116419881705491575
47 62 0.00478031019732011713
47 63 7.55858765541652191e-05
48 34 0.00299216490790311278
48 35 0.00210010017101285983
48 36 0.00212432574537802822
48 37 0.00317358620405339782
48 47 0.0039499423022557904
48 48 0.022191810413161657
48 49 0.000734907655079250315
48 50 0.00432654461954418319
48 52 0.00106239209235177564
48 60 0.00474368740755204583
48 62 0.00129922871506053003
48 117 0.000319837647552871141
48 121 0.00042433352472535425
48 123 8.14298053060756921e-06
49 36 1.33272083921201186e-05
49 47 3.75736556810648162e-05
49 48 0.000734907655079250315
49 49 0.000110292185744501574
49 50 7.52292511958530121e-05
49 60 0.000176009410703222707
50 36 8.11047704996287818e-05
50 37 0.00255473354568154249
50 48 0.00432654461954418319
50 49 7.52292511958530121e-05
50 50 0.0159410422298586901
50 60 0.00252419806387566828
50 109 8.11047704996287818e-05
50 114 0.00432654461954418319
50 115 7.52292511958530121e-05
50 117 0.00173904886339066298
50 120 0.00252419806387566828
50 121 0.00463049354819949823
50 122 0.000722616145891115521
51 34 0.00125445289974557804
51 38 0.003442601940783488
51 47 0.00151471476880127688
51 51 0.0207164070265878353
51 52 0.0038288384080596826
51 53 0.0036423755806652019
51 54 0.00176261301119561096
51 61 0.00134061816293898567
51 62 0.00374538755100670834
51 64 0.00097468626018407719
51 65 0.00468129447017526061
52 34 0.00424490181327227475
52 35 0.000203535023126593734
52 38 0.00183317772907121037
52 39 0.000178269855132559568
52 47 0.00330357465750366185
52 48 0.00106239209235177564
52 51 0.0038288384080596826
52 52 0.00539116512456145822
52 54 5.59240014275037335e-05
52 62 0.00079206900364243982
52 65 4.05381627553701794e-05
53 38 0.00372243215859092286
53 40 0.00490041119104197252
53 51 0.0036423755806652019
53 53 0.0280773191122825581
53 54 0.00192431113875529041
53 55 0.00395787987801770463
53 56 0.00150120275689125549
53 64 0.00241102902988908456
53 65 0.00314637886301905685
53 66 0.000808958098974610763
53 67 0.00488325895105582494
54 38 0.0015909819690589121
54 39 1.02195260421937448e-06
54 40 0.000375444745972412916
54 41 2.34313053394628421e-06
54 51 0.00176261301119561096
54 52 5.59240014275037335e-05
54 53 0.00192431113875529041
54 54 0.000695862146923691312
54 56 5.73096220575010852e-06
54 65 9.24901071114365183e-05
54 67 5.55184523064586167e-06
55 40 0.00404183379131324745
55 42 0.00395787987801770463
55 53 0.00395787987801770463
55 55 0.0232185689159246124
55 56 0.00456044576796636389
55 57 0.000676763024833343862
55 58 0.00491448401381413061
55 66 0.000676763024833343754
55 67 0.00491448401381413061
55 68 0.00515652595917598724
56 40 0.00127665273252955359
56 42 0.00150120275689125571
56 43 5.73096220575010852e-06
56 53 0.00150120275689125549
56 54 5.73096220575010852e-06
56 55 0.00456044576796636389
56 56 0.00151690550246493861
56 58 0.000301115952218118015
56 67 0.000301115952218118015
56 68 0.00104739826261491175
56 124 6.61662718253449645e-06
57 42 0.000808958098974610763
57 44 0.000233014823950260046
57 55 0.000676763024833343862
57 57 0.00132210036510350352
57 58 0.00410737551372409703
57 59 0.000142292356803355767
57 68 0.000587008147774103258
57 69 0.000109651307921955618
58 42 0.00488325895105582494
58 43 5.55184523064586167e-06
58 44 0.00417342945050245932
58 45 0.00176692281155013285
58 55 0.00491448401381413061
58 56 0.000301115952218118015
58 57 0.00410737551372409703
58 58 0.0291048675547171884
58 59 0.00610079607801866826
58 68 0.00612817663985348437
58 69 0.00251745200264480874
58 118 0.000948896608756037404
58 124 8.69700675620545998e-05
58 125 0.00501668741275931515
58 126 5.30625857175438372e-06
59 44 0.00135918618443722338
59 45 0.00458694391035343197
59 46 0.00195763867380517945
59 57 0.000142292356803355767
59 58 0.00610079607801866826
59 59 0.0118886343897427783
59 69 0.000224879643944546814
59 118 0.00602652980493936091
59 119 0.000181503351350180626
59 125 0.00253436364303110187
59 127 0.00012265513755334008
60 47 0.00144214522750681562
60 48 0.00474368740755204583
60 49 0.000176009410703222707
60 50 0.00252419806387566828
60 60 0.0289064233985306916
60 62 0.00534872857249138727
60 63 0.000254104825294704218
60 70 0.00253436364303110317
60 121 0.00392402629041502856
60 122 0.00110045144081111386
60 123 0.000175306672625617142
60 128 0.00417969718309543162
60 129 0.00501668741275931342
60 130 0.000782391099079811966
61 47 0.000116419881705491575
61 51 0.00134061816293898567
61 61 0.00364402902996210877
61 62 0.00419904348042572304
61 63 4.36286238756233388e-05
61 64 0.000383972116409668366
61 65 0.00394700794700647822
61 70 0.000181503351350180626
61 71 0.00141754557146007228
62 47 0.00478031019732011713
62 48 0.00129922871506053003
62 51 0.00374538755100670834
62 52 0.00079206900364243982
62 60 0.00534872857249138727
62 61 0.00419904348042572304
62 62 0.0263387681553039141
62 63 0.00118529084938227315
62 65 0.00183023894695582916
62 70 0.00602652980493936005
62 71 0.00452531362571842802
62 123 9.27749612789223712e-06
62 129 0.000948896608756037404
62 131 0.000913253802928399487
63 47 7.55858765541652191e-05
63 60 0.000254104825294704218
63 61 4.36286238756233388e-05
63 62 0.00118529084938227315
63 63 0.000221554375588289907
63 70 0.000122655137553340026
64 51 0.00097468626018407719
64 53 0.00241102902988908456
64 61 0.000383972116409668366
64 64 0.00625660727509375243
64 65 0.00654700035597999275
64 66 0.000233014823950260073
64 67 0.00417342945050245932
64 71 0.000669919211073499222
64 72 0.00135918618443722381
65 51 0.00468129447017526061
65 52 4.05381627553701794e-05
65 53 0.00314637886301905685
65 54 9.24901071114365183e-05
65 61 0.00394700794700647822
65 62 0.00183023894695582916
65 64 0.00654700035597999275
65 65 0.0174432670320369201
65 67 0.00176692281155013328
65 71 0.00596097676229119956
65 72 0.00458694391035343284
65 131 0.000136090140360321733
65 132 0.000913253802928399271
66 53 0.000808958098974610763
66 55 0.000676763024833343754
66 64 0.000233014823950260073
66 66 0.00132210036510350352
66 67 0.00410737551372409703
66 68 0.000587008147774103041
66 72 0.000142292356803355767
66 73 0.000109651307921955591
67 53 0.00488325895105582494
67 54 5.55184523064586167e-06
67 55 0.00491448401381413061
67 56 0.000301115952218118015
67 64 0.00417342945050245932
67 65 0.00176692281155013328
67 66 0.00410737551372409703
67 67 0.0291048675547171884
67 68 0.00612817663985348437
67 72 0.00610079607801866913
67 73 0.00251745200264480874
67 124 8.69700675620545998e-05
67 132 0.000948896608756037512
67 133 0.00501668741275931428
67 134 5.30625857175438372e-06
68 55 0.00515652595917598724
68 56 0.00104739826261491175
68 57 0.000587008147774103258
68 58 0.00612817663985348437
68 66 0.000587008147774103041
68 67 0.00612817663985348437
68 68 0.0306438744277064343
68 69 0.000572611278018073403
68 73 0.000572611278018073403
68 124 0.00390238616910892292
68 125 0.00417969718309543076
68 133 0.00417969718309543076
68 135 0.00137915980472138396
69 57 0.000109651307921955618
69 58 0.00251745200264480874
69 59 0.000224879643944546814
69 68 0.000572611278018073403
69 69 0.000780667081433983334
69 125 0.000782391099079812399
70 60 0.00253436364303110317
70 61 0.000181503351350180626
70 62 0.00602652980493936005
70 63 0.000122655137553340026
70 70 0.0118886343897427749
70 71 0.00195763867380517945
70 129 0.00610079607801866913
70 130 0.000224879643944546679
70 131 0.00458694391035343284
70 136 0.000142292356803355713
70 137 0.00135918618443722381
71 61 0.00141754557146007228
71 62 0.00452531362571842802
71 64 0.000669919211073499222
71 65 0.00596097676229119956
71 70 0.00195763867380517945
71 71 0.0205590761725244001
71 72 0.00195763867380517988
71 131 0.00596097676229120042
71 132 0.00452531362571842802
71 137 0.00066991921107349933
71 138 0.00141754557146007206
72 64 0.00135918618443722381
72 65 0.00458694391035343284
72 66 0.000142292356803355767
72 67 0.00610079607801866913
72 71 0.00195763867380517988
72 72 0.0118886343897427801
72 73 0.00022487964394454676
72 132 0.00602652980493936091
72 133 0.00253436364303110187
72 138 0.000181503351350180626
72 139 0.00012265513755334008
73 66 0.000109651307921955591
73 67 0.00251745200264480874
73 68 0.000572611278018073403
73 72 0.00022487964394454676
73 73 0.000780667081433983226
73 133 0.000782391099079812399
74 5 2.43768973728200021e-05
74 8 2.63120447104383222e-05
74 74 6.09212797851873769e-05
74 75 7.14455877604570561e-06
74 76 0.000540885969346214255
74 77 1.07115856099194092e-05
74 78 7.71095664476067935e-05
74 79 1.48595255585118353e-05
75 5 0.000413935321235519562
75 12 0.000180632991306161738
75 74 7.14455877604570561e-06
75 75 0.000802669630772800307
75 76 0.00119741635614411071
75 77 0.000227575162057826294
75 80 4.41323829019090697e-05
75 81 0.00223702706043726581
75 82 7.58191854476422959e-05
76 5 0.00314577763176618298
76 8 0.00224761830425927994
76 74 0.000540885969346214255
76 75 0.00119741635614411071
76 76 0.0182611262244117868
76 77 0.00305445262710262941
76 78 0.00305237134693481542
76 79 0.00176175564623724497
76 81 0.002166177854566386
76 91 0.000860199152964068788
76 92 7.73457074754607958e-05
76 145 0.00147188136544389495
76 147 0.000313428244917216534
76 160 2.18591586956688101e-06
77 74 1.07115856099194092e-05
77 75 0.000227575162057826294
77 76 0.00305445262710262941
77 77 0.00979205577664844611
77 79 0.000508463166285132596
77 81 0.00267401496932310112
77 82 0.00119068377005710196
77 145 0.00259593770106980679
77 146 0.00181001925441034777
77 147 0.00402230407186884333
77 148 0.00136753598450670708
78 8 0.00203220775060825119
78 74 7.71095664476067935e-05
78 76 0.00305237134693481542
78 78 0.018378399355159742
78 79 0.00153559652537342485
78 87 0.000301659463320240755
78 88 0.00272674310964631742
78 90 0.00203220775060825119
78 91 0.00102977404982987982
78 140 7.7109566447606807e-05
78 141 0.00305237134693481585
78 145 0.00162770307214080232
78 159 0.00102977404982987982
78 160 6.81021222830899373e-05
79 74 1.48595255585118353e-05
79 76 0.00176175564623724497
79 77 0.000508463166285132596
79 78 0.00153559652537342485
79 79 0.00333940927805174981
79 140 1.48595255585118404e-05
79 141 0.00176175564623724475
79 142 0.000508463166285132596
79 145 0.00402846435935445748
79 146 0.000468750695252072042
80 12 0.000603803575087478485
80 16 8.11047704996287818e-05
80 75 4.41323829019090697e-05
80 80 0.000991325740540617908
80 81 0.00179709852506349617
80 82 0.000318851153827669231
80 83 1.33272083921201186e-05
80 84 0.00212432574537802822
80 85 2.83531059865629686e-05
81 5 0.00281439931439947432
81 12 0.00347618319945064728
81 75 0.00223702706043726581
81 76 0.002166177854566386
81 77 0.00267401496932310112
81 80 0.00179709852506349617
81 81 0.0164044614768724256
81 82 0.00359153275421934121
81 84 0.00210010017101285983
81 92 0.00019140022326340046
81 93 2.56958720871351424e-05
81 147 0.000675644252620354198
81 149 0.000203535023126593734
82 75 7.58191854476422959e-05
82 77 0.00119068377005710196
82 80 0.000318851153827669231
82 81 0.00359153275421934121
82 82 0.0122439523741114872
82 84 0.00299216490790311278
82 85 0.00100956786105631182
82 147 0.00249954626572346326
82 148 0.00248101401304281696
82 149 0.00424490181327227389
82 150 0.00125445289974557804
83 16 7.52292511958530257e-05
83 80 1.33272083921201186e-05
83 83 0.000110292185744501587
83 84 0.000734907655079250531
83 85 3.7573655681064823e-05
83 86 0.000176009410703222734
84 12 0.00317358620405339782
84 16 0.00432654461954418319
84 80 0.00212432574537802822
84 81 0.00210010017101285983
84 82 0.00299216490790311278
84 83 0.000734907655079250531
84 84 0.022191810413161657
84 85 0.0039499423022557904
84 86 0.0047436874075520467
84 93 0.000319837647552871196
84 95 0.00042433352472535425
84 149 0.00106239209235177543
84 152 0.00129922871506053003
84 161 8.14298053060756752e-06
85 80 2.83531059865629686e-05
85 82 0.00100956786105631182
85 83 3.7573655681064823e-05
85 84 0.0039499423022557904
85 85 0.00698813987723848323
85 86 0.0014421452275068154
85 149 0.00330357465750366185
85 150 0.00151471476880127667
85 151 7.55858765541652056e-05
85 152 0.00478031019732011713
85 153 0.000116419881705491588
86 16 0.00252419806387566828
86 83 0.000176009410703222734
86 84 0.0047436874075520467
86 85 0.0014421452275068154
86 86 0.0289064233985306916
86 94 0.00110045144081111386
86 95 0.00392402629041502856
86 96 0.00417969718309543076
86 151 0.000254104825294704164
86 152 0.0053487285724913864
86 154 0.00253436364303110274
86 161 0.000175306672625617142
86 162 0.000782391099079812182
86 163 0.00501668741275931342
87 7 0.000301659463320240809
87 8 0.000160345361932775251
87 23 0.000160345361932775251
87 78 0.000301659463320240755
87 87 0.000666287298750260098
87 88 0.0022277986572194204
87 89 0.000301659463320240755
87 90 0.000160345361932775251
88 7 0.00272674310964631742
88 8 0.0024349493236877919
88 23 0.0024349493236877919
88 78 0.00272674310964631742
88 87 0.0022277986572194204
88 88 0.0129934302522874915
88 89 0.00272674310964631742
88 90 0.0024349493236877919
88 91 0.000434497083105979235
88 102 0.000434497083105979235
88 103 7.27866855378151287e-07
88 159 0.000434497083105979235
88 160 7.27866855378151287e-07
88 167 7.27866855378151287e-07
89 23 0.00203220775060825119
89 87 0.000301659463320240755
89 88 0.00272674310964631742
89 89 0.0183783993551597455
89 90 0.00203220775060825119
89 97 7.71095664476067935e-05
89 98 0.00305237134693481542
89 101 0.00153559652537342485
89 102 0.00102977404982987982
89 155 7.71095664476067935e-05
89 156 0.00305237134693481542
89 159 0.00102977404982987982
89 165 0.00162770307214080276
89 167 6.81021222830899238e-05
90 78 0.00203220775060825119
90 87 0.000160345361932775251
90 88 0.0024349493236877919
90 89 0.00203220775060825119
90 90 0.00804779533262397519
90 140 2.63120447104383154e-05
90 141 0.00224761830425927994
90 143 0.00138327950049041415
90 155 2.63120447104383154e-05
90 156 0.00224761830425927994
90 159 0.00390527735226800597
91 4 0.000860199152964068788
91 5 0.00175554046041336725
91 7 0.00102977404982987982
91 8 0.0039052773522680051
91 76 0.000860199152964068788
91 78 0.00102977404982987982
91 88 0.000434497083105979235
91 91 0.00265907236011956628
91 92 2.80373424714290057e-05
91 103 5.64053151493914673e-07
91 160 5.64053151493914673e-07
92 4 7.73457074754607958e-05
92 5 0.00164717884315858766
92 11 0.00019140022326340046
92 12 0.0009832938783602258
92 76 7.73457074754607958e-05
92 81 0.00019140022326340046
92 91 2.80373424714290057e-05
92 92 0.00045521850758203328
92 93 7.43039897391812318e-06
93 11 2.56958720871351424e-05
93 12 0.00149721161901553721
93 15 0.000319837647552871196
93 16 0.00173904886339066277
93 81 2.56958720871351424e-05
93 84 0.000319837647552871196
93 92 7.43039897391812318e-06
93 93 0.000648554706929386961
93 95 6.70365901808213957e-05
94 16 0.000722616145891115413
94 17 0.00110045144081111386
94 86 0.00110045144081111386
94 94 0.00235732569059099581
94 95 0.00375689786304057773
94 96 0.00137915980472138396
95 15 0.00042433352472535425
95 16 0.00463049354819949823
95 17 0.00392402629041502856
95 84 0.00042433352472535425
95 86 0.00392402629041502856
95 93 6.70365901808213957e-05
95 94 0.00375689786304057773
95 95 0.00812954814059834233
95 96 0.00390238616910892379
95 104 3.59543627302857179e-06
95 106 8.69700675620546404e-05
95 161 3.59543627302857221e-06
95 163 8.6970067562054654e-05
95 168 6.6166271825344973e-06
96 17 0.00417969718309543076
96 86 0.00417969718309543076
96 94 0.00137915980472138396
96 95 0.00390238616910892379
96 96 0.0306438744277064412
96 105 0.000572611278018073295
96 106 0.0061281766398534861
96 107 0.000587008147774103258
96 162 0.000572611278018073295
96 163 0.0061281766398534861
96 164 0.000587008147774103258
96 168 0.00104739826261491175
96 169 0.00515652595917598898
97 22 2.43768973728199987e-05
97 23 2.63120447104383154e-05
97 89 7.71095664476067935e-05
97 97 6.09212797851873836e-05
97 98 0.000540885969346214255
97 99 7.14455877604570476e-06
97 100 1.07115856099194092e-05
97 101 1.48595255585118353e-05
98 22 0.00314577763176618298
98 23 0.00224761830425927994
98 89 0.00305237134693481542
98 97 0.000540885969346214255
98 98 0.0182611262244117868
98 99 0.00119741635614411049
98 100 0.00305445262710262941
98 101 0.00176175564623724497
98 102 0.000860199152964068788
98 108 0.002166177854566386
98 111 7.73457074754607823e-05
98 165 0.00147188136544389538
98 167 2.18591586956688101e-06
98 170 0.000313428244917216534
99 22 0.000413935321235519617
99 37 0.000180632991306161738
99 97 7.14455877604570476e-06
99 98 0.00119741635614411049
99 99 0.000802669630772800523
99 100 0.000227575162057826294
99 108 0.00223702706043726581
99 109 4.41323829019090697e-05
99 110 7.58191854476422688e-05
100 97 1.07115856099194092e-05
100 98 0.00305445262710262941
100 99 0.000227575162057826294
100 100 0.00979205577664844437
100 101 0.000508463166285132704
100 108 0.00267401496932310068
100 110 0.00119068377005710174
100 165 0.00259593770106980679
100 166 0.00181001925441034777
100 170 0.00402230407186884333
100 171 0.00136753598450670708
101 89 0.00153559652537342485
101 97 1.48595255585118353e-05
101 98 0.00176175564623724497
101 100 0.000508463166285132704
101 101 0.00333940927805174894
101 155 1.48595255585118353e-05
101 156 0.00176175564623724475
101 157 0.000508463166285132704
101 165 0.00402846435935445661
101 166 0.00046875069525207188
102 7 0.00102977404982987982
102 20 0.000860199152964068897
102 22 0.00175554046041336703
102 23 0.00390527735226800553
102 88 0.000434497083105979235
102 89 0.00102977404982987982
102 98 0.000860199152964068788
102 102 0.00265907236011956672
102 103 5.64053151493914673e-07
102 111 2.80373424714289922e-05
102 167 5.64053151493914673e-07
103 4 2.18591586956688101e-06
103 7 6.81021222830899238e-05
103 20 2.18591586956688101e-06
103 25 1.21096429339076732e-06
103 88 7.27866855378151287e-07
103 91 5.64053151493914673e-07
103 102 5.64053151493914673e-07
103 103 2.85748368241414792e-06
104 15 8.14298053060756752e-06
104 17 0.000175306672625617115
104 32 9.27749612789223712e-06
104 95 3.59543627302857179e-06
104 104 1.11448697604918155e-05
104 106 5.30625857175438372e-06
105 17 0.000782391099079812182
105 33 0.000224879643944546679
105 96 0.000572611278018073295
105 105 0.000780667081433982901
105 106 0.00251745200264480787
105 107 0.000109651307921955577
106 17 0.00501668741275931342
106 32 0.000948896608756037404
106 33 0.00610079607801866999
106 95 8.69700675620546404e-05
106 96 0.0061281766398534861
106 104 5.30625857175438372e-06
106 105 0.00251745200264480787
106 106 0.0291048675547171849
106 107 0.00410737551372409703
106 112 0.00176692281155013328
106 113 0.00417342945050246019
106 168 0.000301115952218117906
106 169 0.00491448401381413061
106 172 0.0048832589510558232
106 173 5.55184523064585998e-06
107 33 0.000142292356803355767
107 96 0.000587008147774103258
107 105 0.000109651307921955577
107 106 0.00410737551372409703
107 107 0.00132210036510350373
107 113 0.0002330148239502601
107 169 0.000676763024833343862
107 172 0.000808958098974610655
108 22 0.00281439931439947432
108 37 0.00347618319945064728
108 98 0.002166177854566386
108 99 0.00223702706043726581
108 100 0.00267401496932310068
108 108 0.0164044614768724256
108 109 0.00179709852506349617
108 110 0.00359153275421934121
108 111 0.000191400223263400488
108 114 0.00210010017101285983
108 117 2.56958720871351424e-05
108 170 0.000675644252620354198
108 174 0.000203535023126593707
109 37 0.000603803575087478485
109 50 8.11047704996287818e-05
109 99 4.41323829019090697e-05
109 108 0.00179709852506349617
109 109 0.000991325740540617908
109 110 0.000318851153827669231
109 114 0.00212432574537802822
109 115 1.33272083921201152e-05
109 116 2.83531059865629686e-05
110 99 7.58191854476422688e-05
110 100 0.00119068377005710174
110 108 0.00359153275421934121
110 109 0.000318851153827669231
110 110 0.0122439523741114855
110 114 0.00299216490790311278
110 116 0.00100956786105631182
110 170 0.00249954626572346326
110 171 0.00248101401304281653
110 174 0.00424490181327227302
110 175 0.00125445289974557804
111 20 7.73457074754607823e-05
111 22 0.00164717884315858766
111 35 0.000191400223263400488
111 37 0.000983293878360226017
111 98 7.73457074754607823e-05
111 102 2.80373424714289922e-05
111 108 0.000191400223263400488
111 111 0.000455218507582033172
111 117 7.43039897391812318e-06
112 32 0.000913253802928399487
112 33 0.00458694391035343284
112 45 0.000136090140360321761
112 46 0.00596097676229120042
112 106 0.00176692281155013328
112 112 0.0174432670320369167
112 113 0.00654700035597999361
112 118 0.00183023894695582938
112 119 0.00394700794700647735
112 172 0.00314637886301905555
112 173 9.24901071114365454e-05
112 176 0.00468129447017526061
112 177 4.05381627553701726e-05
113 33 0.00135918618443722403
113 46 0.00066991921107349933
113 106 0.00417342945050246019
113 107 0.0002330148239502601
113 112 0.00654700035597999361
113 113 0.00625660727509375417
113 119 0.000383972116409668474
113 172 0.00241102902988908413
113 176 0.00097468626018407719
114 37 0.00317358620405339782
114 50 0.00432654461954418319
114 108 0.00210010017101285983
114 109 0.00212432574537802822
114 110 0.00299216490790311278
114 114 0.0221918104131616535
114 115 0.000734907655079250423
114 116 0.0039499423022557904
114 117 0.000319837647552871141
114 120 0.00474368740755204583
114 121 0.00042433352472535425
114 174 0.00106239209235177564
114 178 0.00129922871506053003
114 181 8.14298053060756752e-06
115 50 7.52292511958530121e-05
115 109 1.33272083921201152e-05
115 114 0.000734907655079250423
115 115 0.000110292185744501574
115 116 3.75736556810648162e-05
115 120 0.000176009410703222707
116 109 2.83531059865629686e-05
116 110 0.00100956786105631182
116 114 0.0039499423022557904
116 115 3.75736556810648162e-05
116 116 0.00698813987723848323
116 120 0.00144214522750681562
116 174 0.00330357465750366185
116 175 0.00151471476880127688
116 178 0.00478031019732011626
116 179 7.5585876554165192e-05
116 180 0.000116419881705491575
117 35 2.56958720871351424e-05
117 37 0.00149721161901553764
117 48 0.000319837647552871141
117 50 0.00173904886339066298
117 108 2.56958720871351424e-05
117 111 7.43039897391812318e-06
117 114 0.000319837647552871141
117 117 0.00064855470692938707
117 121 6.70365901808213821e-05
118 45 0.000913253802928399379
118 46 0.00452531362571842802
118 58 0.000948896608756037404
118 59 0.00602652980493936091
118 112 0.00183023894695582938
118 118 0.0263387681553039106
118 119 0.00419904348042572477
118 125 0.0053487285724913864
118 126 9.27749612789224729e-06
118 127 0.00118529084938227337
118 176 0.0037453875510067079
118 177 0.000792069003642440145
118 182 0.0012992287150605296
118 183 0.00478031019732011713
119 46 0.00141754557146007249
119 59 0.000181503351350180626
119 112 0.00394700794700647735
119 113 0.000383972116409668474
119 118 0.00419904348042572477
119 119 0.0036440290299621092
119 127 4.36286238756233456e-05
119 176 0.00134061816293898589
119 183 0.000116419881705491588
120 50 0.00252419806387566828
120 114 0.00474368740755204583
120 115 0.000176009410703222707
120 116 0.00144214522750681562
120 120 0.0289064233985306951
120 121 0.00392402629041502856
120 122 0.00110045144081111386
120 128 0.00417969718309543162
120 178 0.00534872857249138814
120 179 0.000254104825294704218
120 181 0.000175306672625617142
120 184 0.00253436364303110361
120 185 0.00501668741275931342
120 186 0.000782391099079812182
121 48 0.00042433352472535425
121 50 0.00463049354819949823
121 60 0.00392402629041502856
121 114 0.00042433352472535425
121 117 6.70365901808213821e-05
121 120 0.00392402629041502856
121 121 0.00812954814059834233
121 122 0.00375689786304057817
121 123 3.59543627302857179e-06
121 128 0.00390238616910892379
121 129 8.69700675620546404e-05
121 181 3.59543627302857179e-06
121 185 8.69700675620546404e-05
121 187 6.6166271825344973e-06
122 50 0.000722616145891115521
122 60 0.00110045144081111386
122 120 0.00110045144081111386
122 121 0.00375689786304057817
122 122 0.00235732569059099581
122 128 0.00137915980472138396
123 48 8.14298053060756921e-06
123 60 0.000175306672625617142
123 62 9.27749612789223712e-06
123 121 3.59543627302857179e-06
123 123 1.11448697604918155e-05
123 129 5.30625857175438372e-06
124 56 6.61662718253449645e-06
124 58 8.69700675620545998e-05
124 67 8.69700675620545998e-05
124 68 0.00390238616910892292
124 124 0.00812954814059834059
124 125 0.00392402629041502856
124 126 3.59543627302856798e-06
124 133 0.00392402629041502769
124 134 3.59543627302856798e-06
124 135 0.00375689786304057773
124 182 0.000424333524725354196
124 188 0.000424333524725354033
124 189 0.00463049354819950083
124 190 6.70365901808213686e-05
125 58 0.00501668741275931515
125 59 0.00253436364303110187
125 68 0.00417969718309543076
125 69 0.000782391099079812399
125 118 0.0053487285724913864
125 124 0.00392402629041502856
125 125 0.0289064233985306986
125 126 0.000175306672625617169
125 127 0.000254104825294704218
125 135 0.00110045144081111386
