% 564x564 12492 nonzeros
1 1 0.0778766489217922742
1 2 -0.0299851051967459266
1 3 -0.000233663078502501946
1 4 -0.0825192789770745061
1 5 -0.00217713538579736299
1 6 -0.0188026168535488161
1 7 0.0134187886159968742
1 8 -0.282951257269583256
1 9 0.124422160603639573
1 10 -0.00419658821275029764
1 11 -0.000233663078502501973
1 12 -0.0188026168535488161
1 13 0.0134187886159968899
1 14 -0.00419658821275029591
1 15 -0.0299851051967459648
1 16 -0.00217713538579734998
1 17 0.0134187886159969003
1 18 0.124422160603639725
1 19 -0.000233663078502502488
1 20 -0.0188026168535488092
1 21 0.0134187886159968794
1 22 -0.00419658821275029591
1 23 -0.0299851051967459301
1 24 -0.00217713538579736732
1 25 0.0134187886159968829
1 26 0.124422160603639614
1 27 0.0134187886159968899
2 1 -0.0299851051967459266
2 2 0.28190300265731405
2 3 0.0490845681525633945
2 4 -0.00554826628369867181
2 5 -0.0087026431784418129
2 6 0.0166318531874052912
2 7 -0.122655625698347287
2 8 0.113737097583395272
2 9 -0.347339134634529145
2 10 0.128804216769449087
2 11 0.0490845681525634986
2 12 0.0166318531874053085
2 13 -0.12265562569834744
2 14 0.128804216769449142
2 28 -0.0276515523575906717
2 29 0.01053682461224042
2 30 -0.014407364363273098
2 31 -0.0485893501483650736
2 32 -0.124925791766555938
2 33 0.0652951905254256781
2 34 -0.400760362435043649
2 35 0.17762444303128494
2 36 -0.00873842637931187063
2 37 0.0105368246122404165
2 38 -0.124925791766555952
2 39 0.0652951905254257198
2 40 -0.00873842637931186196
2 41 0.0977347394711604034
2 42 0.0709736986907731904
2 43 -0.0557632598039110305
2 44 0.0977347394711603895
2 45 0.0709736986907732459
3 1 -0.000233663078502501946
3 2 0.0490845681525633945
3 3 1.19860726512634086
3 4 0.142542212569750776
3 5 0.00344835478329356916
3 6 -0.0134608306545336877
3 7 -0.273929158943711004
3 8 0.00771889261547777615
3 9 0.113771263447002363
3 10 -0.655953126772474637
3 15 0.0490845681525633876
3 16 0.00344835478329357696
3 17 -0.273929158943711115
3 18 0.113771263447002446
3 29 0.195629869150720337
3 30 0.00568941255783582747
3 32 0.0628028691697688074
3 34 0.0391408649779358894
3 36 -0.00196690237645912036
3 41 -0.625086988201637661
3 42 -0.0116175389662877757
3 43 -0.0202394156180357027
3 69 0.195629869150720503
3 70 0.00568941255783582574
3 71 0.0628028691697688768
3 72 -0.625086988201638105
3 73 0.0391408649779359658
3 74 -0.0116175389662879248
3 75 -0.00196690237645907179
3 76 -0.0202394156180357374
3 87 0.0117964483858568302
3 88 -0.0572188218702909118
3 89 -0.277157522659252475
3 90 0.105549758948433617
3 91 0.460473559231691643
3 92 -0.0785027571157368431
3 93 -0.001063725190406513
3 94 0.0294731478846733119
3 95 0.105549758948433492
3 96 -0.0785027571157369264
3 97 0.0294731478846733466
3 98 -0.00254538340437465965
4 1 -0.0825192789770745061
4 2 -0.00554826628369867181
4 3 0.142542212569750776
4 4 2.24881955592585969
4 5 0.0111997591652148922
4 6 -0.00445165258777429924
4 7 -0.0467832066576564093
4 8 0.35763331882027094
4 9 0.188199593368885754
4 10 -0.724287703311916387
4 11 0.142542212569750748
4 12 -0.00445165258777426021
4 13 -0.0467832066576564023
4 14 -0.724287703311916387
4 15 -0.00554826628369868308
4 16 0.0111997591652149009
4 17 -0.0467832066576564093
4 18 0.188199593368885809
4 19 0.142542212569750859
4 20 -0.00445165258777428449
4 21 -0.046783206657656444
4 22 -0.72428770331191672
4 23 -0.00554826628369867528
4 24 0.011199759165214894
4 25 -0.0467832066576564023
4 26 0.188199593368885781
4 27 -0.0467832066576564232
4 30 0.189564101931178397
4 34 -0.0877741016721411693
4 42 0.06379783653414485
4 43 -0.60339511757846509
4 45 0.0637978365341450721
4 70 0.189564101931178397
4 73 -0.0877741016721411971
4 74 0.0637978365341449472
4 76 -0.60339511757846509
4 85 0.0637978365341450165
4 88 -0.00339840199501841326
4 91 0.033364686250270538
4 94 0.0133629871898493808
4 97 0.0133629871898494016
4 98 -0.0380815425786473066
4 186 0.189564101931178397
4 187 -0.0877741016721411554
4 188 0.063797836534144961
4 189 -0.60339511757846509
4 194 0.0637978365341450304
4 204 -0.00339840199501841933
4 205 0.0333646862502705588
4 207 0.0133629871898493912
4 212 -0.0380815425786473205
4 213 0.0133629871898494016
4 234 -0.00339840199501841977
4 235 0.0333646862502705657
4 236 -0.0380815425786473205
4 237 0.0133629871898494051
4 238 0.0133629871898493964
5 1 -0.00217713538579736299
5 2 -0.0087026431784418129
5 3 0.00344835478329356916
5 4 0.0111997591652148922
5 5 0.00750544877917798392
5 6 -0.00178670694376786236
5 7 -7.92790545496155412e-05
5 8 0.00113105183777218008
5 9 0.0223545381058763599
5 10 -0.0172378784468772105
5 11 0.00344835478329356699
5 12 -0.00178670694376786236
5 13 -7.92790545496120853e-05
5 14 -0.0172378784468772105
6 1 -0.0188026168535488161
6 2 0.0166318531874052912
6 3 -0.0134608306545336877
6 4 -0.00445165258777429924
6 5 -0.00178670694376786236
6 6 0.0259470066660624638
6 7 -0.0131149486182308688
6 8 0.0598263891999714914
6 9 -0.0616004052202901303
6 10 0.070682119419590142
6 15 0.0166318531874053398
6 16 -0.00178670694376787927
6 17 -0.0131149486182309035
6 18 -0.0616004052202902899
7 1 0.0134187886159968742
7 2 -0.122655625698347287
7 3 -0.273929158943711004
7 4 -0.0467832066576564093
7 5 -7.92790545496155412e-05
7 6 -0.0131149486182308688
7 7 0.430208495856387263
7 8 -0.0455950872003164503
7 9 -0.0735124194032298339
7 10 0.0628561371976401606
7 29 0.0225312715729942062
7 30 0.00858546355260173671
7 32 -0.0452468206974868739
7 34 0.0116661934396274786
7 36 -0.156261037436839223
7 41 -0.0535211992422070446
7 42 0.343598965732963779
7 43 -0.0621665330156368837
8 1 -0.282951257269583256
8 2 0.113737097583395272
8 3 0.00771889261547777615
8 4 0.35763331882027094
8 5 0.00113105183777218008
8 6 0.0598263891999714914
8 7 -0.0455950872003164503
8 8 1.1074658316000765
8 9 -0.467323290454416562
8 10 -0.0179492640984884391
8 11 0.00771889261547776054
8 12 0.0598263891999714775
8 13 -0.0455950872003165059
8 14 -0.0179492640984883801
8 15 0.113737097583395466
8 16 0.00113105183777212912
8 17 -0.0455950872003165475
8 18 -0.467323290454417228
8 19 0.00771889261547776921
8 20 0.0598263891999714775
8 21 -0.0455950872003164989
8 22 -0.0179492640984884183
8 23 0.113737097583395258
8 24 0.00113105183777221629
8 25 -0.0455950872003164781
8 26 -0.467323290454416507
8 27 -0.0455950872003165059
9 1 0.124422160603639573
9 2 -0.347339134634529145
9 3 0.113771263447002363
9 4 0.188199593368885754
9 5 0.0223545381058763599
9 6 -0.0616004052202901303
9 7 -0.0735124194032298339
9 8 -0.467323290454416562
9 9 2.16446459089223575
9 10 -0.676862418877914873
9 11 0.113771263447002322
9 12 -0.0616004052202901789
9 13 -0.0735124194032297229
9 14 -0.676862418877914984
9 30 -0.112262373275539756
9 34 0.104207596604087321
9 42 -0.419763258486006874
9 43 0.559210795870639599
9 45 -0.419763258486006985
10 1 -0.00419658821275029764
10 2 0.128804216769449087
10 3 -0.655953126772474637
10 4 -0.724287703311916387
10 5 -0.0172378784468772105
10 6 0.070682119419590142
10 7 0.0628561371976401606
10 8 -0.0179492640984884391
10 9 -0.676862418877914873
10 10 3.88733395196772724
10 15 0.128804216769449281
10 16 -0.017237878446877266
10 17 0.0628561371976400912
10 18 -0.676862418877915539
10 30 0.0658772340303119125
10 34 -0.24894057789188162
10 42 -0.566051732010642294
10 43 0.000101662509442993626
10 70 0.0658772340303119264
10 73 -0.248940577891881593
10 74 -0.566051732010642628
10 76 0.000101662509443146282
10 88 0.00907663565436675653
10 91 -0.127918457069683383
10 94 -0.0679119491705156841
10 97 -0.0679119491705157119
10 98 0.201943044205604993
11 1 -0.000233663078502501973
11 2 0.0490845681525634986
11 4 0.142542212569750748
11 5 0.00344835478329356699
11 8 0.00771889261547776054
11 9 0.113771263447002322
11 11 1.1986072651263413
11 12 -0.0134608306545336565
11 13 -0.273929158943711282
11 14 -0.655953126772474526
11 23 0.0490845681525634223
11 24 0.00344835478329356482
11 25 -0.27392915894371106
11 26 0.113771263447002335
11 30 0.00568941255783582747
11 34 0.0391408649779358339
11 37 0.195629869150720337
11 38 0.0628028691697688074
11 40 -0.00196690237645915506
11 43 -0.0202394156180358206
11 44 -0.625086988201637883
11 45 -0.0116175389662876143
11 186 0.00568941255783582487
11 187 0.039140864977935938
11 188 -0.0116175389662878242
11 189 -0.0202394156180357339
11 190 0.195629869150720392
11 191 0.0628028691697688352
11 192 -0.625086988201637883
11 193 -0.00196690237645910648
11 204 -0.0572188218702909396
11 205 0.460473559231691865
11 206 -0.0785027571157368986
11 207 0.0294731478846733466
11 208 0.0117964483858568458
11 209 -0.277157522659252531
11 210 0.105549758948433617
11 211 -0.00106372519040652666
11 212 -0.00254538340437467005
11 213 0.0294731478846733293
11 214 0.10554975894843352
11 215 -0.0785027571157369541
12 1 -0.0188026168535488161
12 2 0.0166318531874053085
12 4 -0.00445165258777426021
12 5 -0.00178670694376786236
12 8 0.0598263891999714775
12 9 -0.0616004052202901789
12 11 -0.0134608306545336565
12 12 0.0259470066660624429
12 13 -0.0131149486182308896
12 14 0.0706821194195900171
12 23 0.0166318531874052912
12 24 -0.00178670694376785932
12 25 -0.0131149486182308775
12 26 -0.0616004052202901511
13 1 0.0134187886159968899
13 2 -0.12265562569834744
13 4 -0.0467832066576564023
13 5 -7.92790545496120853e-05
13 8 -0.0455950872003165059
13 9 -0.0735124194032297229
13 11 -0.273929158943711282
13 12 -0.0131149486182308896
13 13 0.430208495856387652
13 14 0.0628561371976400912
13 30 0.00858546355260173671
13 34 0.0116661934396275618
13 37 0.0225312715729941958
13 38 -0.0452468206974868947
13 40 -0.156261037436839251
13 43 -0.0621665330156368559
13 44 -0.053521199242206996
13 45 0.343598965732963724
14 1 -0.00419658821275029591
14 2 0.128804216769449142
14 4 -0.724287703311916387
14 5 -0.0172378784468772105
14 8 -0.0179492640984883801
14 9 -0.676862418877914984
14 11 -0.655953126772474526
14 12 0.0706821194195900171
14 13 0.0628561371976400912
14 14 3.8873339519677268
14 23 0.128804216769449087
14 24 -0.0172378784468772001
14 25 0.0628561371976401329
14 26 -0.676862418877914873
14 30 0.065877234030311857
14 34 -0.24894057789188162
14 43 0.000101662509443309346
14 45 -0.566051732010643072
14 186 0.0658772340303119402
14 187 -0.24894057789188162
14 188 -0.566051732010642628
14 189 0.000101662509443149751
14 204 0.00907663565436677561
14 205 -0.127918457069683467
14 207 -0.067911949170515698
14 212 0.201943044205605049
14 213 -0.0679119491705157396
15 1 -0.0299851051967459648
15 3 0.0490845681525633876
15 4 -0.00554826628369868308
15 6 0.0166318531874053398
15 8 0.113737097583395466
15 10 0.128804216769449281
15 15 0.281903002657314106
15 16 -0.008702643178441858
15 17 -0.122655625698347343
15 18 -0.347339134634529645
15 19 0.0490845681525634361
15 20 0.016631853187405312
15 21 -0.12265562569834737
15 22 0.128804216769449198
15 69 0.01053682461224042
15 70 -0.014407364363273098
15 71 -0.124925791766555938
15 72 0.0977347394711603479
15 73 -0.400760362435043704
15 74 0.0709736986907731765
15 75 -0.0087384263793118689
15 76 -0.0557632598039110444
15 77 -0.027651552357590703
15 78 -0.0485893501483650597
15 79 0.0652951905254257198
15 80 0.177624443031284995
15 81 0.0105368246122404165
15 82 -0.124925791766555938
15 83 0.0652951905254257337
15 84 -0.00873842637931186543
15 85 0.0709736986907732181
15 86 0.0977347394711604034
16 1 -0.00217713538579734998
16 3 0.00344835478329357696
16 4 0.0111997591652149009
16 6 -0.00178670694376787927
16 8 0.00113105183777212912
16 10 -0.017237878446877266
16 15 -0.008702643178441858
16 16 0.00750544877917800127
16 17 -7.92790545495951988e-05
16 18 0.0223545381058764883
16 19 0.00344835478329357219
16 20 -0.00178670694376787493
16 21 -7.92790545495991968e-05
16 22 -0.0172378784468772452
17 1 0.0134187886159969003
17 3 -0.273929158943711115
17 4 -0.0467832066576564093
17 6 -0.0131149486182309035
17 8 -0.0455950872003165475
17 10 0.0628561371976400912
17 15 -0.122655625698347343
17 16 -7.92790545495951988e-05
17 17 0.43020849585638743
17 18 -0.0735124194032295841
17 69 0.0225312715729941715
17 70 0.0085854635526017159
17 71 -0.0452468206974869572
17 72 -0.0535211992422068572
17 73 0.0116661934396273814
17 74 0.343598965732963835
17 75 -0.156261037436839251
17 76 -0.0621665330156368837
18 1 0.124422160603639725
18 3 0.113771263447002446
18 4 0.188199593368885809
18 6 -0.0616004052202902899
18 8 -0.467323290454417228
18 10 -0.676862418877915539
18 15 -0.347339134634529645
18 16 0.0223545381058764883
18 17 -0.0735124194032295841
18 18 2.16446459089223753
18 19 0.113771263447002474
18 20 -0.0616004052202902205
18 21 -0.0735124194032297645
18 22 -0.676862418877915428
18 70 -0.112262373275539756
18 73 0.104207596604087335
18 74 -0.419763258486006985
18 76 0.559210795870639599
18 85 -0.419763258486006985
19 1 -0.000233663078502502488
19 4 0.142542212569750859
19 8 0.00771889261547776921
19 15 0.0490845681525634361
19 16 0.00344835478329357219
19 18 0.113771263447002474
19 19 1.1986072651263413
19 20 -0.0134608306545336721
19 21 -0.273929158943711115
19 22 -0.65595312677247497
19 23 0.0490845681525634431
19 24 0.00344835478329356699
19 26 0.113771263447002308
19 27 -0.273929158943711115
19 70 0.0056894125578358162
19 73 0.0391408649779358617
19 76 -0.020239415618035772
19 81 0.195629869150720392
19 82 0.0628028691697688213
19 84 -0.00196690237645907873
19 85 -0.0116175389662877687
19 86 -0.625086988201637883
19 186 0.00568941255783583181
19 187 0.0391408649779359241
19 189 -0.020239415618035779
19 194 -0.0116175389662877826
19 195 0.195629869150720365
19 196 0.062802869169768849
19 197 -0.625086988201637883
19 198 -0.00196690237645907179
19 234 -0.0572188218702909326
19 235 0.460473559231691976
19 236 -0.00254538340437467569
19 237 0.0294731478846733397
19 238 0.0294731478846733327
19 239 -0.0785027571157369264
19 240 0.0117964483858568475
19 241 -0.277157522659252475
19 242 0.105549758948433464
19 243 -0.00106372519040651885
19 244 -0.0785027571157369541
19 245 0.105549758948433547
20 1 -0.0188026168535488092
20 4 -0.00445165258777428449
20 8 0.0598263891999714775
20 15 0.016631853187405312
20 16 -0.00178670694376787493
20 18 -0.0616004052202902205
20 19 -0.0134608306545336721
20 20 0.0259470066660624499
20 21 -0.0131149486182308775
20 22 0.0706821194195901004
20 23 0.0166318531874053051
20 24 -0.0017867069437678591
20 26 -0.061600405220290172
20 27 -0.0131149486182308896
21 1 0.0134187886159968794
21 4 -0.046783206657656444
21 8 -0.0455950872003164989
21 15 -0.12265562569834737
21 16 -7.92790545495991968e-05
21 18 -0.0735124194032297645
21 19 -0.273929158943711115
21 20 -0.0131149486182308775
21 21 0.43020849585638743
21 22 0.06285613719764023
21 70 0.00858546355260173498
21 73 0.0116661934396275341
21 76 -0.0621665330156368559
21 81 0.0225312715729941507
21 82 -0.0452468206974868392
21 84 -0.15626103743683914
21 85 0.343598965732963613
21 86 -0.0535211992422069821
22 1 -0.00419658821275029591
22 4 -0.72428770331191672
22 8 -0.0179492640984884183
22 15 0.128804216769449198
22 16 -0.0172378784468772452
22 18 -0.676862418877915428
22 19 -0.65595312677247497
22 20 0.0706821194195901004
22 21 0.06285613719764023
22 22 3.88733395196772813
22 23 0.128804216769449115
22 24 -0.017237878446877207
22 26 -0.676862418877915095
22 27 0.0628561371976401467
22 70 0.0658772340303118986
22 73 -0.24894057789188162
22 76 0.000101662509443191384
22 85 -0.56605173201064285
22 186 0.065877234030311857
22 187 -0.24894057789188162
22 189 0.000101662509443295468
22 194 -0.566051732010642739
22 234 0.00907663565436677561
22 235 -0.127918457069683467
22 236 0.201943044205605049
22 237 -0.0679119491705157396
22 238 -0.067911949170515698
23 1 -0.0299851051967459301
23 4 -0.00554826628369867528
23 8 0.113737097583395258
23 11 0.0490845681525634223
23 12 0.0166318531874052912
23 14 0.128804216769449087
23 19 0.0490845681525634431
23 20 0.0166318531874053051
23 22 0.128804216769449115
23 23 0.28190300265731405
23 24 -0.00870264317844179382
23 25 -0.122655625698347315
23 26 -0.34733913463452909
23 27 -0.122655625698347343
23 186 -0.0144073643632730859
23 187 -0.400760362435043538
23 188 0.0709736986907731765
23 189 -0.0557632598039110305
23 190 0.0105368246122404183
23 191 -0.124925791766555952
23 192 0.0977347394711604034
23 193 -0.0087384263793118689
23 194 0.0709736986907732181
23 195 0.0105368246122404287
23 196 -0.124925791766555966
23 197 0.0977347394711603756
23 198 -0.00873842637931188451
23 199 -0.027651552357590696
23 200 -0.0485893501483650458
23 201 0.0652951905254257475
23 202 0.177624443031284912
23 203 0.0652951905254257198
24 1 -0.00217713538579736732
24 4 0.011199759165214894
24 8 0.00113105183777221629
24 11 0.00344835478329356482
24 12 -0.00178670694376785932
24 14 -0.0172378784468772001
24 19 0.00344835478329356699
24 20 -0.0017867069437678591
24 22 -0.017237878446877207
24 23 -0.00870264317844179382
24 24 0.00750544877917797264
24 25 -7.92790545496151211e-05
24 26 0.022354538105876301
24 27 -7.92790545496164221e-05
25 1 0.0134187886159968829
25 4 -0.0467832066576564023
25 8 -0.0455950872003164781
25 11 -0.27392915894371106
25 12 -0.0131149486182308775
25 14 0.0628561371976401329
25 23 -0.122655625698347315
25 24 -7.92790545496151211e-05
25 25 0.430208495856387318
25 26 -0.0735124194032297784
25 186 0.00858546355260172631
25 187 0.0116661934396274508
25 188 0.343598965732963835
25 189 -0.062166533015636849
25 190 0.0225312715729942062
25 191 -0.0452468206974869155
25 192 -0.053521199242206996
25 193 -0.156261037436839306
26 1 0.124422160603639614
26 4 0.188199593368885781
26 8 -0.467323290454416507
26 11 0.113771263447002335
26 12 -0.0616004052202901511
26 14 -0.676862418877914873
26 19 0.113771263447002308
26 20 -0.061600405220290172
26 22 -0.676862418877915095
26 23 -0.34733913463452909
26 24 0.022354538105876301
26 25 -0.0735124194032297784
26 26 2.16446459089223575
26 27 -0.073512419403229709
26 186 -0.112262373275539729
26 187 0.104207596604087321
26 188 -0.419763258486006874
26 189 0.559210795870639599
26 194 -0.419763258486006929
27 1 0.0134187886159968899
27 4 -0.0467832066576564232
27 8 -0.0455950872003165059
27 19 -0.273929158943711115
27 20 -0.0131149486182308896
27 22 0.0628561371976401467
27 23 -0.122655625698347343
27 24 -7.92790545496164221e-05
27 26 -0.073512419403229709
27 27 0.430208495856387485
27 186 0.00858546355260171416
27 187 0.0116661934396274404
27 189 -0.0621665330156368559
27 194 0.34359896573296389
27 195 0.0225312715729942062
27 196 -0.0452468206974869433
27 197 -0.0535211992422069682
27 198 -0.156261037436839278
28 2 -0.0276515523575906717
28 28 0.318119941090518943
28 29 0.129933414320516694
28 30 -0.00130978176305966872
28 31 -0.092470586793954257
28 32 0.0983007660622755713
28 33 -0.261552524169695766
28 34 0.145472328084914948
28 35 -0.256914279216606256
28 36 0.00446203622628944113
28 37 0.12993341432051686
28 38 0.0983007660622755852
28 39 -0.261552524169696099
28 40 0.00446203622628928848
28 46 -0.0207795157224810595
28 47 -0.0102239022027313976
28 48 -0.0276397029476877915
28 49 -0.00947324207080313049
28 50 -0.0527051131992396921
28 51 0.0109537902397586796
28 52 -0.396780455058492409
28 53 0.0945874108832951976
28 54 0.0697834949827535606
28 55 -0.010223902202731382
28 56 -0.0527051131992397476
28 57 0.0109537902397586918
28 58 0.0697834949827535606
28 59 0.0934303968074828989
28 60 0.0549712038729888441
28 61 0.000132309991148845069
28 62 0.0934303968074829128
28 63 0.0549712038729887331
29 2 0.01053682461224042
29 3 0.195629869150720337
29 7 0.0225312715729942062
29 28 0.129933414320516694
29 29 2.09037940941844047
29 30 0.118729903342584042
29 31 0.0123664517033284134
29 32 -0.0951915789806876828
29 33 -0.492268263440766907
29 34 0.0284373854004685636
29 35 0.0407714998510885843
29 36 -0.513230374711962534
29 41 -0.735972872374385578
29 42 0.011364994549667079
29 47 0.130019714638135359
29 48 0.0545527527309799531
29 50 0.00820846814505630205
29 52 0.00397614986694038233
29 54 -0.0239558578966351104
29 59 -0.507173558477994946
29 60 -0.134311898027818566
29 61 -0.010904330740649882
29 87 0.272099496137502783
29 88 -0.0658189653075926251
29 89 0.108309067756297672
29 90 -1.02618020458690795
29 91 -0.0424316952324249388
29 92 0.402450407473069482
29 93 -0.0323715124751880398
29 94 0.000534675575306931515
29 99 0.00408660063327849488
29 100 -0.0270775264409402333
29 101 -0.184590639650206667
29 102 0.000761894578735640622
29 103 0.191152943818465315
29 104 -0.0012847107126713643
29 105 0.0134090168500588993
29 106 0.00822743172736602885
29 107 0.05074669818840679
29 108 -0.0279462527407581575
29 109 0.0107431177551407173
29 110 0.00075078200080196892
30 2 -0.014407364363273098
30 3 0.00568941255783582747
30 4 0.189564101931178397
30 7 0.00858546355260173671
30 9 -0.112262373275539756
30 10 0.0658772340303119125
30 11 0.00568941255783582747
30 13 0.00858546355260173671
30 14 0.065877234030311857
30 28 -0.00130978176305966872
30 29 0.118729903342584042
30 30 0.774869987685031347
30 31 0.05226110931576948
30 32 -0.0560296243656684193
30 33 -0.062675271249922615
30 34 0.366130902931317781
30 35 0.269344090204950926
30 36 -0.637148445047581613
30 37 0.118729903342583931
30 38 -0.0560296243656683846
30 39 -0.062675271249922615
30 40 -0.637148445047581502
30 41 -0.00838234152695877671
30 42 -0.321076838089587202
30 43 -0.408941409322530536
30 44 -0.00838234152695876283
30 45 -0.321076838089587091
30 48 0.0957199959826927627
30 52 -0.119467838022758288
30 60 0.174846716111403983
30 61 -0.302462430129938897
30 63 0.174846716111403983
30 88 -0.0542639667544204951
30 91 0.175639074580412724
30 92 0.203191321145059056
30 94 -0.0766784624633187195
30 98 0.0454696664233330133
30 100 -0.00638831428295375328
30 103 0.0287737193611067588
30 106 0.0065516937456427532
30 109 0.0038989032596703963
30 110 -0.0091293399164708907
30 204 -0.0542639667544204743
30 205 0.175639074580412724
30 206 0.203191321145058834
30 207 -0.0766784624633186918
30 212 0.0454696664233330064
30 216 -0.00638831428295376456
30 217 0.02877371936110679
30 219 0.00655169374564276274
30 224 -0.0091293399164708855
30 225 0.00389890325967039153
31 2 -0.0485893501483650736
31 28 -0.092470586793954257
31 29 0.0123664517033284134
31 30 0.05226110931576948
31 31 0.1544526663391384
31 32 -0.0468028576141747005
31 33 0.00202981318380592198
31 34 0.0382626856785638902
31 35 0.1624401531865651
31 36 -0.100771746061818449
31 37 0.0123664517033284117
31 38 -0.0468028576141747074
31 39 0.00202981318380591937
31 40 -0.100771746061818421
32 2 -0.124925791766555938
32 3 0.0628028691697688074
32 7 -0.0452468206974868739
32 28 0.0983007660622755713
32 29 -0.0951915789806876828
32 30 -0.0560296243656684193
32 31 -0.0468028576141747005
32 32 0.48163331818456312
32 33 -0.164951321388755706
32 34 0.2359966954368099
32 35 -0.327755707923911899
32 36 0.431740665089215325
32 41 -0.178357427495758725
32 42 -0.271213183709632766
33 2 0.0652951905254256781
33 28 -0.261552524169695766
33 29 -0.492268263440766907
33 30 -0.062675271249922615
33 31 0.00202981318380592198
33 32 -0.164951321388755706
33 33 0.886473617066400044
33 34 -0.190713134223894382
33 35 -0.0564083146838962046
33 36 0.356057295991191347
33 47 0.0487752744110999462
33 48 -0.0149041016504903399
33 50 0.00156411530243290037
33 52 0.00247924696534304601
33 54 -0.157220451659803195
33 59 -0.132850853407406905
33 60 0.256228843207372547
33 61 -0.0853591607784392747
34 2 -0.400760362435043649
34 3 0.0391408649779358894
34 4 -0.0877741016721411693
34 7 0.0116661934396274786
34 9 0.104207596604087321
34 10 -0.24894057789188162
34 11 0.0391408649779358339
34 13 0.0116661934396275618
34 14 -0.24894057789188162
34 28 0.145472328084914948
34 29 0.0284373854004685636
34 30 0.366130902931317781
34 31 0.0382626856785638902
34 32 0.2359966954368099
34 33 -0.190713134223894382
34 34 2.47394290466566913
34 35 -0.697130587813459712
34 36 -0.181976291881466329
34 37 0.0284373854004685706
34 38 0.235996695436809928
34 39 -0.190713134223894409
34 40 -0.181976291881466301
34 41 -0.292275872594416619
34 42 -0.436822051256591404
34 43 0.128622211142908449
34 44 -0.292275872594416619
34 45 -0.436822051256591681
35 2 0.17762444303128494
35 28 -0.256914279216606256
35 29 0.0407714998510885843
35 30 0.269344090204950926
35 31 0.1624401531865651
35 32 -0.327755707923911899
35 33 -0.0564083146838962046
35 34 -0.697130587813459712
35 35 2.94747575484518265
35 36 -0.545180606551910918
35 37 0.0407714998510890492
35 38 -0.32775570792391201
35 39 -0.0564083146838968985
35 40 -0.545180606551911584
35 48 0.00310947622563057316
35 52 -0.0281674101666964244
35 60 -0.538644937362829923
35 61 0.276654493046070593
35 63 -0.538644937362830367
36 2 -0.00873842637931187063
36 3 -0.00196690237645912036
36 7 -0.156261037436839223
36 28 0.00446203622628944113
36 29 -0.513230374711962534
36 30 -0.637148445047581613
36 31 -0.100771746061818449
36 32 0.431740665089215325
36 33 0.356057295991191347
36 34 -0.181976291881466329
36 35 -0.545180606551910918
36 36 3.22975245269939526
36 41 -0.0209902987619897327
36 42 -0.225385452878431286
36 48 0.0877991154602643792
36 52 -0.181246110494383827
36 60 -0.577735350615815824
36 61 -0.0348561244809134085
36 88 0.198481116576881556
36 91 -0.26465344519292
36 92 -0.781869015606948214
36 94 0.0220034665438195894
36 100 0.0269420751010090095
36 103 -0.118438742009741124
36 106 -0.0263210371840413709
36 109 -0.0163728976011739552
36 110 0.0359040815856431147
37 2 0.0105368246122404165
37 11 0.195629869150720337
37 13 0.0225312715729941958
37 28 0.12993341432051686
37 30 0.118729903342583931
37 31 0.0123664517033284117
37 34 0.0284373854004685706
37 35 0.0407714998510890492
37 37 2.09037940941844047
37 38 -0.0951915789806876411
37 39 -0.492268263440767684
37 40 -0.513230374711962645
37 44 -0.735972872374385467
37 45 0.0113649945496671068
37 48 0.0545527527309799601
37 52 0.0039761498669406703
37 55 0.130019714638135275
37 56 0.0082084681450563142
37 58 -0.0239558578966351972
37 61 -0.0109043307406495975
37 62 -0.507173558477994724
37 63 -0.134311898027819177
37 204 -0.0658189653075926251
37 205 -0.0424316952324249111
37 206 0.402450407473069371
37 207 0.000534675575306973474
37 208 0.272099496137502728
37 209 0.108309067756297658
37 210 -1.02618020458690817
37 211 -0.0323715124751880676
37 216 -0.0270775264409402645
37 217 0.191152943818465509
37 218 -0.00128471071267133308
37 219 0.0082274317273660167
37 220 0.00408660063327856427
37 221 -0.184590639650206834
37 222 0.000761894578735656776
37 223 0.013409016850058849
37 224 0.000750782000801981063
37 225 0.0107431177551407138
37 226 0.0507466981884068247
37 227 -0.0279462527407581471
38 2 -0.124925791766555952
38 11 0.0628028691697688074
38 13 -0.0452468206974868947
38 28 0.0983007660622755852
38 30 -0.0560296243656683846
38 31 -0.0468028576141747074
38 34 0.235996695436809928
38 35 -0.32775570792391201
38 37 -0.0951915789806876411
38 38 0.481633318184563175
38 39 -0.164951321388755762
38 40 0.43174066508921527
38 44 -0.178357427495758697
38 45 -0.27121318370963271
39 2 0.0652951905254257198
39 28 -0.261552524169696099
39 30 -0.062675271249922615
39 31 0.00202981318380591937
39 34 -0.190713134223894409
39 35 -0.0564083146838968985
39 37 -0.492268263440767684
39 38 -0.164951321388755762
39 39 0.886473617066401154
39 40 0.356057295991191902
39 48 -0.0149041016504903191
39 52 0.00247924696534264355
39 55 0.0487752744110999531
39 56 0.00156411530243290449
39 58 -0.157220451659803195
39 61 -0.0853591607784396772
39 62 -0.132850853407406932
39 63 0.256228843207373269
40 2 -0.00873842637931186196
40 11 -0.00196690237645915506
40 13 -0.156261037436839251
40 28 0.00446203622628928848
40 30 -0.637148445047581502
40 31 -0.100771746061818421
40 34 -0.181976291881466301
40 35 -0.545180606551911584
40 37 -0.513230374711962645
40 38 0.43174066508921527
40 39 0.356057295991191902
40 40 3.22975245269939526
40 44 -0.0209902987619896841
40 45 -0.225385452878431453
40 48 0.0877991154602644763
40 52 -0.181246110494383966
40 61 -0.0348561244809136445
40 63 -0.577735350615815602
40 204 0.198481116576881556
40 205 -0.264653445192919945
40 206 -0.781869015606947659
40 207 0.0220034665438193708
40 216 0.0269420751010090477
40 217 -0.118438742009741263
40 219 -0.0263210371840413987
40 224 0.0359040815856430801
40 225 -0.0163728976011739344
41 2 0.0977347394711604034
41 3 -0.625086988201637661
41 7 -0.0535211992422070446
41 29 -0.735972872374385578
41 30 -0.00838234152695877671
41 32 -0.178357427495758725
41 34 -0.292275872594416619
41 36 -0.0209902987619897327
41 41 2.21966208744621785
41 42 -0.202631821887766739
41 87 -0.039363025943653665
41 88 -0.0720614472073431017
41 89 -0.497701453064716748
41 90 -0.0191130420449776989
41 91 0.163398372299006361
41 92 0.430987049998095728
41 93 -0.141102481329185375
41 94 -0.0252219775394824444
42 2 0.0709736986907731904
42 3 -0.0116175389662877757
42 4 0.06379783653414485
42 7 0.343598965732963779
42 9 -0.419763258486006874
42 10 -0.566051732010642294
42 29 0.011364994549667079
42 30 -0.321076838089587202
42 32 -0.271213183709632766
42 34 -0.436822051256591404
42 36 -0.225385452878431286
42 41 -0.202631821887766739
42 42 3.19780109551216452
42 43 -0.201544934553753413
42 88 0.221201413561370019
42 91 -0.793983003436113499
42 92 -0.383805209574108352
42 94 0.0899429888584918624
42 98 -0.164785968590653809
43 2 -0.0557632598039110305
43 3 -0.0202394156180357027
43 4 -0.60339511757846509
43 7 -0.0621665330156368837
43 9 0.559210795870639599
43 10 0.000101662509442993626
43 11 -0.0202394156180358206
43 13 -0.0621665330156368559
43 14 0.000101662509443309346
43 30 -0.408941409322530536
43 34 0.128622211142908449
43 42 -0.201544934553753413
43 43 1.25009133424047114
43 45 -0.201544934553753718
43 88 0.0404860871921183807
43 91 -0.129623897285746803
43 94 -0.00518050848527820337
43 98 -0.0567447380176667251
43 204 0.0404860871921184223
43 205 -0.129623897285746886
43 207 -0.00518050848527824848
43 212 -0.0567447380176667529
44 2 0.0977347394711603895
44 11 -0.625086988201637883
44 13 -0.053521199242206996
44 30 -0.00838234152695876283
44 34 -0.292275872594416619
44 37 -0.735972872374385467
44 38 -0.178357427495758697
44 40 -0.0209902987619896841
44 44 2.21966208744621785
44 45 -0.202631821887766905
44 204 -0.0720614472073431156
44 205 0.163398372299006334
44 206 0.430987049998096117
44 207 -0.0252219775394824375
44 208 -0.039363025943653554
44 209 -0.497701453064716859
44 210 -0.0191130420449775774
44 211 -0.141102481329185542
45 2 0.0709736986907732459
45 4 0.0637978365341450721
45 9 -0.419763258486006985
45 11 -0.0116175389662876143
45 13 0.343598965732963724
45 14 -0.566051732010643072
45 30 -0.321076838089587091
45 34 -0.436822051256591681
45 37 0.0113649945496671068
45 38 -0.27121318370963271
45 40 -0.225385452878431453
45 43 -0.201544934553753718
45 44 -0.202631821887766905
45 45 3.19780109551216629
45 204 0.221201413561370186
45 205 -0.793983003436113943
45 206 -0.383805209574108408
45 207 0.0899429888584917236
45 212 -0.164785968590653836
46 28 -0.0207795157224810595
46 46 0.1199194604844534
46 47 -0.0353988839160883778
46 48 -0.194676291608784774
46 49 -0.0278425582690729964
46 50 0.0350738874641242163
46 51 -0.0261081559343129752
46 52 0.0873332499827996211
46 53 -0.427851098234165172
46 54 0.217729451146238429
46 55 -0.0353988839160885027
46 56 0.0350738874641243065
46 57 -0.0261081559343130098
46 58 0.2177294511462389
46 64 -0.0108087755258953547
46 65 -0.0462028505316524757
46 66 0.0498451528991376361
46 67 0.0386254761066003455
46 68 0.0498451528991377679
47 28 -0.0102239022027313976
47 29 0.130019714638135359
47 33 0.0487752744110999462
47 46 -0.0353988839160883778
47 47 0.655354547769690154
47 48 0.128582948609686665
47 49 0.0149605011414541481
47 50 -0.0632338481327349156
47 51 -0.0380658468060027788
47 52 0.0925109601288543332
47 53 0.187862965483324873
47 54 -0.7113012935634343
47 59 -0.447936535988410878
47 60 0.0223590980389116456
47 64 0.00292855145393558112
47 65 0.028210339318193639
47 66 -0.115856412849020748
47 67 0.126843584033385859
47 99 0.209301322019742442
47 100 3.29091244975834862e-05
47 101 0.245090494865177227
47 102 -0.562444307097803575
47 103 -0.0787855080917342215
47 104 0.371427342781388448
47 105 -0.0530839590627538299
47 106 0.019991924232114662
47 111 0.0489020211159196388
47 112 -0.360924317788519078
47 113 0.123650552119452625
47 114 -0.0290892045676155384
47 115 -0.000289712641123908432
47 116 0.0498286814230086694
48 28 -0.0276397029476877915
48 29 0.0545527527309799531
48 30 0.0957199959826927627
48 33 -0.0149041016504903399
48 35 0.00310947622563057316
48 36 0.0877991154602643792
48 37 0.0545527527309799601
48 39 -0.0149041016504903191
48 40 0.0877991154602644763
48 46 -0.194676291608784774
48 47 0.128582948609686665
48 48 1.65094708679173374
48 49 0.0404814632989882878
48 50 -0.0347339413583509157
48 51 0.00945260267732880161
48 52 0.236584710251015434
48 53 0.858770356438813942
48 54 -0.790135047908087085
48 55 0.128582948609686942
48 56 -0.0347339413583509921
48 57 0.00945260267732881548
48 58 -0.790135047908087862
48 59 -0.0395037600803855929
48 60 -0.496121012400970618
48 61 -0.285002706197061695
48 62 -0.0395037600803856206
48 63 -0.496121012400970729
48 64 0.0109393162828807268
48 65 0.0610073933289273715
48 66 -0.079724675838219447
48 67 0.263784565284841122
48 68 -0.0797246758382196691
48 100 -0.0416570975342250988
48 103 0.168668277589155036
48 104 0.267550705723388293
48 106 -0.293457916191021906
48 110 0.00801385096155460275
48 111 0.0103919659977635779
48 112 -0.0257711845262422745
48 114 0.346995046364462767
48 115 -0.573838871664311689
48 116 -0.0296355883033130665
48 216 -0.0416570975342250155
48 217 0.168668277589155008
48 218 0.267550705723388349
48 219 -0.293457916191021906
48 224 0.00801385096155460448
48 228 0.0103919659977635866
48 229 -0.0257711845262423717
48 230 -0.573838871664311356
48 231 -0.0296355883033130492
48 232 0.346995046364462656
48 246 0.0922646012100760415
48 247 -0.213699073121927985
48 248 -0.0383810544161225092
48 249 -0.0101216034697342409
48 250 -0.0101216034697342375
48 251 0.0704924664087608205
48 252 0.0704924664087605984
49 28 -0.00947324207080313049
49 46 -0.0278425582690729964
49 47 0.0149605011414541481
49 48 0.0404814632989882878
49 49 0.0331995224715906298
49 50 -0.0187781312064025652
49 51 0.000741549497298503685
49 52 0.0206119160809357417
49 53 0.0823721041523555741
49 54 -0.0665985222643470515
49 55 0.0149605011414542001
49 56 -0.0187781312064026519
49 57 0.000741549497298520056
49 58 -0.066598522264347218
50 28 -0.0527051131992396921
50 29 0.00820846814505630205
50 33 0.00156411530243290037
50 46 0.0350738874641242163
50 47 -0.0632338481327349156
50 48 -0.0347339413583509157
50 49 -0.0187781312064025652
50 50 0.131898479375155364
50 51 -0.0149612773718468296
50 52 0.0964491009009873224
50 53 -0.127649290224151224
50 54 0.171939552644963523
50 59 -0.0435667006942859134
50 60 -0.0895053016457075662
51 28 0.0109537902397586796
51 46 -0.0261081559343129752
51 47 -0.0380658468060027788
51 48 0.00945260267732880161
51 49 0.000741549497298503685
51 50 -0.0149612773718468296
51 51 0.0568870706502007245
51 52 -0.0423874015734415563
51 53 0.0343419514641592691
51 54 0.0466126144417556912
51 64 0.00766935700600028004
51 65 0.000295948234743296666
51 66 -0.0115932057583363092
51 67 -0.0338389967673047853
52 28 -0.396780455058492409
52 29 0.00397614986694038233
52 30 -0.119467838022758288
52 33 0.00247924696534304601
52 35 -0.0281674101666964244
52 36 -0.181246110494383827
52 37 0.0039761498669406703
52 39 0.00247924696534264355
52 40 -0.181246110494383966
52 46 0.0873332499827996211
52 47 0.0925109601288543332
52 48 0.236584710251015434
52 49 0.0206119160809357417
52 50 0.0964491009009873224
52 51 -0.0423874015734415563
52 52 2.60154070679582583
52 53 -0.371549115320336854
52 54 -0.410106292321931076
52 55 0.0925109601288542777
52 56 0.0964491009009874334
52 57 -0.042387401573441591
52 58 -0.410106292321931132
52 59 -0.304793359596045144
52 60 -0.46869202953162814
52 61 0.39351370676831765
52 62 -0.304793359596045199
52 63 -0.468692029531628529
53 28 0.0945874108832951976
53 46 -0.427851098234165172
53 47 0.187862965483324873
53 48 0.858770356438813942
53 49 0.0823721041523555741
53 50 -0.127649290224151224
53 51 0.0343419514641592691
53 52 -0.371549115320336854
53 53 1.84190213909161127
53 54 -0.955982355186917987
53 55 0.187862965483325206
53 56 -0.127649290224151474
53 57 0.0343419514641593177
53 58 -0.955982355186919319
53 64 0.0613014019600123111
53 65 0.138536938263177867
53 66 -0.175123497008480455
53 67 -0.204969686290631503
53 68 -0.175123497008480872
54 28 0.0697834949827535606
54 29 -0.0239558578966351104
54 33 -0.157220451659803195
54 46 0.217729451146238429
54 47 -0.7113012935634343
54 48 -0.790135047908087085
54 49 -0.0665985222643470515
54 50 0.171939552644963523
54 51 0.0466126144417556912
54 52 -0.410106292321931076
54 53 -0.955982355186917987
54 54 4.09900062639249807
54 59 -0.0497381744533603731
54 60 0.0681512743138495414
54 64 0.0774161364642370897
54 65 -0.117020219035213133
54 66 0.234706046884613218
54 67 -0.604561693908834297
54 100 0.194334672192223196
54 103 -0.303840008364841874
54 104 -1.27426935016480769
54 106 0.245353717860317455
54 111 -0.00935061722858819382
54 112 0.127213071980652515
54 114 -0.359990088869818536
54 115 0.448020901846721276
54 116 -0.166191588324203804
55 28 -0.010223902202731382
55 37 0.130019714638135275
55 39 0.0487752744110999531
55 46 -0.0353988839160885027
55 48 0.128582948609686942
55 49 0.0149605011414542001
55 52 0.0925109601288542777
55 53 0.187862965483325206
55 55 0.655354547769690265
55 56 -0.0632338481327350266
55 57 -0.0380658468060028204
55 58 -0.711301293563435078
55 62 -0.447936535988410434
55 63 0.022359098038911715
55 64 0.00292855145393558286
55 65 0.0282103393181937639
55 67 0.12684358403338597
55 68 -0.115856412849020998
55 216 3.29091244976216502e-05
55 217 -0.0787855080917342077
55 218 0.371427342781388892
55 219 0.0199919242321145406
55 220 0.209301322019742275
55 221 0.2450904948651767
55 222 -0.562444307097803242
55 223 -0.0530839590627539132
55 228 0.0489020211159196944
55 229 -0.360924317788519189
55 230 -0.000289712641123910167
55 231 0.0498286814230086417
55 232 -0.0290892045676156286
55 233 0.12365055211945257
56 28 -0.0527051131992397476
56 37 0.0082084681450563142
56 39 0.00156411530243290449
56 46 0.0350738874641243065
56 48 -0.0347339413583509921
56 49 -0.0187781312064026519
56 52 0.0964491009009874334
56 53 -0.127649290224151474
56 55 -0.0632338481327350266
56 56 0.131898479375155614
56 57 -0.0149612773718468695
56 58 0.1719395526449638
56 62 -0.0435667006942859619
56 63 -0.0895053016457076356
57 28 0.0109537902397586918
57 46 -0.0261081559343130098
57 48 0.00945260267732881548
57 49 0.000741549497298520056
57 52 -0.042387401573441591
57 53 0.0343419514641593177
57 55 -0.0380658468060028204
57 56 -0.0149612773718468695
57 57 0.05688707065020078
57 58 0.0466126144417557259
57 64 0.00766935700600028265
57 65 0.000295948234743288155
57 67 -0.03383899676730482
57 68 -0.0115932057583363005
58 28 0.0697834949827535606
58 37 -0.0239558578966351972
58 39 -0.157220451659803195
58 46 0.2177294511462389
58 48 -0.790135047908087862
58 49 -0.066598522264347218
58 52 -0.410106292321931132
58 53 -0.955982355186919319
58 55 -0.711301293563435078
58 56 0.1719395526449638
58 57 0.0466126144417557259
58 58 4.09900062639250073
58 62 -0.0497381744533602621
58 63 0.0681512743138494026
58 64 0.0774161364642371314
58 65 -0.117020219035213466
58 67 -0.604561693908834741
58 68 0.2347060468846138
58 216 0.194334672192223085
58 217 -0.303840008364841707
58 218 -1.27426935016480813
58 219 0.245353717860317622
58 228 -0.009350617228588258
58 229 0.127213071980652681
58 230 0.448020901846721387
58 231 -0.166191588324203776
58 232 -0.359990088869818592
59 28 0.0934303968074828989
59 29 -0.507173558477994946
59 33 -0.132850853407406905
59 47 -0.447936535988410878
59 48 -0.0395037600803855929
59 50 -0.0435667006942859134
59 52 -0.304793359596045144
59 54 -0.0497381744533603731
59 59 1.72139432139017079
