
ans =

   1.0e-10 *

   0.0000 + 0.0000i
   0.0000 + 0.0000i
   0.0000 + 0.0000i
  -0.0000 + 0.0000i
   0.0000 + 0.0000i
  -0.0000 + 0.0000i
  -0.0000 + 0.0000i
  -0.0000 + 0.0000i
   0.0000 + 0.0000i
  -0.0000 + 0.0000i
   0.0000 + 0.0000i
   0.0000 + 0.0000i
   0.0000 + 0.0000i
  -0.0000 + 0.0000i
  -0.0000 + 0.0000i
   0.0000 + 0.0000i
   0.0000 + 0.0000i
   0.0000 + 0.0000i
   0.0000 + 0.0000i
   0.0000 + 0.0000i
   0.0000 + 0.0000i
  -0.0000 + 0.0000i
   0.0000 + 0.0000i
  -0.0000 + 0.0000i
   0.0000 + 0.0000i
   0.0000 + 0.0000i
  -0.0000 + 0.0000i
  -0.0000 + 0.0000i
  -0.0000 + 0.0000i
  -0.0000 + 0.0000i
   0.0000 + 0.0000i
  -0.0000 + 0.0000i
  -0.0000 + 0.0000i
   0.0000 + 0.0000i
  -0.0000 + 0.0000i
  -0.0000 + 0.0000i
  -0.0000 + 0.0000i
  -0.0000 + 0.0000i
  -0.0000 + 0.0000i
  -0.0000 + 0.0000i
   0.0000 + 0.0000i
   0.0000 + 0.0000i
   0.0000 + 0.0000i
  -0.0000 + 0.0000i
   0.0001 + 0.0000i
   0.0000 + 0.0000i
  -0.0000 + 0.0000i
   0.0000 + 0.0000i
  -0.0000 + 0.0000i
   0.0000 + 0.0000i
   0.0000 + 0.0000i
  -0.0000 + 0.0000i
  -0.0000 + 0.0000i
  -0.0000 + 0.0000i
   0.0000 + 0.0000i
  -0.0000 + 0.0000i
  -0.0000 + 0.0000i
  -0.0001 + 0.0000i
  -0.0000 + 0.0000i
   0.0000 + 0.0000i
   0.0000 + 0.0000i
   0.0000 + 0.0000i
  -0.0000 + 0.0000i
  -0.0001 + 0.0000i
  -0.0000 + 0.0000i
   0.0000 + 0.0000i
  -0.0000 + 0.0000i
  -0.0000 + 0.0000i
   0.0000 + 0.0000i
   0.0009 + 0.0000i
   0.0000 + 0.0000i
  -0.0000 + 0.0000i
   0.0000 + 0.0000i
   0.0000 + 0.0000i
   0.0001 + 0.0000i
  -0.0001 + 0.0000i
   0.0001 + 0.0000i
   0.0000 + 0.0000i
  -0.0001 + 0.0000i
   0.0002 + 0.0000i
   0.0013 + 0.0000i
   0.0000 + 0.0000i
   0.0000 + 0.0000i
  -0.0001 + 0.0000i
   0.0000 + 0.0000i
  -0.0000 + 0.0000i
   0.0001 + 0.0000i
  -0.0001 + 0.0000i
  -0.0002 + 0.0000i
  -0.0000 + 0.0000i
  -0.0001 + 0.0000i
   0.0006 + 0.0000i
  -0.0001 + 0.0000i
  -0.0001 + 0.0000i
   0.0003 + 0.0000i
   0.0004 + 0.0000i
   0.0004 + 0.0000i
   0.0003 + 0.0000i
   0.0000 + 0.0000i
   0.0001 + 0.0000i
  -0.0001 + 0.0000i
   0.0001 + 0.0000i
  -0.0001 + 0.0000i
   0.0001 + 0.0000i
  -0.0003 + 0.0000i
   0.0002 + 0.0000i
  -0.0001 + 0.0000i
   0.0002 + 0.0000i
   0.0000 + 0.0000i
  -0.0002 + 0.0000i
   0.0000 + 0.0000i
  -0.0000 + 0.0000i
  -0.0001 + 0.0000i
  -0.0001 + 0.0000i
   0.0000 + 0.0000i
   0.0009 + 0.0000i
   0.0000 + 0.0000i
   0.0004 + 0.0000i
   0.0001 + 0.0000i
   0.0131 + 0.0000i
   0.0000 + 0.0000i
  -0.0001 + 0.0000i
  -0.0002 + 0.0000i
  -0.0001 + 0.0000i
  -0.0004 + 0.0000i
   0.0014 + 0.0000i
   0.0001 + 0.0000i
  -0.0008 + 0.0000i
   0.0004 + 0.0000i
   0.0014 + 0.0000i
  -0.0006 + 0.0000i
   0.0001 + 0.0000i
   0.0004 + 0.0000i
   0.0001 + 0.0000i
  -0.0008 + 0.0000i
   0.0003 + 0.0000i
  -0.0009 + 0.0000i
   0.0020 + 0.0000i
  -0.0002 + 0.0000i
   0.0021 + 0.0000i
   0.0000 + 0.0000i
  -0.0001 + 0.0000i
   0.0004 + 0.0000i
   0.0004 + 0.0000i
  -0.0016 + 0.0000i
  -0.0007 + 0.0000i
  -0.0027 + 0.0000i
   0.0008 + 0.0000i
   0.0341 + 0.0000i
  -0.0000 + 0.0000i
   0.0071 + 0.0000i
   0.0003 + 0.0000i
  -0.0003 + 0.0000i
   0.0016 + 0.0000i
   0.0008 + 0.0000i
   0.0019 + 0.0000i
  -0.0010 + 0.0000i
   0.0025 + 0.0000i
   0.0018 + 0.0000i
  -0.0020 + 0.0000i
  -0.0000 + 0.0000i
  -0.0008 + 0.0000i
  -0.0031 + 0.0000i
  -0.0001 + 0.0000i
   0.0001 + 0.0000i
  -0.0006 + 0.0000i
  -0.0002 + 0.0000i
   0.0059 + 0.0000i
   0.0013 + 0.0000i
   0.0001 + 0.0000i
   0.0000 + 0.0000i
  -0.0049 + 0.0000i
  -0.0034 + 0.0000i
   0.0171 + 0.0000i
   0.0028 - 0.0014i
  -0.0006 + 0.0014i
   0.0002 + 0.0000i
  -0.0004 + 0.0000i
  -0.0015 + 0.0000i
   0.0005 + 0.0000i
   0.0026 + 0.0000i
   0.0001 + 0.0000i
  -0.0000 + 0.0000i
   0.0001 + 0.0000i
  -0.0005 + 0.0000i
  -0.0008 + 0.0000i
  -0.0016 + 0.0000i
   0.0264 + 0.0000i
  -0.0025 + 0.0000i
  -0.0035 + 0.0000i
   0.0001 + 0.0000i
   0.0060 + 0.0000i
   0.0032 + 0.0000i
   0.0019 + 0.0000i
   0.0015 + 0.0000i
  -0.0022 + 0.0000i
   0.0023 + 0.0000i
   0.0000 + 0.0000i
   0.1393 + 0.0000i
   0.0035 + 0.0000i
  -0.0027 + 0.0000i
  -0.0004 + 0.0000i
  -0.0016 + 0.0000i
   0.0022 - 0.0037i
  -0.0121 + 0.0037i
   0.0001 + 0.0000i
  -0.0040 + 0.0034i
  -0.0035 - 0.0034i
   0.0003 + 0.0000i
   0.0565 + 0.0000i
  -0.0011 + 0.0000i
  -0.0009 + 0.0000i
  -0.0004 + 0.0000i
  -0.0028 + 0.0000i
   0.0114 + 0.0000i
  -0.0059 + 0.0000i
  -0.0042 + 0.0000i
   0.0055 + 0.0000i
   0.0093 + 0.0000i
   0.0048 + 0.0000i
   0.0009 + 0.0000i
  -0.0033 + 0.0000i
   0.0028 + 0.0000i
   0.0006 + 0.0000i
  -0.0078 + 0.0000i
   0.0029 + 0.0000i
   0.5443 + 0.0000i
   0.0036 - 0.0043i
   0.0026 + 0.0043i
  -0.0055 + 0.0000i
  -0.0036 + 0.0023i
   0.0031 - 0.0023i
   0.0298 + 0.0000i
   0.0000 + 0.0000i
  -0.0010 - 0.0025i
  -0.0013 + 0.0025i
   0.0023 - 0.0053i
  -0.0028 + 0.0053i
   0.0732 + 0.0000i
   0.0011 + 0.0000i
  -0.0021 + 0.0000i
   0.0004 + 0.0000i
   0.0018 + 0.0000i
   0.0525 + 0.0000i
  -0.0003 + 0.0000i
   0.0012 + 0.0000i
  -0.0027 - 0.0013i
  -0.0027 + 0.0013i
  -0.0006 + 0.0000i
   0.0011 + 0.0000i
   0.0001 + 0.0000i
   0.0416 + 0.0000i
   0.0041 + 0.0000i
   0.0035 + 0.0000i
   0.0369 + 0.0000i
   0.0023 + 0.0000i
   0.0013 + 0.0000i
  -0.0046 + 0.0000i
  -0.0040 + 0.0000i
  -0.0003 + 0.0015i
   0.0028 - 0.0015i
   0.0091 + 0.0000i
   0.0163 + 0.0000i
   0.0059 + 0.0000i
   0.2665 + 0.0000i
  -0.0006 + 0.0000i
   0.0064 + 0.0000i
   0.0078 + 0.0000i
   0.0093 + 0.0000i
  -0.0108 + 0.0000i
  -0.0091 + 0.0000i
   0.0005 + 0.0000i
   0.0296 + 0.0000i
  -0.0151 + 0.0000i
  -0.0039 + 0.0000i
   0.0008 + 0.0000i
  -0.0031 + 0.0000i
   0.0932 + 0.0000i
   0.0168 + 0.0000i
   0.0131 + 0.0000i
  -0.0004 + 0.0000i
   0.0083 + 0.0000i
   0.0037 + 0.0000i
   0.0012 + 0.0000i
   0.0090 + 0.0000i
  -0.0012 + 0.0097i
   0.0311 - 0.0097i
   0.0384 + 0.0000i
   0.0110 + 0.0000i
   0.0040 + 0.0000i
   0.0031 + 0.0000i
  -0.0005 + 0.0000i
   0.0014 + 0.0050i
   0.0071 - 0.0050i
   0.0957 + 0.0000i
   0.0148 + 0.0000i
   0.0025 + 0.0000i
   0.0036 + 0.0000i
  -0.0008 + 0.0000i
   0.0008 + 0.0000i

 
 i  |     re(lambda)     im(lambda) |     s(eig) |   ||V'*x|| |   ||U'*y|| |  criterion | reg. fin.
---------------------------------------------------------------------------------------------------
  1 |   3.745951e+02   0.000000e+00 |   4.39e-07 |   5.90e-17 |   2.78e-17 |   5.90e-17 |  1    1
  2 |   4.690799e+02   0.000000e+00 |   5.87e-06 |   1.30e-16 |   6.16e-17 |   1.30e-16 |  1    1
  3 |   4.690799e+02   0.000000e+00 |   5.77e-06 |   2.50e-16 |   1.39e-16 |   2.50e-16 |  1    1
  4 |   3.015924e+01   0.000000e+00 |   4.02e-03 |   7.29e-17 |   2.78e-16 |   2.78e-16 |  1    1
  5 |   3.295428e+02   0.000000e+00 |   1.09e-05 |   2.80e-16 |   1.42e-16 |   2.80e-16 |  1    1
  6 |   3.754424e+02   0.000000e+00 |   1.92e-05 |   3.04e-16 |   9.02e-17 |   3.04e-16 |  1    1
  7 |   2.003443e+01   0.000000e+00 |   1.37e-02 |   9.37e-17 |   3.05e-16 |   3.05e-16 |  1    1
  8 |   3.868938e+02   0.000000e+00 |   2.88e-05 |   2.36e-16 |   3.16e-16 |   3.16e-16 |  1    1
  9 |   2.005653e+01   0.000000e+00 |   1.68e-02 |   3.26e-16 |   9.97e-17 |   3.26e-16 |  1    1
 10 |   3.025328e+02   0.000000e+00 |   7.62e-06 |   4.06e-16 |   3.85e-16 |   4.06e-16 |  1    1
 11 |   4.510669e+02   0.000000e+00 |   1.44e-05 |   4.27e-16 |   1.30e-16 |   4.27e-16 |  1    1
 12 |   1.200290e+01   0.000000e+00 |   5.41e-02 |   4.72e-16 |   2.01e-16 |   4.72e-16 |  1    1
 13 |   3.454218e+02   0.000000e+00 |   1.36e-06 |   4.91e-16 |   4.44e-16 |   4.91e-16 |  1    1
 14 |   5.968578e+01   0.000000e+00 |   1.89e-04 |   3.37e-16 |   4.93e-16 |   4.93e-16 |  1    1
 15 |   2.193606e+02   0.000000e+00 |   3.39e-06 |   3.71e-16 |   5.41e-16 |   5.41e-16 |  1    1
 16 |   5.114725e+02   0.000000e+00 |   2.60e-06 |   5.44e-16 |   3.54e-16 |   5.44e-16 |  1    1
 17 |   4.193403e+02   0.000000e+00 |   1.61e-05 |   3.34e-16 |   5.48e-16 |   5.48e-16 |  1    1
 18 |   5.101010e+02   0.000000e+00 |   5.19e-07 |   6.18e-16 |   3.33e-16 |   6.18e-16 |  1    1
