% 564x564 12492 nonzeros
1 1 0.000114795500830951433
1 2 2.96709550658455677e-05
1 3 4.4591427199837944e-05
1 4 -0.000723014585175395133
1 5 -8.85095416496883269e-06
1 6 -1.67108712418622454e-05
1 7 -6.3874302855618163e-06
1 8 -0.000433948608209378829
1 9 -0.000110575758142409967
1 10 -0.000195913138488426001
1 11 4.45914271998378763e-05
1 12 -1.67108712418621979e-05
1 13 -6.38743028556182138e-06
1 14 -0.000195913138488425784
1 15 2.96709550658456219e-05
1 16 -8.85095416496884455e-06
1 17 -6.387430285561829e-06
1 18 -0.000110575758142410156
1 19 4.45914271998379373e-05
1 20 -1.67108712418622318e-05
1 21 -6.38743028556183154e-06
1 22 -0.000195913138488426055
1 23 2.96709550658455948e-05
1 24 -8.85095416496883777e-06
1 25 -6.38743028556182985e-06
1 26 -0.000110575758142410062
1 27 -6.38743028556182731e-06
2 1 2.96709550658455677e-05
2 2 0.00217116403208371779
2 3 0.000704389784910004974
2 4 6.64121385095563233e-05
2 5 -1.16902666594513999e-05
2 6 -6.05854423350245099e-06
2 7 -0.000973833276803414945
2 8 -0.000103785123971850441
2 9 -0.00265195085890919348
2 10 -0.00122231351098182222
2 11 0.000704389784910004974
2 12 -6.05854423350245861e-06
2 13 -0.000973833276803414728
2 14 -0.00122231351098182222
2 28 0.000331213308806891965
2 29 0.000399544316224257549
2 30 0.0011056450588456349
2 31 -0.000292707678457046689
2 32 -0.000665220829110744474
2 33 -0.000173546441121983947
2 34 -0.00598648862885553523
2 35 -0.00106376820157518025
2 36 -0.00190310991580293679
2 37 0.000399544316224257495
2 38 -0.000665220829110744474
2 39 -0.000173546441121983947
2 40 -0.00190310991580293701
2 41 -0.000380840941555400994
2 42 -0.00205047988192106137
2 43 -0.0022827382179424721
2 44 -0.000380840941555400994
2 45 -0.00205047988192106137
3 1 4.4591427199837944e-05
3 2 0.000704389784910004974
3 3 0.00464130282763671083
3 4 -0.000331685593988038626
3 5 -5.12240876955466451e-06
3 6 -3.05622575838717904e-05
3 7 -0.000913355415491493993
3 8 -0.000151772592308665598
3 9 -0.000958097923344724232
3 10 -0.0019293119577445182
3 15 0.000704389784910004865
3 16 -5.12240876955467128e-06
3 17 -0.000913355415491493667
3 18 -0.00095809792334472369
3 29 0.000353025085179936322
3 30 0.000448360636813989531
3 32 -0.000302333734085078593
3 34 -0.00158848231268704987
3 36 -0.00169637088793080744
3 41 -0.00275129312356912556
3 42 -0.00102721861160180641
3 43 -0.000777529151579058444
3 69 0.000353025085179935888
3 70 0.000448360636813989314
3 71 -0.00030233373408507881
3 72 -0.00275129312356912469
3 73 -0.001588482312687049
3 74 -0.00102721861160180424
3 75 -0.00169637088793080744
3 76 -0.000777529151579058552
3 87 -0.000288473587162102712
3 88 0.000396774632323955477
3 89 -0.00350544538527995751
3 90 -0.00193752278925018724
3 91 0.00164618518342605092
3 92 -0.00117493413365157666
3 93 -0.00108597864420548326
3 94 9.58400314475162395e-05
3 95 -0.00193752278925018724
3 96 -0.00117493413365157666
3 97 9.58400314475164292e-05
3 98 0.000185707479513141775
4 1 -0.000723014585175395133
4 2 6.64121385095563233e-05
4 3 -0.000331685593988038626
4 4 0.00974933134335594781
4 5 6.66854972184158706e-05
4 6 0.000101507748680967105
4 7 -0.000288830426835010002
4 8 0.00268443955934837821
4 9 0.00120317215452036825
4 10 -0.000543210586811836778
4 11 -0.000331685593988038626
4 12 0.000101507748680966915
4 13 -0.000288830426835010056
4 14 -0.000543210586811837212
4 15 6.64121385095556727e-05
4 16 6.66854972184159655e-05
4 17 -0.000288830426835010056
4 18 0.00120317215452037151
4 19 -0.000331685593988038843
4 20 0.000101507748680967064
4 21 -0.000288830426835010056
4 22 -0.000543210586811837103
4 23 6.64121385095562419e-05
4 24 6.66854972184158977e-05
4 25 -0.000288830426835010056
4 26 0.00120317215452036912
4 27 -0.000288830426835009894
4 30 0.000764587684419252775
4 34 -0.0015797948430250233
4 42 -0.00137300568497283285
4 43 -0.00167263708617943494
4 45 -0.00137300568497283329
4 70 0.000764587684419252558
4 73 -0.00157979484302502244
4 74 -0.00137300568497283285
4 76 -0.0016726370861794345
4 85 -0.00137300568497283285
4 88 0.000169901465789070263
4 91 -0.000553943895689108378
4 94 -3.85981948488378418e-05
4 97 -3.85981948488378485e-05
4 98 -0.000160859430009393638
4 186 0.00076458768441925245
4 187 -0.00157979484302502309
4 188 -0.00137300568497283242
4 189 -0.00167263708617943494
4 194 -0.00137300568497283329
4 204 0.000169901465789070236
4 205 -0.000553943895689108269
4 207 -3.85981948488378079e-05
4 212 -0.000160859430009393665
4 213 -3.85981948488378282e-05
4 234 0.000169901465789070263
4 235 -0.000553943895689108378
4 236 -0.000160859430009393611
4 237 -3.85981948488378553e-05
4 238 -3.8598194848837835e-05
5 1 -8.85095416496883269e-06
5 2 -1.16902666594513999e-05
5 3 -5.12240876955466451e-06
5 4 6.66854972184158706e-05
5 5 3.1724583043487536e-06
5 6 1.51094612628647654e-06
5 7 2.16871823040520525e-06
5 8 3.24973337472135991e-05
5 9 4.60786020883327107e-05
5 10 2.08509598798277576e-05
5 11 -5.1224087695546662e-06
5 12 1.51094612628647739e-06
5 13 2.16871823040520525e-06
5 14 2.08509598798277712e-05
6 1 -1.67108712418622454e-05
6 2 -6.05854423350245099e-06
6 3 -3.05622575838717904e-05
6 4 0.000101507748680967105
6 5 1.51094612628647654e-06
6 6 1.12544366210020752e-05
6 7 4.04098915830078033e-06
6 8 5.88277674957414238e-05
6 9 2.08509598798277576e-05
6 10 0.000147108859855262284
6 15 -6.05854423350246285e-06
6 16 1.51094612628647866e-06
6 17 4.04098915830079219e-06
6 18 2.08509598798277915e-05
7 1 -6.3874302855618163e-06
7 2 -0.000973833276803414945
7 3 -0.000913355415491493993
7 4 -0.000288830426835010002
7 5 2.16871823040520525e-06
7 6 4.04098915830078033e-06
7 7 0.00142477415781490672
7 8 2.08509598798277576e-05
7 9 0.00114878408989027526
7 10 0.00167721526516447102
7 29 -0.000252555161931921333
7 30 -0.000693787604684247515
7 32 0.0002829193314213414
7 34 0.00241345972354057008
7 36 0.000826858460612658669
7 41 0.000439933746361986094
7 42 0.00333745486200859309
7 43 0.00132422165058936536
8 1 -0.000433948608209378829
8 2 -0.000103785123971850441
8 3 -0.000151772592308665598
8 4 0.00268443955934837821
8 5 3.24973337472135991e-05
8 6 5.88277674957414238e-05
8 7 2.08509598798277576e-05
8 8 0.00166600210740289602
8 9 0.000387019844468865226
8 10 0.000653669541834527718
8 11 -0.0001517725923086653
8 12 5.88277674957412409e-05
8 13 2.08509598798277712e-05
8 14 0.000653669541834526633
8 15 -0.000103785123971850577
8 16 3.2497333747213633e-05
8 17 2.08509598798277915e-05
8 18 0.000387019844468865877
8 19 -0.000151772592308665544
8 20 5.88277674957413561e-05
8 21 2.08509598798278017e-05
8 22 0.000653669541834527501
8 23 -0.000103785123971850496
8 24 3.24973337472136126e-05
8 25 2.08509598798277949e-05
8 26 0.000387019844468865551
8 27 2.08509598798277881e-05
9 1 -0.000110575758142409967
9 2 -0.00265195085890919348
9 3 -0.000958097923344724232
9 4 0.00120317215452036825
9 5 4.60786020883327107e-05
9 6 2.08509598798277576e-05
9 7 0.00114878408989027526
9 8 0.000387019844468865226
9 9 0.0086404452450784125
9 10 0.00301575025818389981
9 11 -0.000958097923344724124
9 12 2.08509598798277712e-05
9 13 0.00114878408989027504
9 14 0.00301575025818390024
9 30 -0.00184650376645712801
9 34 0.0042041539177855719
9 42 0.00132422165058936536
9 43 0.00561004066762046949
9 45 0.00132422165058936558
10 1 -0.000195913138488426001
10 2 -0.00122231351098182222
10 3 -0.0019293119577445182
10 4 -0.000543210586811836778
10 5 2.08509598798277576e-05
10 6 0.000147108859855262284
10 7 0.00167721526516447102
10 8 0.000653669541834527718
10 9 0.00301575025818389981
10 10 0.0242072960640548653
10 15 -0.001222313510981822
10 16 2.08509598798277881e-05
10 17 0.00167721526516447081
10 18 0.00301575025818389851
10 30 -0.0016933196068858391
10 34 0.00132422165058936536
10 42 0.0046608312453000518
10 43 0.00346987817851250168
10 70 -0.00169331960688583931
10 73 0.00132422165058936536
10 74 0.00466083124530005267
10 76 0.00346987817851250385
10 88 -0.000757426142879002204
10 91 0.00232754470148036638
10 94 0.000147597687827927309
10 97 0.000147597687827927336
10 98 0.000848241951075866078
11 1 4.45914271998378763e-05
11 2 0.000704389784910004974
11 4 -0.000331685593988038626
11 5 -5.1224087695546662e-06
11 8 -0.0001517725923086653
11 9 -0.000958097923344724124
11 11 0.00464130282763671256
11 12 -3.05622575838717633e-05
11 13 -0.000913355415491493884
11 14 -0.0019293119577445182
11 23 0.000704389784910004974
11 24 -5.12240876955467298e-06
11 25 -0.000913355415491493884
11 26 -0.000958097923344724124
11 30 0.000448360636813989314
11 34 -0.00158848231268704965
11 37 0.000353025085179936647
11 38 -0.000302333734085078701
11 40 -0.00169637088793080722
11 43 -0.000777529151579058444
11 44 -0.00275129312356912643
11 45 -0.00102721861160180446
11 186 0.000448360636813989423
11 187 -0.00158848231268704987
11 188 -0.00102721861160180489
11 189 -0.000777529151579058444
11 190 0.00035302508517993643
11 191 -0.000302333734085078755
11 192 -0.00275129312356912556
11 193 -0.00169637088793080787
11 204 0.000396774632323955044
11 205 0.00164618518342605287
11 206 -0.00117493413365157644
11 207 9.58400314475163343e-05
11 208 -0.000288473587162103038
11 209 -0.00350544538527995751
11 210 -0.00193752278925018637
11 211 -0.00108597864420548283
11 212 0.000185707479513141829
11 213 9.58400314475164021e-05
11 214 -0.00193752278925018702
11 215 -0.00117493413365157601
12 1 -1.67108712418621979e-05
12 2 -6.05854423350245861e-06
12 4 0.000101507748680966915
12 5 1.51094612628647739e-06
12 8 5.88277674957412409e-05
12 9 2.08509598798277712e-05
12 11 -3.05622575838717633e-05
12 12 1.12544366210020532e-05
12 13 4.04098915830078965e-06
12 14 0.000147108859855262202
12 23 -6.05854423350246623e-06
12 24 1.51094612628647993e-06
12 25 4.04098915830079389e-06
12 26 2.08509598798277949e-05
13 1 -6.38743028556182138e-06
13 2 -0.000973833276803414728
13 4 -0.000288830426835010056
13 5 2.16871823040520525e-06
13 8 2.08509598798277712e-05
13 9 0.00114878408989027504
13 11 -0.000913355415491493884
13 12 4.04098915830078965e-06
13 13 0.0014247741578149065
13 14 0.00167721526516447124
13 30 -0.000693787604684247623
13 34 0.00241345972354057008
13 37 -0.000252555161931921441
13 38 0.000282919331421341562
13 40 0.000826858460612658885
13 43 0.00132422165058936558
13 44 0.000439933746361985932
13 45 0.00333745486200859309
14 1 -0.000195913138488425784
14 2 -0.00122231351098182222
14 4 -0.000543210586811837212
14 5 2.08509598798277712e-05
14 8 0.000653669541834526633
14 9 0.00301575025818390024
14 11 -0.0019293119577445182
14 12 0.000147108859855262202
14 13 0.00167721526516447124
14 14 0.0242072960640548618
14 23 -0.00122231351098182222
14 24 2.08509598798277949e-05
14 25 0.00167721526516447124
14 26 0.00301575025818389894
14 30 -0.00169331960688584018
14 34 0.00132422165058936558
14 43 0.00346987817851250385
14 45 0.00466083124530005354
14 186 -0.00169331960688583931
14 187 0.00132422165058936536
14 188 0.00466083124530005007
14 189 0.00346987817851250211
14 204 -0.000757426142879002095
14 205 0.00232754470148036638
14 207 0.000147597687827927254
14 212 0.000848241951075866078
14 213 0.000147597687827927281
15 1 2.96709550658456219e-05
15 3 0.000704389784910004865
15 4 6.64121385095556727e-05
15 6 -6.05854423350246285e-06
15 8 -0.000103785123971850577
15 10 -0.001222313510981822
15 15 0.00217116403208371779
15 16 -1.16902666594514186e-05
15 17 -0.000973833276803414511
15 18 -0.00265195085890919391
15 19 0.000704389784910004757
15 20 -6.05854423350246623e-06
15 21 -0.000973833276803414295
15 22 -0.001222313510981822
15 69 0.000399544316224257549
15 70 0.0011056450588456349
15 71 -0.000665220829110744691
15 72 -0.000380840941555401103
15 73 -0.00598648862885553436
15 74 -0.00205047988192106137
15 75 -0.00190310991580293788
15 76 -0.00228273821794247166
15 77 0.000331213308806892182
15 78 -0.00029270767845704696
15 79 -0.000173546441121983974
15 80 -0.00106376820157518112
15 81 0.000399544316224257549
15 82 -0.000665220829110744691
15 83 -0.000173546441121983974
15 84 -0.00190310991580293722
15 85 -0.0020504798819210605
15 86 -0.00038084094155540094
16 1 -8.85095416496884455e-06
16 3 -5.12240876955467128e-06
16 4 6.66854972184159655e-05
16 6 1.51094612628647866e-06
16 8 3.2497333747213633e-05
16 10 2.08509598798277881e-05
16 15 -1.16902666594514186e-05
16 16 3.1724583043487591e-06
16 17 2.1687182304052078e-06
16 18 4.60786020883328056e-05
16 19 -5.12240876955467298e-06
16 20 1.51094612628648035e-06
16 21 2.1687182304052078e-06
16 22 2.08509598798278017e-05
17 1 -6.387430285561829e-06
17 3 -0.000913355415491493667
17 4 -0.000288830426835010056
17 6 4.04098915830079219e-06
17 8 2.08509598798277915e-05
17 10 0.00167721526516447081
17 15 -0.000973833276803414511
17 16 2.1687182304052078e-06
17 17 0.00142477415781490607
17 18 0.00114878408989027461
17 69 -0.000252555161931921441
17 70 -0.000693787604684247623
17 71 0.000282919331421341617
17 72 0.000439933746361986094
17 73 0.00241345972354056922
17 74 0.00333745486200859309
17 75 0.000826858460612658994
17 76 0.00132422165058936536
18 1 -0.000110575758142410156
18 3 -0.00095809792334472369
18 4 0.00120317215452037151
18 6 2.08509598798277915e-05
18 8 0.000387019844468865877
18 10 0.00301575025818389851
18 15 -0.00265195085890919391
18 16 4.60786020883328056e-05
18 17 0.00114878408989027461
18 18 0.00864044524507841596
18 19 -0.000958097923344724016
18 20 2.08509598798277983e-05
18 21 0.00114878408989027483
18 22 0.00301575025818389851
18 70 -0.00184650376645712822
18 73 0.00420415391778557017
18 74 0.00132422165058936536
18 76 0.00561004066762046949
18 85 0.00132422165058936558
19 1 4.45914271998379373e-05
19 4 -0.000331685593988038843
19 8 -0.000151772592308665544
19 15 0.000704389784910004757
19 16 -5.12240876955467298e-06
19 18 -0.000958097923344724016
19 19 0.00464130282763671256
19 20 -3.0562257583871804e-05
19 21 -0.00091335541549149345
19 22 -0.00192931195774451864
19 23 0.000704389784910005082
19 24 -5.12240876955466874e-06
19 26 -0.000958097923344724124
19 27 -0.000913355415491493884
19 70 0.000448360636813989477
19 73 -0.001588482312687049
19 76 -0.000777529151579058552
19 81 0.000353025085179936322
19 82 -0.000302333734085078701
19 84 -0.001696370887930807
19 85 -0.00102721861160180467
19 86 -0.00275129312356912469
19 186 0.000448360636813989368
19 187 -0.00158848231268704987
19 189 -0.000777529151579058444
19 194 -0.00102721861160180489
19 195 0.00035302508517993643
19 196 -0.000302333734085078918
19 197 -0.00275129312356912556
19 198 -0.00169637088793080744
19 234 0.000396774632323954989
19 235 0.00164618518342605396
19 236 0.000185707479513141802
19 237 9.58400314475164156e-05
19 238 9.5840031447516375e-05
19 239 -0.00117493413365157623
19 240 -0.000288473587162103038
19 241 -0.00350544538527995707
19 242 -0.00193752278925018637
19 243 -0.00108597864420548261
19 244 -0.00117493413365157666
19 245 -0.00193752278925018659
20 1 -1.67108712418622318e-05
20 4 0.000101507748680967064
20 8 5.88277674957413561e-05
20 15 -6.05854423350246623e-06
20 16 1.51094612628648035e-06
20 18 2.08509598798277983e-05
20 19 -3.0562257583871804e-05
20 20 1.12544366210020735e-05
20 21 4.04098915830079558e-06
20 22 0.000147108859855262311
20 23 -6.058544233502462e-06
20 24 1.51094612628647823e-06
20 26 2.08509598798277881e-05
20 27 4.04098915830079389e-06
21 1 -6.38743028556183154e-06
21 4 -0.000288830426835010056
21 8 2.08509598798278017e-05
21 15 -0.000973833276803414295
21 16 2.1687182304052078e-06
21 18 0.00114878408989027483
21 19 -0.00091335541549149345
21 20 4.04098915830079558e-06
21 21 0.00142477415781490585
21 22 0.00167721526516447081
21 70 -0.000693787604684247623
21 73 0.00241345972354056922
21 76 0.00132422165058936558
21 81 -0.000252555161931921387
21 82 0.0002829193314213414
21 84 0.000826858460612658777
21 85 0.00333745486200859223
21 86 0.000439933746361985878
22 1 -0.000195913138488426055
22 4 -0.000543210586811837103
22 8 0.000653669541834527501
22 15 -0.001222313510981822
22 16 2.08509598798278017e-05
22 18 0.00301575025818389851
22 19 -0.00192931195774451864
22 20 0.000147108859855262311
22 21 0.00167721526516447081
22 22 0.0242072960640548583
22 23 -0.001222313510981822
22 24 2.08509598798277881e-05
22 26 0.00301575025818390024
22 27 0.00167721526516447124
22 70 -0.00169331960688583953
22 73 0.00132422165058936558
22 76 0.00346987817851250342
22 85 0.0046608312453000518
22 186 -0.00169331960688583975
22 187 0.00132422165058936558
22 189 0.00346987817851250298
22 194 0.00466083124530005354
22 234 -0.000757426142879001878
22 235 0.00232754470148036638
22 236 0.000848241951075865861
22 237 0.000147597687827927363
22 238 0.000147597687827927309
23 1 2.96709550658455948e-05
23 4 6.64121385095562419e-05
23 8 -0.000103785123971850496
23 11 0.000704389784910004974
23 12 -6.05854423350246623e-06
23 14 -0.00122231351098182222
23 19 0.000704389784910005082
23 20 -6.058544233502462e-06
23 22 -0.001222313510981822
23 23 0.00217116403208371736
23 24 -1.1690266659451405e-05
23 25 -0.000973833276803414945
23 26 -0.00265195085890919304
23 27 -0.000973833276803414728
23 186 0.00110564505884563533
23 187 -0.00598648862885553523
23 188 -0.00205047988192106137
23 189 -0.0022827382179424721
23 190 0.000399544316224257603
23 191 -0.000665220829110744908
23 192 -0.00038084094155540094
23 193 -0.00190310991580293744
23 194 -0.00205047988192106137
23 195 0.000399544316224257549
23 196 -0.000665220829110744582
23 197 -0.000380840941555401211
23 198 -0.00190310991580293701
23 199 0.000331213308806892074
23 200 -0.000292707678457046852
23 201 -0.00017354644112198411
23 202 -0.00106376820157518068
23 203 -0.000173546441121983974
24 1 -8.85095416496883777e-06
24 4 6.66854972184158977e-05
24 8 3.24973337472136126e-05
24 11 -5.12240876955467298e-06
24 12 1.51094612628647993e-06
24 14 2.08509598798277949e-05
24 19 -5.12240876955466874e-06
24 20 1.51094612628647823e-06
24 22 2.08509598798277881e-05
24 23 -1.1690266659451405e-05
24 24 3.17245830434875444e-06
24 25 2.16871823040520737e-06
24 26 4.60786020883327242e-05
24 27 2.16871823040520652e-06
25 1 -6.38743028556182985e-06
25 4 -0.000288830426835010056
25 8 2.08509598798277949e-05
25 11 -0.000913355415491493884
25 12 4.04098915830079389e-06
25 14 0.00167721526516447124
25 23 -0.000973833276803414945
25 24 2.16871823040520737e-06
25 25 0.00142477415781490672
25 26 0.00114878408989027504
25 186 -0.000693787604684247515
25 187 0.00241345972354057008
25 188 0.00333745486200859353
25 189 0.00132422165058936514
25 190 -0.000252555161931921333
25 191 0.000282919331421341454
25 192 0.000439933746361985986
25 193 0.000826858460612658777
26 1 -0.000110575758142410062
26 4 0.00120317215452036912
26 8 0.000387019844468865551
26 11 -0.000958097923344724124
26 12 2.08509598798277949e-05
26 14 0.00301575025818389894
26 19 -0.000958097923344724124
26 20 2.08509598798277881e-05
26 22 0.00301575025818390024
26 23 -0.00265195085890919304
26 24 4.60786020883327242e-05
26 25 0.00114878408989027504
26 26 0.0086404452450784125
26 27 0.00114878408989027483
26 186 -0.00184650376645712801
26 187 0.0042041539177855719
26 188 0.00132422165058936514
26 189 0.00561004066762046862
26 194 0.00132422165058936558
27 1 -6.38743028556182731e-06
27 4 -0.000288830426835009894
27 8 2.08509598798277881e-05
27 19 -0.000913355415491493884
27 20 4.04098915830079389e-06
27 22 0.00167721526516447124
27 23 -0.000973833276803414728
27 24 2.16871823040520652e-06
27 26 0.00114878408989027483
27 27 0.0014247741578149065
27 186 -0.000693787604684247623
27 187 0.00241345972354057008
27 189 0.00132422165058936558
27 194 0.00333745486200859396
27 195 -0.000252555161931921604
27 196 0.000282919331421341725
27 197 0.000439933746361986365
27 198 0.000826858460612659428
28 2 0.000331213308806891965
28 28 0.00259109616378466918
28 29 0.0008010350470418129
28 30 0.00104152867059439415
28 31 -0.000298639105153796218
28 32 -0.000169835484653273558
28 33 -0.00192662673753041269
28 34 -0.00103284745695653179
28 35 -0.00440970469490347197
28 36 -0.00217219308051815833
28 37 0.000801035047041812791
28 38 -0.000169835484653273585
28 39 -0.00192662673753041225
28 40 -0.00217219308051815833
28 46 0.000113799318793209264
28 47 0.000348953237857642536
28 48 0.000285572428291706187
28 49 -6.99993434551121206e-05
28 50 -0.000287578062857362358
28 51 -2.64480092076703198e-05
28 52 -0.00630263676557626159
28 53 -0.000388276412193433202
28 54 -0.00123948843209403131
28 55 0.000348953237857642698
28 56 -0.000287578062857362575
28 57 -2.64480092076703164e-05
28 58 -0.00123948843209403196
28 59 -0.000279446408650360222
28 60 -0.00269263985439104851
28 61 -0.00179035619934341623
28 62 -0.000279446408650360493
28 63 -0.00269263985439104807
29 2 0.000399544316224257549
29 3 0.000353025085179936322
29 7 -0.000252555161931921333
29 28 0.0008010350470418129
29 29 0.010330912252347715
29 30 -2.5324224911090962e-05
29 31 -0.000116190293497907195
29 32 -0.000513580479140315124
29 33 -0.00121697447772201105
29 34 -0.00125206103021292814
29 35 -0.00152807901886351655
29 36 0.000421405035379883832
29 41 -0.00176566212348370707
29 42 -0.00151283499986786625
29 47 0.0007394252719271461
29 48 2.3558913263966669e-05
29 50 -0.000185605239516282034
29 52 -0.00185571314825286392
29 54 -0.00218193203406266386
29 59 -0.00194146186121034068
29 60 -0.000248635769846970332
29 61 -0.000427055282119532566
29 87 -0.000783955168084285773
29 88 -8.09775697080371959e-05
29 89 -0.00170015245406936384
29 90 -0.00240848801605613892
29 91 -0.0011570319629395291
29 92 0.0017492518811537479
29 93 -0.000384563877367356864
29 94 6.77064730891522429e-06
29 99 0.000380435949867255095
29 100 0.000321788136507391209
29 101 -0.00256982694028021035
29 102 -0.00105802399616254194
29 103 0.00216355054599544697
29 104 -0.00204382251911496005
29 105 -0.00213553997715457654
29 106 -0.000167560264917403066
29 107 -0.00263289961035307381
29 108 -0.000292713104734513923
29 109 6.3281168748446524e-05
29 110 7.91499949706771482e-05
30 2 0.0011056450588456349
30 3 0.000448360636813989531
30 4 0.000764587684419252775
30 7 -0.000693787604684247515
30 9 -0.00184650376645712801
30 10 -0.0016933196068858391
30 11 0.000448360636813989314
30 13 -0.000693787604684247623
30 14 -0.00169331960688584018
30 28 0.00104152867059439415
30 29 -2.5324224911090962e-05
30 30 0.00390088174206241122
30 31 7.53918227518169087e-05
30 32 -0.000380560893158697015
30 33 -0.00117993619345409489
30 34 -0.00153716515404374397
30 35 -0.00191770991600568111
30 36 -0.00440228803665988246
30 37 -2.53242249110909349e-05
30 38 -0.000380560893158697231
30 39 -0.00117993619345409468
30 40 -0.00440228803665988332
30 41 -0.00187247997911070075
30 42 -0.00360349642887045291
30 43 -0.00238125427601080034
30 44 -0.00187247997911070118
30 45 -0.00360349642887045551
30 48 0.000958547225048048254
30 52 -0.00235744950158252656
30 60 -0.00130117426751775013
30 61 -0.00169570908114822713
30 63 -0.00130117426751775013
30 88 0.000314291697837741223
30 91 -0.000733983616238844034
30 92 -0.000443377653662094945
30 94 -0.000227323298697210309
30 98 -4.63731744760341975e-05
30 100 3.12279375528937844e-05
30 103 -0.000114161083087717364
30 106 -5.48874659884897468e-06
30 109 -2.03494594818413227e-06
30 110 -1.4349792154599831e-05
30 204 0.000314291697837741114
30 205 -0.000733983616238843709
30 206 -0.000443377653662094891
30 207 -0.000227323298697210282
30 212 -4.63731744760341704e-05
30 216 3.12279375528937505e-05
30 217 -0.000114161083087717188
30 219 -5.48874659884897044e-06
30 224 -1.43497921545998106e-05
30 225 -2.03494594818413058e-06
31 2 -0.000292707678457046689
31 28 -0.000298639105153796218
31 29 -0.000116190293497907195
31 30 7.53918227518169087e-05
31 31 0.000272859653938465414
31 32 0.000126803948372000355
31 33 0.000134225861309421134
31 34 0.00102441605254870757
31 35 0.00108625754178600471
31 36 0.000445247607930361014
31 37 -0.000116190293497907154
31 38 0.000126803948372000382
31 39 0.00013422586130942108
31 40 0.000445247607930361069
32 2 -0.000665220829110744474
32 3 -0.000302333734085078593
32 7 0.0002829193314213414
32 28 -0.000169835484653273558
32 29 -0.000513580479140315124
32 30 -0.000380560893158697015
32 31 0.000126803948372000355
32 32 0.00114150849228198932
32 33 0.000241516243620153859
32 34 0.00199313777820022981
32 35 0.000445247607930361123
32 36 0.00329523554938024798
32 41 0.000539490890668300506
32 42 0.000826858460612658669
33 2 -0.000173546441121983947
33 28 -0.00192662673753041269
33 29 -0.00121697447772201105
33 30 -0.00117993619345409489
33 31 0.000134225861309421134
33 32 0.000241516243620153859
33 33 0.00392515636881919216
33 34 0.000445247607930361069
33 35 0.00338219993917327714
33 36 0.0046704280624825607
33 47 -0.000250541050749427405
33 48 -0.00106660541996488273
33 50 0.000174954987788147399
33 52 0.0035587166661606366
33 54 0.00069733759274327148
33 59 0.000362637326056303719
33 60 0.00523257007843700578
33 61 0.00158858287753158478
34 2 -0.00598648862885553523
34 3 -0.00158848231268704987
34 4 -0.0015797948430250233
34 7 0.00241345972354057008
34 9 0.0042041539177855719
34 10 0.00132422165058936536
34 11 -0.00158848231268704965
34 13 0.00241345972354057008
34 14 0.00132422165058936558
34 28 -0.00103284745695653179
34 29 -0.00125206103021292814
34 30 -0.00153716515404374397
34 31 0.00102441605254870757
34 32 0.00199313777820022981
34 33 0.000445247607930361069
34 34 0.0228515088327953739
34 35 0.00330273610120270216
34 36 0.0050382358234887098
34 37 -0.00125206103021292771
34 38 0.00199313777820022981
34 39 0.000445247607930361069
34 40 0.0050382358234887098
34 41 0.000826858460612658669
34 42 0.00512684427801419779
34 43 0.00507662282075625922
34 44 0.000826858460612658885
34 45 0.00512684427801419693
35 2 -0.00106376820157518025
35 28 -0.00440970469490347197
35 29 -0.00152807901886351655
35 30 -0.00191770991600568111
35 31 0.00108625754178600471
35 32 0.000445247607930361123
35 33 0.00338219993917327714
35 34 0.00330273610120270216
35 35 0.0178784167933666166
35 36 0.00536671371330140444
35 37 -0.00152807901886351633
35 38 0.000445247607930361069
35 39 0.00338219993917327714
35 40 0.00536671371330140271
35 48 -0.00210903466015325506
35 52 0.0057558025684083941
35 60 0.00158858287753158478
35 61 0.00462161596393017432
35 63 0.00158858287753158413
36 2 -0.00190310991580293679
36 3 -0.00169637088793080744
36 7 0.000826858460612658669
36 28 -0.00217219308051815833
36 29 0.000421405035379883832
36 30 -0.00440228803665988246
36 31 0.000445247607930361014
36 32 0.00329523554938024798
36 33 0.0046704280624825607
36 34 0.0050382358234887098
36 35 0.00536671371330140444
36 36 0.0229564598077115732
36 41 0.00568887472856529318
36 42 0.00496958477007962592
36 48 -0.00120509758306147543
36 52 0.00158858287753158457
36 60 0.00340385755179076818
36 61 0.00165561958099433304
36 88 -0.000492960903299413103
36 91 0.000621968544905063324
36 92 0.00124287723464024547
36 94 0.000342580632698224747
36 100 -0.000123039627505045808
36 103 0.00044646681497171963
36 106 2.01032718360988176e-05
36 109 7.83133437770781585e-06
36 110 5.98446588549306332e-05
37 2 0.000399544316224257495
37 11 0.000353025085179936647
37 13 -0.000252555161931921441
37 28 0.000801035047041812791
37 30 -2.53242249110909349e-05
37 31 -0.000116190293497907154
37 34 -0.00125206103021292771
37 35 -0.00152807901886351633
37 37 0.0103309122523477133
37 38 -0.000513580479140314907
37 39 -0.00121697447772201083
37 40 0.000421405035379884157
37 44 -0.00176566212348370816
37 45 -0.00151283499986786711
37 48 2.35589132639664521e-05
37 52 -0.00185571314825286283
37 55 0.000739425271927146208
37 56 -0.000185605239516282116
37 58 -0.00218193203406266342
37 61 -0.000427055282119532403
37 62 -0.00194146186121034112
37 63 -0.000248635769846967405
37 204 -8.09775697080368707e-05
37 205 -0.00115703196293952953
37 206 0.0017492518811537466
37 207 6.77064730891525478e-06
37 208 -0.000783955168084285556
37 209 -0.00170015245406936384
37 210 -0.00240848801605613545
37 211 -0.000384563877367356756
37 216 0.000321788136507391155
37 217 0.00216355054599544523
37 218 -0.00204382251911495874
37 219 -0.000167560264917402876
37 220 0.000380435949867255637
37 221 -0.00256982694028021035
37 222 -0.0010580239961625426
37 223 -0.0021355399771545761
37 224 7.91499949706770669e-05
37 225 6.3281168748446524e-05
37 226 -0.00263289961035307338
37 227 -0.000292713104734513652
38 2 -0.000665220829110744474
38 11 -0.000302333734085078701
38 13 0.000282919331421341562
38 28 -0.000169835484653273585
38 30 -0.000380560893158697231
38 31 0.000126803948372000382
38 34 0.00199313777820022981
38 35 0.000445247607930361069
38 37 -0.000513580479140314907
38 38 0.00114150849228198932
38 39 0.000241516243620153994
38 40 0.00329523554938024842
38 44 0.000539490890668300506
38 45 0.000826858460612658885
39 2 -0.000173546441121983947
39 28 -0.00192662673753041225
39 30 -0.00117993619345409468
39 31 0.00013422586130942108
39 34 0.000445247607930361069
39 35 0.00338219993917327714
39 37 -0.00121697447772201083
39 38 0.000241516243620153994
39 39 0.00392515636881919129
39 40 0.00467042806248256157
39 48 -0.00106660541996488317
39 52 0.0035587166661606353
39 55 -0.000250541050749427513
39 56 0.000174954987788147453
39 58 0.000697337592743271805
39 61 0.00158858287753158413
39 62 0.000362637326056304045
39 63 0.00523257007843700578
40 2 -0.00190310991580293701
40 11 -0.00169637088793080722
40 13 0.000826858460612658885
40 28 -0.00217219308051815833
40 30 -0.00440228803665988332
40 31 0.000445247607930361069
40 34 0.0050382358234887098
40 35 0.00536671371330140271
40 37 0.000421405035379884157
40 38 0.00329523554938024842
40 39 0.00467042806248256157
40 40 0.0229564598077115767
40 44 0.00568887472856529578
40 45 0.00496958477007962765
40 48 -0.00120509758306147565
40 52 0.00158858287753158435
40 61 0.00165561958099433304
40 63 0.00340385755179076861
40 204 -0.000492960903299413103
40 205 0.000621968544905063107
40 206 0.00124287723464024547
40 207 0.000342580632698224747
40 216 -0.000123039627505045645
40 217 0.000446466814971719088
40 219 2.01032718360988007e-05
40 224 5.98446588549305587e-05
40 225 7.83133437770780568e-06
41 2 -0.000380840941555400994
41 3 -0.00275129312356912556
41 7 0.000439933746361986094
41 29 -0.00176566212348370707
41 30 -0.00187247997911070075
41 32 0.000539490890668300506
41 34 0.000826858460612658669
41 36 0.00568887472856529318
41 41 0.0141766204527637128
41 42 0.00532180295243941254
41 87 -0.00106673283692885232
41 88 -0.00280337974584903048
41 89 0.00396401899040325738
41 90 0.00443875966076490332
41 91 0.00572910328107887994
41 92 0.00576490762250297592
41 93 0.00156975159159317558
41 94 0.000621968544905063324
42 2 -0.00205047988192106137
42 3 -0.00102721861160180641
42 4 -0.00137300568497283285
42 7 0.00333745486200859309
42 9 0.00132422165058936536
42 10 0.0046608312453000518
42 29 -0.00151283499986786625
42 30 -0.00360349642887045291
42 32 0.000826858460612658669
42 34 0.00512684427801419779
42 36 0.00496958477007962592
42 41 0.00532180295243941254
42 42 0.0180104791210508597
42 43 0.00282925033468648963
42 88 -0.00082159827038955492
42 91 0.00234159754052380709
42 92 0.000621968544905063324
42 94 0.000681950245151086783
42 98 0.000147597687827927309
43 2 -0.0022827382179424721
43 3 -0.000777529151579058444
43 4 -0.00167263708617943494
43 7 0.00132422165058936536
43 9 0.00561004066762046949
43 10 0.00346987817851250168
43 11 -0.000777529151579058444
43 13 0.00132422165058936558
43 14 0.00346987817851250385
43 30 -0.00238125427601080034
43 34 0.00507662282075625922
43 42 0.00282925033468648963
43 43 0.00638805388871010321
43 45 0.00282925033468649093
43 88 -5.06913901236103503e-05
43 91 0.000147597687827927309
43 94 3.09814821169690621e-05
43 98 4.65314413713617601e-05
43 204 -5.06913901236103097e-05
43 205 0.000147597687827927254
43 207 3.0981482116969035e-05
43 212 4.65314413713617398e-05
44 2 -0.000380840941555400994
44 11 -0.00275129312356912643
44 13 0.000439933746361985932
44 30 -0.00187247997911070118
44 34 0.000826858460612658885
44 37 -0.00176566212348370816
44 38 0.000539490890668300506
44 40 0.00568887472856529578
44 44 0.0141766204527637163
44 45 0.00532180295243941427
44 204 -0.00280337974584903135
44 205 0.00572910328107888167
44 206 0.00576490762250297592
44 207 0.000621968544905063107
44 208 -0.00106673283692885232
44 209 0.00396401899040325564
44 210 0.00443875966076490245
44 211 0.00156975159159317558
45 2 -0.00205047988192106137
45 4 -0.00137300568497283329
45 9 0.00132422165058936558
45 11 -0.00102721861160180446
45 13 0.00333745486200859309
45 14 0.00466083124530005354
45 30 -0.00360349642887045551
45 34 0.00512684427801419693
45 37 -0.00151283499986786711
45 38 0.000826858460612658885
45 40 0.00496958477007962765
45 43 0.00282925033468649093
45 44 0.00532180295243941427
45 45 0.018010479121050877
45 204 -0.00082159827038955492
45 205 0.00234159754052380709
45 206 0.000621968544905063107
45 207 0.000681950245151086891
45 212 0.000147597687827927254
46 28 0.000113799318793209264
46 46 0.000340409826302487709
46 47 0.000157106767049510669
46 48 -0.000970221881090448058
46 49 -5.57903417998543901e-05
46 50 -2.9019509561403402e-05
46 51 -8.50293996415121052e-05
46 52 -0.000430501592070251079
46 53 -0.00127067576457629179
46 54 -0.000629897566598164576
46 55 0.000157106767049510778
46 56 -2.9019509561403402e-05
46 57 -8.50293996415121866e-05
46 58 -0.00062989756659816501
46 64 0.000192361198920473108
46 65 -0.000108854414388957147
46 66 -5.64020367002959663e-05
46 67 -0.000773303127207027605
46 68 -5.64020367002959934e-05
47 28 0.000348953237857642536
47 29 0.0007394252719271461
47 33 -0.000250541050749427405
47 46 0.000157106767049510669
47 47 0.00365762938352314241
47 48 0.000619139086089861256
47 49 -2.44108522367286587e-05
47 50 -0.000317499524852588966
47 51 -0.000117368480354295692
47 52 -0.0011082999201108769
47 53 -0.000518107161799118664
47 54 -0.00703209839014911579
47 59 -0.00340318286856340288
47 60 -0.00257557727292442602
47 64 0.00067638527789251363
47 65 -4.74365815426049223e-05
47 66 -0.00075873640640616055
47 67 -0.00211847944003857496
47 99 0.0009470023108486352
47 100 0.00217200677002947918
47 101 -0.00142149367498210213
47 102 -0.00282729025216858082
47 103 -0.00212372867306194306
47 104 -0.00307889616492005485
47 105 -0.00324435420009696468
47 106 -0.000421276830956422157
47 111 0.000892448345325907847
47 112 -0.00479201285910695052
47 113 -0.00170315131928109697
47 114 -0.00262012677006102056
47 115 -0.00341550922683998663
47 116 -0.000670942412713597456
48 28 0.000285572428291706187
48 29 2.3558913263966669e-05
48 30 0.000958547225048048254
48 33 -0.00106660541996488273
48 35 -0.00210903466015325506
48 36 -0.00120509758306147543
48 37 2.35589132639664521e-05
48 39 -0.00106660541996488317
48 40 -0.00120509758306147565
48 46 -0.000970221881090448058
48 47 0.000619139086089861256
48 48 0.0101720753368059538
48 49 0.000196075181971927065
48 50 0.000216945463845332251
48 51 0.000241003011633459058
48 52 0.00119836487499829208
48 53 0.00361869197247608951
48 54 -0.00176706100821708706
48 55 0.000619139086089861039
48 56 0.000216945463845332333
48 57 0.000241003011633459302
48 58 -0.00176706100821708532
48 59 -0.00176977425466133759
48 60 -0.00376954165779125891
48 61 -0.00157725420317183932
48 62 -0.00176977425466133802
48 63 -0.00376954165779126021
48 64 0.00194593276441544982
48 65 0.000270623475510842779
48 66 -7.39996144080317698e-05
48 67 -0.00315587992460923152
48 68 -7.39996144080313362e-05
48 100 0.000998547745354853595
48 103 -0.000785240319917971763
48 104 -0.0020263962121009919
48 106 -0.000964374478764884881
48 110 -5.35842940267382143e-06
48 111 0.000571920315869947453
48 112 -0.00303030735173270577
48 114 -0.00109009271309826791
48 115 -0.00681703327080051408
48 116 -0.00253757644466310814
48 216 0.000998547745354853812
48 217 -0.000785240319917971763
48 218 -0.00202639621210099277
48 219 -0.000964374478764884989
48 224 -5.3584294026738155e-06
48 228 0.000571920315869947019
48 229 -0.00303030735173270577
48 230 -0.00681703327080051408
48 231 -0.0025375764446631077
48 232 -0.00109009271309826812
48 246 0.00143013310648073969
48 247 -0.00338101209050122638
48 248 -0.00456128119105685299
48 249 -0.00308056211480422582
48 250 -0.00308056211480422625
48 251 -5.10959464851432491e-05
48 252 -5.10959464851432695e-05
49 28 -6.99993434551121206e-05
49 46 -5.57903417998543901e-05
49 47 -2.44108522367286587e-05
49 48 0.000196075181971927065
49 49 3.3094099392566272e-05
49 50 1.57836673865637015e-05
49 51 1.06406666790975354e-05
49 52 0.000286698707777247237
49 53 0.000202248348023611481
49 54 9.10770562097004232e-05
49 55 -2.44108522367286655e-05
49 56 1.57836673865637049e-05
49 57 1.06406666790975354e-05
49 58 9.10770562097004097e-05
50 28 -0.000287578062857362358
50 29 -0.000185605239516282034
50 33 0.000174954987788147399
50 46 -2.9019509561403402e-05
50 47 -0.000317499524852588966
50 48 0.000216945463845332251
50 49 1.57836673865637015e-05
50 50 0.000267559746827780883
50 51 1.98579813284470169e-05
50 52 0.000994294263578117182
50 53 9.10770562097004232e-05
50 54 0.00125667128754442599
50 59 0.000232765703590013059
50 60 0.00069733759274327148
51 28 -2.64480092076703198e-05
51 46 -8.50293996415121052e-05
51 47 -0.000117368480354295692
51 48 0.000241003011633459058
51 49 1.06406666790975354e-05
51 50 1.98579813284470169e-05
51 51 6.2911286277317913e-05
51 52 9.10770562097004232e-05
51 53 0.000296276707987315306
51 54 0.000519857517585407022
51 64 -4.64574065675578109e-05
51 65 2.09334400860219976e-05
51 66 3.88643504014040585e-05
51 67 0.000166854536134303455
52 28 -0.00630263676557626159
52 29 -0.00185571314825286392
52 30 -0.00235744950158252656
52 33 0.0035587166661606366
52 35 0.0057558025684083941
52 36 0.00158858287753158457
52 37 -0.00185571314825286283
52 39 0.0035587166661606353
52 40 0.00158858287753158435
52 46 -0.000430501592070251079
52 47 -0.0011082999201108769
52 48 0.00119836487499829208
52 49 0.000286698707777247237
52 50 0.000994294263578117182
52 51 9.10770562097004232e-05
52 52 0.0247839877035290861
52 53 0.00145540189610796782
52 54 0.00390716205545684446
52 55 -0.00110829992011087777
52 56 0.000994294263578118483
52 57 9.10770562097004097e-05
52 58 0.00390716205545684793
52 59 0.000697337592743271588
52 60 0.00681078553501296858
52 61 0.00511844564678871732
52 62 0.000697337592743271805
52 63 0.00681078553501296598
53 28 -0.000388276412193433202
53 46 -0.00127067576457629179
53 47 -0.000518107161799118664
53 48 0.00361869197247608951
53 49 0.000202248348023611481
53 50 9.10770562097004232e-05
53 51 0.000296276707987315306
53 52 0.00145540189610796782
53 53 0.00490109431575386917
53 54 0.00203807786445056247
53 55 -0.000518107161799119097
53 56 9.10770562097004232e-05
53 57 0.000296276707987315631
53 58 0.0020380778644505642
53 64 -0.000624243765358331853
53 65 0.0003735315074263714
53 66 0.000166854536134303455
53 67 0.00246138471286211184
53 68 0.000166854536134303591
54 28 -0.00123948843209403131
54 29 -0.00218193203406266386
54 33 0.00069733759274327148
54 46 -0.000629897566598164576
54 47 -0.00703209839014911579
54 48 -0.00176706100821708706
54 49 9.10770562097004232e-05
54 50 0.00125667128754442599
54 51 0.000519857517585407022
54 52 0.00390716205545684446
54 53 0.00203807786445056247
54 54 0.0389549383812767686
54 59 0.00592941618392167115
54 60 0.00754102222044784887
54 64 -0.00218773676880177704
54 65 0.000166854536134303455
54 66 0.0027107663300818415
54 67 0.00679972598134292918
54 100 -0.00248467305354788722
54 103 0.00127665880078306026
54 104 0.00643790578584266943
54 106 0.00322766702355353026
54 111 -0.0027842290296480705
54 112 0.00867564691788605402
54 114 0.00130757394467202834
54 115 0.00944605066810061574
54 116 0.00164585190020347149
55 28 0.000348953237857642698
55 37 0.000739425271927146208
55 39 -0.000250541050749427513
55 46 0.000157106767049510778
55 48 0.000619139086089861039
55 49 -2.44108522367286655e-05
55 52 -0.00110829992011087777
55 53 -0.000518107161799119097
55 55 0.00365762938352314241
55 56 -0.000317499524852589291
55 57 -0.000117368480354295787
55 58 -0.00703209839014911752
55 62 -0.00340318286856340331
