% 1864x1864 20048 nonzeros
1 1 0.0434178080675036646
1 2 -0.0167284217803050084
1 3 -0.00180763737989409834
1 4 0.0195286316857746223
1 5 -0.00115044697483371468
1 6 -0.024360381164421175
1 7 0.00641020892064887021
1 8 -0.0253097613744731678
2 1 -0.0167284217803050084
2 2 0.339251158772197525
2 3 -0.197278155473334466
2 4 0.0793798330603004698
2 5 -0.185539770475580679
2 9 -0.100667232277509289
2 10 -0.0128024129435464068
2 11 0.125327152068352821
2 12 -0.0309421509505749259
3 1 -0.00180763737989409834
3 2 -0.197278155473334466
3 3 1.40271738340772778
3 4 -0.337304925747043738
3 6 -0.243722962253064029
3 10 -0.394525919921722035
3 11 -0.00456835469090521168
3 32 -0.452864148627297458
3 33 0.0909915738493620729
3 34 -0.0426997462092158497
3 35 0.181062893045387197
4 1 0.0195286316857746223
4 2 0.0793798330603004698
4 3 -0.337304925747043738
4 4 3.40201949716313612
4 5 -0.687192253213548154
4 6 0.0152052954401712386
4 7 -0.632338990170742798
4 8 -0.0947816484237202495
4 11 -0.645412181980443589
4 33 -0.676478967174806267
4 35 -0.0751346747371319651
4 175 -0.359404836642931047
4 176 -0.0140243238302710602
4 189 0.00593954457125620613
5 1 -0.00115044697483371468
5 2 -0.185539770475580679
5 4 -0.687192253213548154
5 5 2.99627133800636525
5 8 -0.582776602586821957
5 11 -0.107409328142070423
5 12 -0.598302478319752806
5 139 -0.486793552177683053
5 152 -0.0310022606088870036
5 158 -0.476005151168778562
5 159 -0.0446427059111881366
5 175 0.103440206170895707
5 176 0.101103005401883203
6 1 -0.024360381164421175
6 3 -0.243722962253064029
6 4 0.0152052954401712386
6 6 0.583055858763460444
6 7 -0.272742105854734684
6 26 -0.0243603811644208385
6 27 -0.243722962253063585
6 28 0.0152052954401710998
6 32 -0.0210307700703686526
6 33 0.216473113116270321
7 1 0.00641020892064887021
7 4 -0.632338990170742798
7 6 -0.272742105854734684
7 7 3.30835545540136478
7 8 -0.613210391405957678
7 26 0.0064102089206488494
7 28 -0.632338990170742576
7 31 -0.613210391405958122
7 33 -0.121798808985204454
7 155 -0.0407380387340947475
7 174 -0.455736256927639916
7 175 0.0106691512853116788
7 188 0.0106691512853117742
7 189 0.0395997978417889779
8 1 -0.0253097613744731678
8 4 -0.0947816484237202495
8 5 -0.582776602586821957
8 7 -0.613210391405957678
8 8 2.08256875407187092
8 151 -0.00343318913782532462
8 152 -0.29254144338762289
8 153 -0.481999457752940397
8 155 -0.352326455051708454
8 158 0.00314129307135887527
8 174 0.0794906866754647584
8 175 0.2811782153023758
9 2 -0.100667232277509289
9 9 0.613262579138701525
9 10 -0.318811567392915496
9 11 0.171811943036240755
9 12 -0.262791617212137285
9 13 -0.143708190824786169
9 14 -0.022248306228526582
9 15 0.156258876282524356
9 16 -0.0931064845215918285
10 2 -0.0128024129435464068
10 3 -0.394525919921722035
10 9 -0.318811567392915496
10 10 1.90510306949553621
10 11 -0.325918683998840164
10 14 -0.442120610036422168
10 15 -0.0443646239140533943
10 34 -0.583503072760534924
10 35 0.146866903349632483
10 36 -0.0545523928304242692
10 37 0.124629310953289912
11 2 0.125327152068352821
11 3 -0.00456835469090521168
11 4 -0.645412181980443589
11 5 -0.107409328142070423
11 9 0.171811943036240755
11 10 -0.325918683998840164
11 11 2.92009733232158375
11 12 -0.741281419206022862
11 15 -0.600784225446904907
11 35 -0.565774359653862469
11 37 -0.0493759197372183808
11 176 -0.171276767050006662
11 177 -0.00543518751990225424
12 2 -0.0309421509505749259
12 5 -0.598302478319752806
12 9 -0.262791617212137285
12 11 -0.741281419206022862
12 12 3.37425037852743337
12 15 -0.118987288375241695
12 16 -0.514524541066250118
12 136 -0.591815633140634345
12 139 -0.0756802340196081336
12 159 -0.441483646544070574
12 160 -0.108607872934871202
12 176 0.0920469808836662379
12 177 0.0181195223580646186
13 9 -0.143708190824786169
13 13 0.647712105547320505
13 14 -0.352172064859528011
13 15 0.248942001552471759
13 16 -0.258681325210354418
13 17 -0.10118844067271765
13 18 -0.0202679457642861854
13 19 0.10930459814517049
13 20 -0.12994073791329025
14 9 -0.022248306228526582
14 10 -0.442120610036422168
14 13 -0.352172064859528011
14 14 2.01379151700406256
14 15 -0.296746181636124151
14 18 -0.392190333586071083
14 19 -0.0954157711123274355
14 36 -0.64499809937683461
14 37 0.204912624921068931
14 38 -0.051777597372549021
14 39 0.0789648222832514401
15 9 0.156258876282524356
15 10 -0.0443646239140533943
15 11 -0.600784225446904907
15 12 -0.118987288375241695
15 13 0.248942001552471759
15 14 -0.296746181636124151
15 15 2.63672423306513881
15 16 -0.783457875227732359
15 19 -0.561379886313141174
15 37 -0.511980292556357131
15 39 -0.0478882232963496676
15 177 -0.0737313885263330554
15 178 -0.00260512560789688584
16 9 -0.0931064845215918285
16 12 -0.514524541066250118
16 13 -0.258681325210354418
16 15 -0.783457875227732359
16 16 3.47217633327925057
16 19 -0.112100247187439342
16 20 -0.449686188054875591
16 136 -0.120349510173724222
16 143 -0.629396697356819912
16 160 -0.408465022994312033
16 161 -0.157983411829031334
16 177 0.0623359617249905351
16 178 -0.00676099138210988458
17 13 -0.10118844067271765
17 17 0.408375860289438508
17 18 -0.270241102054337046
17 19 0.28851843245310943
17 20 -0.227077379147521019
17 21 -0.016804782693740937
17 22 -0.00483596125542856779
17 23 -0.0204416072435775614
17 24 -0.0563050196752251444
18 13 -0.0202679457642861854
18 14 -0.392190333586071083
18 17 -0.270241102054337046
18 18 1.67216537811793597
18 19 -0.253737924286359051
18 22 -0.245138590490447228
18 23 -0.167326807351984852
18 38 -0.618533804368741613
18 39 0.279377488776547389
18 40 -0.0332177293289786582
18 41 0.0491113703367222487
19 13 0.10930459814517049
19 14 -0.0954157711123274355
19 15 -0.561379886313141174
19 16 -0.112100247187439342
19 17 0.28851843245310943
19 18 -0.253737924286359051
19 19 2.80654700702334781
19 20 -0.875277233826227352
19 23 -0.540457974937819552
19 39 -0.579572259715767091
19 41 -0.0791221131067830347
19 178 -0.0853645031876614641
19 179 -0.0219421239481026632
20 13 -0.12994073791329025
20 16 -0.449686188054875591
20 17 -0.227077379147521019
20 19 -0.875277233826227352
20 20 3.4372164810064354
20 23 -0.0158042902621034695
20 24 -0.466246600919645926
20 143 -0.142923556742022589
20 147 -0.6052318899734076
20 161 -0.40747443603469613
20 163 -0.165724912679888786
20 178 0.0961787853172355878
20 179 -0.0480080407699918013
21 17 -0.016804782693740937
21 21 0.057652239617041065
21 22 -0.0400541413910605049
21 23 0.0562753487616201309
21 24 -0.0404981169628125665
21 25 -0.016570547331047198
22 17 -0.00483596125542856779
22 18 -0.245138590490447228
22 21 -0.0400541413910605049
22 22 0.788472171183490222
22 23 -0.194203013004617703
22 25 -0.220482179241824811
22 40 -0.427394163707678743
22 41 0.360186436099866114
22 42 -0.0245774615681564751
22 43 -0.00453247298117133435
22 44 0.012559376357028959
23 17 -0.0204416072435775614
23 18 -0.167326807351984852
23 19 -0.540457974937819552
23 20 -0.0158042902621034695
23 21 0.0562753487616201309
23 22 -0.194203013004617703
23 23 3.52247788038113629
23 24 -0.886328334866289258
23 25 -0.321240680982506355
23 41 -0.83425499006201731
23 44 -0.0757308928652991598
23 179 -0.230586900590438848
23 180 -0.250618941837499887
23 190 -0.0417587951386029221
24 17 -0.0563050196752251444
24 20 -0.466246600919645926
24 21 -0.0404981169628125665
24 23 -0.886328334866289258
24 24 2.76526173179550039
24 25 -0.142538041828860151
24 147 -0.117558867717951127
24 162 -0.472554502863999748
24 163 -0.444240761354682323
24 165 -0.339672090110487601
24 166 -0.15587048263108072
24 179 0.311329126791003941
24 180 0.0452219603445307983
25 21 -0.016570547331047198
25 22 -0.220482179241824811
25 23 -0.321240680982506355
25 24 -0.142538041828860151
25 25 3.24985997623088663
25 42 -0.0378134323029124669
25 44 -0.968843661394374833
25 45 -0.0860271748002898046
25 165 -0.723547058027105505
25 180 -0.328019318585611896
25 182 -0.271061369681284248
25 183 -0.227447706703543973
25 190 0.125471411696418955
25 191 -0.0317402170479438445
26 6 -0.0243603811644208385
26 7 0.0064102089206488494
26 26 0.0434178080675035188
26 27 -0.00180763737989410962
26 28 0.0195286316857746327
26 29 -0.0167284217803050431
26 30 -0.00115044697483367587
26 31 -0.0253097613744733309
27 6 -0.243722962253063585
27 26 -0.00180763737989410962
27 27 1.40271738340772645
27 28 -0.337304925747043627
27 29 -0.197278155473334466
27 32 -0.452864148627297403
27 33 0.0909915738493619758
27 46 -0.394525919921721258
27 47 -0.00456835469090534352
27 50 -0.0426997462092157873
27 51 0.181062893045387197
28 6 0.0152052954401710998
28 7 -0.632338990170742576
28 26 0.0195286316857746327
28 27 -0.337304925747043627
28 28 3.40201949716313434
28 29 0.0793798330603004559
28 30 -0.687192253213547821
28 31 -0.0947816484237201107
28 33 -0.676478967174805268
28 47 -0.645412181980444144
28 51 -0.0751346747371320761
28 188 -0.359404836642930769
28 189 0.0059395445712562096
28 200 -0.0140243238302710273
29 26 -0.0167284217803050431
29 27 -0.197278155473334466
29 28 0.0793798330603004559
29 29 0.339251158772197636
29 30 -0.185539770475580651
29 46 -0.0128024129435463929
29 47 0.125327152068352765
29 48 -0.100667232277509316
29 49 -0.0309421509505749259
30 26 -0.00115044697483367587
30 28 -0.687192253213547821
30 29 -0.185539770475580651
30 30 2.99627133800636214
30 31 -0.582776602586821069
30 47 -0.107409328142070409
30 49 -0.598302478319752806
30 171 -0.0310022606088869272
30 185 -0.476005151168777729
30 186 -0.486793552177682276
30 188 0.103440206170895679
30 199 -0.0446427059111881089
30 200 0.101103005401883217
31 7 -0.613210391405958122
31 26 -0.0253097613744733309
31 28 -0.0947816484237201107
31 30 -0.582776602586821069
31 31 2.08256875407187048
31 155 -0.352326455051708343
31 169 -0.00343318913782533373
31 170 -0.48199945775294023
31 171 -0.292541443387623001
31 174 0.0794906866754647723
31 185 0.00314129307135892037
31 188 0.281178215302375412
32 3 -0.452864148627297458
32 6 -0.0210307700703686526
32 27 -0.452864148627297403
32 32 2.31291555230840018
32 33 -0.320861545314386765
32 34 -0.60243933430506369
32 35 0.0383760167896062057
32 50 -0.602439334305063023
32 51 0.0383760167896062335
32 52 -0.0603514188582185418
32 53 0.123183114220083031
33 3 0.0909915738493620729
33 4 -0.676478967174806267
33 6 0.216473113116270321
33 7 -0.121798808985204454
33 27 0.0909915738493619758
33 28 -0.676478967174805268
33 32 -0.320861545314386765
33 33 2.48169506075214397
33 35 -0.504098180966446208
33 51 -0.504098180966445764
33 53 -0.0262101429069497675
33 189 -0.0501265280780939168
34 3 -0.0426997462092158497
34 10 -0.583503072760534924
34 32 -0.60243933430506369
34 34 2.84596002435081363
34 35 -0.271968974935289876
34 36 -0.653742622207713953
34 37 -0.0293755699595086364
34 52 -0.749855158508513364
34 53 0.065789281762668933
34 54 -0.0580569286091082021
34 55 0.079892101381465519
35 3 0.181062893045387197
35 4 -0.0751346747371319651
35 10 0.146866903349632483
35 11 -0.565774359653862469
35 32 0.0383760167896062057
35 33 -0.504098180966446208
35 34 -0.271968974935289876
35 35 1.75983303908545463
35 37 -0.366663659873901426
35 53 -0.332668295240807765
35 55 -0.00983070686264088563
36 10 -0.0545523928304242692
36 14 -0.64499809937683461
36 34 -0.653742622207713953
36 36 3.01353499408853232
36 37 -0.221328655778581657
36 38 -0.606062260831328969
36 39 -0.0931846138941480745
36 54 -0.842370851809448928
36 55 0.108309481761621723
36 56 -0.0406464771690499826
36 57 0.0350414980473761281
37 10 0.124629310953289912
37 11 -0.0493759197372183808
37 14 0.204912624921068931
37 15 -0.511980292556357131
37 34 -0.0293755699595086364
37 35 -0.366663659873901426
37 36 -0.221328655778581657
37 37 1.42373273261956479
37 39 -0.317921100114248456
37 55 -0.250229983686065305
37 57 -0.00639948678804257761
38 14 -0.051777597372549021
38 18 -0.618533804368741613
38 36 -0.606062260831328969
38 38 2.76984841604134102
38 39 -0.17728161134010828
38 40 -0.456253958259893955
38 41 -0.151691179620624061
38 56 -0.856159263064063758
38 57 0.173345266885009258
38 58 -0.0189376179703064709
38 59 -0.00649639009873472905
39 14 0.0789648222832514401
39 15 -0.0478882232963496676
39 18 0.279377488776547389
39 19 -0.579572259715767091
39 36 -0.0931846138941480745
39 37 -0.317921100114248456
39 38 -0.17728161134010828
39 39 1.51477680653933233
39 41 -0.360655725190540677
39 57 -0.285428039662095234
39 59 -0.011187544385873549
40 18 -0.0332177293289786582
40 22 -0.427394163707678743
40 38 -0.456253958259893955
40 40 1.95957693854402093
40 41 -0.124970696422728178
40 43 -0.199939999837972199
40 44 -0.230495866767817192
40 58 -0.721439825222798925
40 59 0.258557397973102732
40 60 -0.00396719257993436922
40 61 -0.0204549043893215987
41 18 0.0491113703367222487
41 19 -0.0791221131067830347
41 22 0.360186436099866114
41 23 -0.83425499006201731
41 38 -0.151691179620624061
41 39 -0.360655725190540677
41 40 -0.124970696422728178
41 41 2.15694855998128876
41 44 -0.471026851064039409
41 59 -0.505718435821360779
41 61 -0.038806375129783334
42 22 -0.0245774615681564751
42 25 -0.0378134323029124669
42 42 0.0627072665678057306
42 43 -0.0370914992247255021
42 44 0.0609063297545181723
42 45 -0.0241312032265294657
43 22 -0.00453247298117133435
43 40 -0.199939999837972199
43 42 -0.0370914992247255021
43 43 0.512058105684622067
43 44 -0.151817067327387506
43 45 -0.0718786178792681363
43 60 -0.245403604706108336
43 61 0.32043874795774363
43 62 -0.121833591685732712
44 22 0.012559376357028959
44 23 -0.0757308928652991598
44 25 -0.968843661394374833
44 40 -0.230495866767817192
44 41 -0.471026851064039409
44 42 0.0609063297545181723
44 43 -0.151817067327387506
44 44 3.63977835578020237
44 45 -0.395800572725766464
44 61 -1.06327594840334894
44 62 0.175000019476755475
44 190 -0.0812091383292750102
44 191 -0.303056662716189473
44 201 -0.146987419775006678
45 25 -0.0860271748002898046
45 42 -0.0241312032265294657
45 43 -0.0718786178792681363
45 44 -0.395800572725766464
45 45 2.66751587842313498
45 62 -1.13468896964315347
45 182 -0.639090344142963951
45 191 -0.209612244734114578
45 192 -0.403536998795738011
45 201 0.374954397843382803
45 202 -0.0448089970233715024
45 203 -0.0162954595680903855
45 204 -0.016599693727232169
46 27 -0.394525919921721258
46 29 -0.0128024129435463929
46 46 1.90510306949553554
46 47 -0.325918683998840109
46 48 -0.318811567392915496
46 50 -0.583503072760534591
46 51 0.146866903349632344
46 63 -0.442120610036422279
46 64 -0.0443646239140536164
46 67 -0.0545523928304242345
46 68 0.124629310953290148
47 27 -0.00456835469090534352
47 28 -0.645412181980444144
47 29 0.125327152068352765
47 30 -0.107409328142070409
47 46 -0.325918683998840109
47 47 2.92009733232158464
47 48 0.1718119430362407
47 49 -0.74128141920602264
47 51 -0.565774359653862691
47 64 -0.600784225446905462
47 68 -0.0493759197372186376
47 200 -0.171276767050006717
47 211 -0.00543518751990228893
48 29 -0.100667232277509316
48 46 -0.318811567392915496
48 47 0.1718119430362407
48 48 0.613262579138701636
48 49 -0.262791617212137285
48 63 -0.0222483062285265959
48 64 0.156258876282524523
48 65 -0.143708190824786253
48 66 -0.0931064845215920089
49 29 -0.0309421509505749259
49 30 -0.598302478319752806
49 47 -0.74128141920602264
49 48 -0.262791617212137285
49 49 3.37425037852743293
49 64 -0.118987288375241917
49 66 -0.51452454106625034
49 186 -0.0756802340196080919
49 194 -0.59181563314063379
49 199 -0.44148364654407013
49 200 0.0920469808836662101
49 210 -0.108607872934871189
49 211 0.0181195223580646811
50 27 -0.0426997462092157873
50 32 -0.602439334305063023
50 46 -0.583503072760534591
50 50 2.84596002435081186
50 51 -0.271968974935289765
50 52 -0.749855158508512809
50 53 0.065789281762668933
50 67 -0.653742622207714508
50 68 -0.0293755699595086156
50 69 -0.0580569286091081813
50 70 0.0798921013814655051
51 27 0.181062893045387197
51 28 -0.0751346747371320761
51 32 0.0383760167896062335
51 33 -0.504098180966445764
51 46 0.146866903349632344
51 47 -0.565774359653862691
51 50 -0.271968974935289765
51 51 1.75983303908545463
51 53 -0.332668295240807765
51 68 -0.366663659873901426
51 70 -0.0098307068626408891
52 32 -0.0603514188582185418
52 34 -0.749855158508513364
52 50 -0.749855158508512809
52 52 3.42993400366032963
52 53 -0.200507283460931718
52 54 -0.822214277496421064
52 55 -0.0150444198466597439
52 69 -0.822214277496421175
52 70 -0.0150444198466597248
52 71 -0.0296981070767319312
52 72 0.0348505174387404235
53 32 0.123183114220083031
53 33 -0.0262101429069497675
53 34 0.065789281762668933
53 35 -0.332668295240807765
53 50 0.065789281762668933
53 51 -0.332668295240807765
53 52 -0.200507283460931718
53 53 0.996035006290521441
53 55 -0.178763724377156846
53 70 -0.178763724377156819
53 72 -0.00121521843213182653
54 34 -0.0580569286091082021
54 36 -0.842370851809448928
54 52 -0.822214277496421064
54 54 3.66232034335815326
54 55 -0.139448636612852228
54 56 -0.789567269357870694
54 57 -0.0850885069719745368
54 71 -0.947846684482834934
54 72 0.0259957013038905824
54 73 0.0140271417139558492
54 74 -0.0177500310354883062
55 34 0.079892101381465519
55 35 -0.00983070686264088563
55 36 0.108309481761621723
55 37 -0.250229983686065305
55 52 -0.0150444198466597439
55 53 -0.178763724377156846
55 54 -0.139448636612852228
55 55 0.608963930425991506
55 57 -0.125467470156661209
55 72 -0.0781662694186982948
55 74 -0.000214302608344223638
56 36 -0.0406464771690499826
56 38 -0.856159263064063758
56 54 -0.789567269357870694
56 56 3.48296360016439355
56 57 -0.0853815355030574652
56 58 -0.634460885524293916
56 59 -0.155351351581529129
56 73 -0.995605380328980827
56 74 0.0857707021464740038
56 75 0.0455589528225132795
56 76 -0.0571210926045351911
57 36 0.0350414980473761281
57 37 -0.00639948678804257761
57 38 0.173345266885009258
57 39 -0.285428039662095234
57 54 -0.0850885069719745368
57 55 -0.125467470156661209
57 56 -0.0853815355030574652
57 57 0.648538967316466541
57 59 -0.178429798735327161
57 74 -0.090288568303999478
57 76 -0.000442326127694174617
58 38 -0.0189376179703064709
58 40 -0.721439825222798925
58 56 -0.634460885524293916
58 58 2.7364845874461432
58 59 -0.0186055288229631036
58 60 -0.342075392381882559
58 61 -0.241959068485958384
58 75 -0.883010539936739614
58 76 0.145655962674489076
58 77 0.0353355461200016707
58 78 -0.0569872378956913367
59 38 -0.00649639009873472905
59 39 -0.011187544385873549
59 40 0.258557397973102732
59 41 -0.505718435821360779
59 56 -0.155351351581529129
59 57 -0.178429798735327161
59 58 -0.0186055288229631036
59 59 1.23078847010023784
59 61 -0.334694114440119206
59 76 -0.279813397577475365
59 78 0.000950693390042438302
60 40 -0.00396719257993436922
60 43 -0.245403604706108336
60 58 -0.342075392381882559
60 60 1.04784637473417108
60 61 0.0185991335001505498
60 62 -0.219878951761864339
60 77 -0.391778885924191855
60 78 0.235404493391580455
60 79 -0.0987459742719206668
61 40 -0.0204549043893215987
61 41 -0.038806375129783334
61 43 0.32043874795774363
61 44 -1.06327594840334894
61 58 -0.241959068485958384
61 59 -0.334694114440119206
61 60 0.0185991335001505498
61 61 2.8193131027126257
61 62 -0.592460162587902683
61 78 -0.898538438859277866
61 79 0.14059282040052401
61 201 -0.0362583784379264251
61 212 -0.0724964138374051825
62 43 -0.121833591685732712
62 44 0.175000019476755475
62 45 -1.13468896964315347
62 60 -0.219878951761864339
62 61 -0.592460162587902683
62 62 3.76066796925594282
62 79 -1.18255237813783909
62 201 -0.169448420027370761
62 203 -0.152586149521736159
62 204 -0.431619254265223296
62 212 0.110441001934442035
62 213 0.037784578450203346
62 214 -0.0788256914865217845
63 46 -0.442120610036422279
63 48 -0.0222483062285265959
63 63 2.01379151700406123
63 64 -0.296746181636124096
63 65 -0.352172064859527567
63 67 -0.644998099376834055
63 68 0.204912624921068875
63 80 -0.392190333586070583
63 81 -0.0954157711123276575
63 84 -0.0517775973725489724
63 85 0.0789648222832515789
64 46 -0.0443646239140536164
64 47 -0.600784225446905462
64 48 0.156258876282524523
64 49 -0.118987288375241917
64 63 -0.296746181636124096
64 64 2.63672423306514059
64 65 0.248942001552471731
64 66 -0.783457875227733025
64 68 -0.511980292556358019
64 81 -0.561379886313141174
64 85 -0.0478882232963498758
64 211 -0.0737313885263330415
64 221 -0.00260512560789689105
65 48 -0.143708190824786253
65 63 -0.352172064859527567
65 64 0.248942001552471731
65 65 0.647712105547320172
65 66 -0.258681325210354529
65 80 -0.0202679457642861924
65 81 0.10930459814517042
65 82 -0.101188440672717594
65 83 -0.129940737913290139
66 48 -0.0931064845215920089
66 49 -0.51452454106625034
66 64 -0.783457875227733025
66 65 -0.258681325210354529
66 66 3.47217633327925235
66 81 -0.112100247187439245
66 83 -0.449686188054875702
66 194 -0.120349510173724125
66 206 -0.629396697356820467
66 210 -0.40846502299431231
66 211 0.0623359617249905143
66 220 -0.157983411829031445
66 221 -0.00676099138210988111
67 46 -0.0545523928304242345
67 50 -0.653742622207714508
67 63 -0.644998099376834055
67 67 3.01353499408853276
67 68 -0.221328655778581573
67 69 -0.842370851809449595
67 70 0.108309481761621793
67 84 -0.606062260831328636
67 85 -0.0931846138941480329
67 86 -0.0406464771690500382
67 87 0.0350414980473761975
68 46 0.124629310953290148
68 47 -0.0493759197372186376
68 50 -0.0293755699595086156
68 51 -0.366663659873901426
68 63 0.204912624921068875
68 64 -0.511980292556358019
68 67 -0.221328655778581573
68 68 1.42373273261956546
68 70 -0.250229983686065416
68 85 -0.317921100114248234
68 87 -0.00639948678804256633
69 50 -0.0580569286091081813
69 52 -0.822214277496421175
69 67 -0.842370851809449595
69 69 3.66232034335815282
69 70 -0.139448636612852284
69 71 -0.947846684482834934
69 72 0.0259957013038906344
69 86 -0.789567269357870472
69 87 -0.0850885069719745923
69 88 0.0140271417139558353
69 89 -0.0177500310354882958
70 50 0.0798921013814655051
70 51 -0.0098307068626408891
70 52 -0.0150444198466597248
70 53 -0.178763724377156819
70 67 0.108309481761621793
70 68 -0.250229983686065416
70 69 -0.139448636612852284
70 70 0.608963930425991617
70 72 -0.078166269418698392
70 87 -0.125467470156661043
70 89 -0.000214302608344222635
71 52 -0.0296981070767319312
71 54 -0.947846684482834934
71 69 -0.947846684482834934
71 71 3.96080519608212533
71 72 -0.0777478940259104245
71 73 -0.938920539696832979
71 74 -0.0418809692750120241
71 88 -0.938920539696832868
71 89 -0.0418809692750120033
71 90 0.0833333333333331899
71 91 -0.0793961414034561885
72 52 0.0348505174387404235
72 53 -0.00121521843213182653
72 54 0.0259957013038905824
72 55 -0.0781662694186982948
72 69 0.0259957013038906344
72 70 -0.078166269418698392
72 71 -0.0777478940259104245
72 72 0.186885218500510902
72 74 -0.0192157436257967794
72 89 -0.0192157436257967655
73 54 0.0140271417139558492
73 56 -0.995605380328980827
73 71 -0.938920539696832979
73 73 3.82264691570692428
73 74 -0.0155741184874266508
73 75 -0.778911712399570688
73 76 -0.126904291752743065
73 90 -1.00390992743816221
73 91 0.0114500993566354816
73 92 0.120107919094116888
73 93 -0.108406105767916511
74 54 -0.0177500310354883062
74 55 -0.000214302608344223638
74 56 0.0857707021464740038
74 57 -0.090288568303999478
74 71 -0.0418809692750120241
74 72 -0.0192157436257967794
74 73 -0.0155741184874266508
74 74 0.200888321826365152
74 76 -0.0784753495815785906
74 91 -0.0235625936387092068
74 93 0.000302652583516161485
75 56 0.0455589528225132795
75 58 -0.883010539936739614
75 73 -0.778911712399570688
75 75 3.04831210958717458
75 76 0.0892136445081306295
75 77 -0.428403142983182106
75 78 -0.25801823408319019
75 92 -0.876403678532966524
75 93 0.0349610634768345585
75 94 0.0720137886174305325
75 95 -0.065312251076434194
76 56 -0.0571210926045351911
76 57 -0.000442326127694174617
76 58 0.145655962674489076
76 59 -0.279813397577475365
76 73 -0.126904291752743065
76 74 -0.0784753495815785906
76 75 0.0892136445081306295
76 76 0.767871016547497343
76 78 -0.265644389945750292
76 93 -0.208339236984991016
76 95 0.0139994608446508562
77 58 0.0353355461200016707
77 60 -0.391778885924191855
77 75 -0.428403142983182106
77 77 1.18777448464314439
77 78 0.173384012896279083
77 79 -0.222666372034023452
77 94 -0.324336458335799716
77 95 0.108251403745631455
77 96 -0.137560588127859179
78 58 -0.0569872378956913367
78 59 0.000950693390042438302
78 60 0.235404493391580455
78 61 -0.898538438859277866
78 75 -0.25801823408319019
78 76 -0.265644389945750292
78 77 0.173384012896279083
78 78 2.47018101342884178
78 79 -0.67263004093900125
78 95 -0.890021211782725308
78 96 0.23954476256994281
78 212 -0.00629081543776806307
78 222 -0.0713346067332817774
79 60 -0.0987459742719206668
79 61 0.14059282040052401
79 62 -1.18255237813783909
79 77 -0.222666372034023452
79 78 -0.67263004093900125
79 79 3.95322582876465622
79 96 -1.21454577105098638
79 212 -0.027361557092226603
79 213 -0.238543479959219762
79 214 -0.511204207352247808
79 222 0.0350112496298364897
79 223 0.102985497966147324
79 224 -0.0635656159236988733
80 63 -0.392190333586070583
80 65 -0.0202679457642861924
80 80 1.67216537811793575
80 81 -0.253737924286358996
80 82 -0.270241102054337101
80 84 -0.618533804368741058
80 85 0.279377488776547112
80 97 -0.245138590490447339
80 98 -0.167326807351984491
80 101 -0.0332177293289786166
80 102 0.0491113703367220128
81 63 -0.0954157711123276575
81 64 -0.561379886313141174
81 65 0.10930459814517042
81 66 -0.112100247187439245
81 80 -0.253737924286358996
81 81 2.80654700702335091
81 82 0.288518432453110207
81 83 -0.87527723382622924
81 85 -0.579572259715767202
81 98 -0.540457974937820662
81 102 -0.0791221131067827849
81 221 -0.0853645031876615057
81 229 -0.0219421239481028853
82 65 -0.101188440672717594
82 80 -0.270241102054337101
82 81 0.288518432453110207
82 82 0.40837586028943873
82 83 -0.227077379147521852
82 97 -0.0048359612554285435
82 98 -0.0204416072435778251
82 99 -0.0168047826937409231
82 100 -0.0563050196752251167
83 65 -0.129940737913290139
83 66 -0.449686188054875702
83 81 -0.87527723382622924
83 82 -0.227077379147521852
83 83 3.43721648100643629
83 98 -0.0158042902621035458
83 100 -0.466246600919645704
83 206 -0.142923556742022673
83 216 -0.605231889973407156
83 220 -0.407474436034695908
83 221 0.0961787853172356294
83 227 -0.165724912679888786
83 229 -0.0480080407699915862
84 63 -0.0517775973725489724
84 67 -0.606062260831328636
84 80 -0.618533804368741058
84 84 2.76984841604134102
84 85 -0.177281611340108197
84 86 -0.856159263064063758
84 87 0.173345266885009258
84 101 -0.456253958259894121
84 102 -0.151691179620624061
84 103 -0.0189376179703064293
84 104 -0.00649639009873476982
85 63 0.0789648222832515789
85 64 -0.0478882232963498758
85 67 -0.0931846138941480329
85 68 -0.317921100114248234
85 80 0.279377488776547112
85 81 -0.579572259715767202
85 84 -0.177281611340108197
85 85 1.51477680653933211
85 87 -0.285428039662095345
85 102 -0.360655725190540455
85 104 -0.0111875443858735716
86 67 -0.0406464771690500382
86 69 -0.789567269357870472
86 84 -0.856159263064063758
86 86 3.48296360016439177
86 87 -0.0853815355030573542
86 88 -0.995605380328980272
86 89 0.0857707021464738789
86 103 -0.63446088552429325
86 104 -0.155351351581529074
86 105 0.0455589528225132309
86 106 -0.0571210926045351147
87 67 0.0350414980473761975
87 68 -0.00639948678804256633
87 69 -0.0850885069719745923
87 70 -0.125467470156661043
87 84 0.173345266885009258
87 85 -0.285428039662095345
87 86 -0.0853815355030573542
87 87 0.648538967316466208
87 89 -0.0902885683039990339
87 104 -0.178429798735327549
87 106 -0.000442326127694199337
88 69 0.0140271417139558353
88 71 -0.938920539696832868
88 86 -0.995605380328980272
88 88 3.82264691570692428
88 89 -0.0155741184874266872
88 90 -1.00390992743816243
88 91 0.0114500993566354885
88 105 -0.778911712399570688
88 106 -0.126904291752743037
88 107 0.120107919094116861
88 108 -0.108406105767916483
89 69 -0.0177500310354882958
89 70 -0.000214302608344222635
89 71 -0.0418809692750120033
89 72 -0.0192157436257967655
89 86 0.0857707021464738789
89 87 -0.0902885683039990339
89 88 -0.0155741184874266872
89 89 0.20088832182636418
89 91 -0.0235625936387091166
89 106 -0.0784753495815781049
89 108 0.0003026525835161591
90 71 0.0833333333333331899
90 73 -1.00390992743816221
90 88 -1.00390992743816243
90 90 3.66754983324527295
90 91 0.0690883826020930042
90 92 -0.821222899383355243
90 93 -0.101256078646762226
90 107 -0.821222899383355354
90 108 -0.101256078646762213
90 109 0.136790047152521743
90 110 -0.103983785396660547
91 71 -0.0793961414034561885
91 73 0.0114500993566354816
91 74 -0.0235625936387092068
91 88 0.0114500993566354885
91 89 -0.0235625936387091166
91 90 0.0690883826020930042
91 91 0.219227844579526709
91 93 -0.0942551939565348107
91 108 -0.0942551939565349634
91 110 0.0038152906990535744
92 73 0.120107919094116888
92 75 -0.876403678532966524
92 90 -0.821222899383355243
92 92 2.72051875373668794
92 93 0.236524606015077271
92 94 -0.374610196536024009
92 95 -0.27588243788841349
92 109 -0.612749194683490761
92 110 -0.117130371170636502
92 111 0.0325358112277990275
92 112 -0.0316883118787946172
93 73 -0.108406105767916511
93 74 0.000302652583516161485
93 75 0.0349610634768345585
93 76 -0.208339236984991016
93 90 -0.101256078646762226
93 91 -0.0942551939565348107
93 92 0.236524606015077271
93 93 0.868287147798846415
93 95 -0.351917894640327855
93 110 -0.338281932627776893
93 112 0.0623809727500350686
94 75 0.0720137886174305325
94 77 -0.324336458335799716
94 92 -0.374610196536024009
94 94 0.747811338457521457
94 95 0.252195658926046395
94 96 -0.128345897619889016
94 111 -0.0746916958851390755
94 112 -0.0148736255256457922
94 113 -0.155162912098500638
95 75 -0.065312251076434194
95 76 0.0139994608446508562
95 77 0.108251403745631455
95 78 -0.890021211782725308
95 92 -0.27588243788841349
95 93 -0.351917894640327855
95 94 0.252195658926046395
95 95 2.85924050763119064
95 96 -0.822321901253108223
95 112 -1.05522594045440532
95 113 0.411555455923075686
95 222 -0.0219892981345896667
95 230 -0.162571551840591161
96 77 -0.137560588127859179
96 78 0.23954476256994281
96 79 -1.21454577105098638
96 94 -0.128345897619889016
96 95 -0.822321901253108223
96 96 3.79055248788588584
96 113 -1.04415994378474775
96 222 0.0599774568944822506
96 223 -0.175745504817336751
96 224 -0.534894827764768821
96 230 -0.0365422471389542786
96 231 0.00404197420734080798
97 80 -0.245138590490447339
97 82 -0.0048359612554285435
97 97 0.788472171183491555
97 98 -0.194203013004617564
97 99 -0.0400541413910605743
97 101 -0.42739416370767852
97 102 0.360186436099866114
97 114 -0.220482179241826309
97 115 -0.00453247298117129965
97 116 0.0125593763570295003
97 117 -0.0245774615681570233
98 80 -0.167326807351984491
98 81 -0.540457974937820662
98 82 -0.0204416072435778251
98 83 -0.0158042902621035458
98 97 -0.194203013004617564
98 98 3.5224778803811394
98 99 0.0562753487616193815
98 100 -0.886328334866287593
98 102 -0.834254990062016644
98 114 -0.321240680982508076
98 116 -0.0757308928652994789
98 229 -0.230586900590438904
98 237 -0.250618941837499942
98 238 -0.0417587951386038311
99 82 -0.0168047826937409231
99 97 -0.0400541413910605743
99 98 0.0562753487616193815
99 99 0.0576522396170408014
99 100 -0.0404981169628118032
99 114 -0.0165705473310468719
100 82 -0.0563050196752251167
100 83 -0.466246600919645704
100 98 -0.886328334866287593
100 99 -0.0404981169628118032
100 100 2.76526173179549772
100 114 -0.142538041828860457
100 216 -0.11755886771795121
100 227 -0.444240761354681934
100 228 -0.472554502863999915
100 229 0.311329126791003774
100 233 -0.339672090110487712
100 234 -0.155870482631080831
100 237 0.0452219603445306803
101 80 -0.0332177293289786166
101 84 -0.456253958259894121
101 97 -0.42739416370767852
101 101 1.95957693854402182
101 102 -0.124970696422728039
101 103 -0.721439825222800368
101 104 0.258557397973103009
101 115 -0.199939999837972171
101 116 -0.230495866767817692
101 118 -0.00396719257993435881
101 119 -0.0204549043893214391
102 80 0.0491113703367220128
102 81 -0.0791221131067827849
102 84 -0.151691179620624061
102 85 -0.360655725190540455
102 97 0.360186436099866114
102 98 -0.834254990062016644
102 101 -0.124970696422728039
102 102 2.15694855998128787
102 104 -0.505718435821361001
102 116 -0.471026851064039465
102 119 -0.0388063751297836323
103 84 -0.0189376179703064293
103 86 -0.63446088552429325
103 101 -0.721439825222800368
103 103 2.73648458744614409
103 104 -0.0186055288229632076
103 105 -0.883010539936739836
103 106 0.14565596267448902
103 118 -0.342075392381882337
103 119 -0.241959068485958412
103 120 0.0353355461200016777
103 121 -0.0569872378956913644
104 84 -0.00649639009873476982
104 85 -0.0111875443858735716
104 86 -0.155351351581529074
104 87 -0.178429798735327549
104 101 0.258557397973103009
104 102 -0.505718435821361001
104 103 -0.0186055288229632076
104 104 1.23078847010023851
104 106 -0.279813397577474809
104 119 -0.334694114440119872
104 121 0.000950693390042440037
105 86 0.0455589528225132309
105 88 -0.778911712399570688
105 103 -0.883010539936739836
105 105 3.04831210958717502
105 106 0.0892136445081306018
105 107 -0.876403678532967412
105 108 0.0349610634768345516
105 120 -0.428403142983181939
105 121 -0.258018234083190023
105 122 0.0720137886174306019
105 123 -0.0653122510764342495
106 86 -0.0571210926045351147
106 87 -0.000442326127694199337
106 88 -0.126904291752743037
106 89 -0.0784753495815781049
106 103 0.14565596267448902
106 104 -0.279813397577474809
106 105 0.0892136445081306018
106 106 0.767871016547496343
106 108 -0.208339236984991238
106 121 -0.265644389945750348
106 123 0.013999460844650884
107 88 0.120107919094116861
107 90 -0.821222899383355354
107 105 -0.876403678532967412
107 107 2.72051875373668794
107 108 0.236524606015077465
107 109 -0.612749194683490428
107 110 -0.117130371170636155
107 122 -0.374610196536023898
107 123 -0.275882437888413434
107 124 0.0325358112277990622
107 125 -0.031688311878795089
108 88 -0.108406105767916483
108 89 0.0003026525835161591
108 90 -0.101256078646762213
108 91 -0.0942551939565349634
108 105 0.0349610634768345516
108 106 -0.208339236984991238
108 107 0.236524606015077465
108 108 0.868287147798847969
108 110 -0.338281932627778226
108 123 -0.35191789464032841
108 125 0.0623809727500354849
109 90 0.136790047152521743
109 92 -0.612749194683490761
109 107 -0.612749194683490428
109 109 1.3461244091858513
109 110 0.436009842401784864
109 111 -0.0783301343097716762
109 112 -0.167870383176729088
109 124 -0.0783301343097717873
109 125 -0.167870383176728755
109 126 -0.201024874400175635
110 90 -0.103983785396660547
110 91 0.0038152906990535744
110 92 -0.117130371170636502
110 93 -0.338281932627776893
110 107 -0.117130371170636155
110 108 -0.338281932627778226
110 109 0.436009842401784864
110 110 1.91932623595849217
110 112 -0.827415317547031348
110 125 -0.827415317547031681
110 126 0.361966546012521262
110 239 -0.0514788869843007188
111 92 0.0325358112277990275
111 94 -0.0746916958851390755
111 109 -0.0783301343097716762
111 111 0.12349628464129625
111 112 0.0580497028893866493
111 113 -0.0197523690544111168
111 126 -0.0165192058775703171
111 127 -0.0247883936315897585
112 92 -0.0316883118787946172
112 93 0.0623809727500350686
112 94 -0.0148736255256457922
112 95 -1.05522594045440532
112 109 -0.167870383176729088
112 110 -0.827415317547031348
112 111 0.0580497028893866493
112 112 3.99393942796237589
112 113 -0.902465744317455409
112 126 -1.10391843449802241
112 127 0.392460005813883017
112 230 -0.14536560533655174
112 239 -0.0535689269231417048
112 240 -0.204437819757903566
113 94 -0.155162912098500638
113 95 0.411555455923075686
113 96 -1.04415994378474775
113 111 -0.0197523690544111168
113 112 -0.902465744317455409
113 113 2.55990674568598831
113 127 -0.50771877616847072
113 230 0.245409351826142763
113 231 -0.356660212964074019
113 240 -0.0186854212789211022
113 241 -0.212266173768625693
114 97 -0.220482179241826309
114 98 -0.321240680982508076
114 99 -0.0165705473310468719
114 100 -0.142538041828860457
114 114 3.2498599762308924
114 116 -0.96884366139438105
114 117 -0.0378134323029123004
114 128 -0.0860271748002906234
114 233 -0.723547058027104062
114 237 -0.328019318585611619
114 238 0.125471411696420704
114 243 -0.271061369681284581
114 244 -0.227447706703544028
114 246 -0.0317402170479434836
115 97 -0.00453247298117129965
115 101 -0.199939999837972171
115 115 0.512058105684620957
115 116 -0.151817067327387228
115 117 -0.0370914992247250649
115 118 -0.245403604706107892
115 119 0.320438747957743186
115 128 -0.0718786178792679697
115 129 -0.12183359168573249
116 97 0.0125593763570295003
116 98 -0.0757308928652994789
116 101 -0.230495866767817692
116 102 -0.471026851064039465
116 114 -0.96884366139438105
116 115 -0.151817067327387228
116 116 3.63977835578021081
116 117 0.0609063297545178878
116 119 -1.06327594840334849
116 128 -0.395800572725765853
116 129 0.17500001947675542
116 238 -0.0812091383292762731
116 246 -0.303056662716190528
116 247 -0.146987419775006789
117 97 -0.0245774615681570233
117 114 -0.0378134323029123004
117 115 -0.0370914992247250649
117 116 0.0609063297545178878
117 117 0.0627072665678056057
117 128 -0.0241312032265291118
118 101 -0.00396719257993435881
118 103 -0.342075392381882337
118 115 -0.245403604706107892
118 118 1.04784637473417042
118 119 0.0185991335001504943
118 120 -0.391778885924191911
118 121 0.235404493391580427
118 129 -0.219878951761864255
118 130 -0.0987459742719206113
119 101 -0.0204549043893214391
119 102 -0.0388063751297836323
119 103 -0.241959068485958412
119 104 -0.334694114440119872
119 115 0.320438747957743186
119 116 -1.06327594840334849
119 118 0.0185991335001504943
119 119 2.81931310271262436
119 121 -0.898538438859277089
119 129 -0.592460162587901906
119 130 0.140592820400523955
119 247 -0.0362583784379261337
119 248 -0.0724964138374051825
120 103 0.0353355461200016777
120 105 -0.428403142983181939
120 118 -0.391778885924191911
120 120 1.18777448464314439
120 121 0.173384012896278805
120 122 -0.324336458335800049
120 123 0.108251403745631594
120 130 -0.222666372034023313
120 131 -0.137560588127859373
121 103 -0.0569872378956913644
121 104 0.000950693390042440037
121 105 -0.258018234083190023
121 106 -0.265644389945750348
121 118 0.235404493391580427
121 119 -0.898538438859277089
121 120 0.173384012896278805
121 121 2.47018101342884
121 123 -0.890021211782725308
121 130 -0.672630040939001139
121 131 0.239544762569943032
121 248 -0.00629081543776803705
121 249 -0.0713346067332817774
122 105 0.0720137886174306019
122 107 -0.374610196536023898
122 120 -0.324336458335800049
122 122 0.74781133845752179
122 123 0.252195658926046284
122 124 -0.0746916958851391588
122 125 -0.0148736255256455424
122 131 -0.128345897619889127
122 132 -0.15516291209850086
123 105 -0.0653122510764342495
123 106 0.013999460844650884
123 107 -0.275882437888413434
123 108 -0.35191789464032841
123 120 0.108251403745631594
123 121 -0.890021211782725308
123 122 0.252195658926046284
123 123 2.85924050763119197
123 125 -1.0552259404544051
123 131 -0.822321901253108889
123 132 0.411555455923075852
123 249 -0.0219892981345895869
123 250 -0.162571551840591078
124 107 0.0325358112277990622
124 109 -0.0783301343097717873
124 122 -0.0746916958851391588
124 124 0.123496284641296722
124 125 0.0580497028893868644
124 126 -0.0165192058775703275
124 132 -0.0197523690544112521
124 133 -0.0247883936315901332
125 107 -0.031688311878795089
125 108 0.0623809727500354849
125 109 -0.167870383176728755
125 110 -0.827415317547031681
125 122 -0.0148736255256455424
125 123 -1.0552259404544051
125 124 0.0580497028893868644
125 125 3.99393942796237855
125 126 -1.1039184344980244
125 132 -0.902465744317457297
125 133 0.392460005813884849
125 239 -0.0535689269231416909
125 250 -0.145365605336551518
125 251 -0.204437819757904482
126 109 -0.201024874400175635
126 110 0.361966546012521262
126 111 -0.0165192058775703171
126 112 -1.10391843449802241
126 124 -0.0165192058775703275
126 125 -1.1039184344980244
126 126 3.51978866095240805
126 127 -0.490503621539963186
126 133 -0.49050362153996524
126 239 0.116931172253702587
126 240 -0.205509206867617228
126 251 -0.2055092068676172
126 252 -0.16476056725210575
127 111 -0.0247883936315897585
