% 1864x1864 20048 nonzeros
1 1 1.53612371189952541e-06
1 2 1.60151435971053373e-07
1 3 1.48062886940749153e-07
1 4 3.0526489596209222e-05
1 5 1.04883069267947794e-06
1 6 2.57761844843276428e-07
1 7 2.23972904739676542e-06
1 8 1.02310386435746763e-06
2 1 1.60151435971053373e-07
2 2 9.63591429310085173e-05
2 3 1.7938910184701998e-05
2 4 0.000170806093000324419
2 5 6.98822214598369929e-05
2 9 6.65507451407804192e-06
2 10 6.72343241587949912e-06
2 11 0.000408957884439346028
2 12 4.53215806573638882e-05
3 1 1.48062886940749153e-07
3 2 1.7938910184701998e-05
3 3 0.00132269914731537592
3 4 0.000658537937745726611
3 6 3.58376032025682262e-05
3 10 0.000143840861636197997
3 11 0.000563798747338284476
3 32 0.000193578111949371779
3 33 0.000610073981931567129
3 34 0.000117111521322314403
3 35 0.00106189976493013621
4 1 3.0526489596209222e-05
4 2 0.000170806093000324419
4 3 0.000658537937745726611
4 4 0.00504861321338284826
4 5 0.000818051863760081775
4 6 0.000248295634219322669
4 7 0.000827962265164349474
4 8 0.000543553823866160845
4 11 0.000699363216056282069
4 33 0.000612813541214629349
4 35 0.000220871003982008062
4 175 0.000283369341904420415
4 176 2.50907644841203955e-05
4 189 5.75546729427418323e-06
5 1 1.04883069267947794e-06
5 2 6.98822214598369929e-05
5 4 0.000818051863760081775
5 5 0.00437887846053850154
5 8 0.00041654654713233158
5 11 0.000757570064861219097
5 12 0.000735132260894424006
5 139 0.000273434415101343785
5 152 4.6090716572962372e-05
5 158 0.000768495020835145899
5 159 0.000552421095623259191
5 175 0.000401709630598766766
5 176 0.00030401347113286325
6 1 2.57761844843276428e-07
6 3 3.58376032025682262e-05
6 4 0.000248295634219322669
6 6 0.00028862457031663606
6 7 0.000199902873167957085
6 26 2.57761844843275792e-07
6 27 3.5837603202568172e-05
6 28 0.000248295634219322615
6 32 2.42549566968485986e-05
6 33 0.000710454268706936162
7 1 2.23972904739676542e-06
7 4 0.000827962265164349474
7 6 0.000199902873167957085
7 7 0.00479267127061735066
7 8 0.00050208790440782621
7 26 2.23972904739670993e-06
7 28 0.000827962265164349258
7 31 0.000502087904407826427
7 33 0.000643512006503445299
7 155 0.000105723965402453187
7 174 0.0006989245260211024
7 175 0.000312268636346345666
7 188 0.000312268636346345612
7 189 7.47252894728484967e-05
8 1 1.02310386435746763e-06
8 4 0.000543553823866160845
8 5 0.00041654654713233158
8 7 0.00050208790440782621
8 8 0.00254780882668854004
8 151 8.43288981848054031e-07
8 152 6.30448132896859511e-05
8 153 0.000710762288227864952
8 155 9.65022826345065567e-05
8 158 0.000640174925151698712
8 174 0.000631025487291020913
8 175 0.000891179536781555267
9 2 6.65507451407804192e-06
9 9 0.000328356089194681939
9 10 6.48989361034340407e-05
9 11 0.000417686718547815986
9 12 0.000244184614561386961
9 13 1.58986095893117501e-05
9 14 1.73697357966391318e-05
9 15 0.000708639036661693812
9 16 0.000122091579642944273
10 2 6.72343241587949912e-06
10 3 0.000143840861636197997
10 9 6.48989361034340407e-05
10 10 0.00227758558620224033
10 11 0.000832648737586303626
10 14 0.000230710419517729656
10 15 0.000679016431926114617
10 34 0.000377383223199795087
10 35 0.000686346409974803351
10 36 0.00021284388932962502
10 37 0.0010707964230479794
11 2 0.000408957884439346028
11 3 0.000563798747338284476
11 4 0.000699363216056282069
11 5 0.000757570064861219097
11 9 0.000417686718547815986
11 10 0.000832648737586303626
11 11 0.00445576396800288679
11 12 0.000843206064587417869
11 15 0.000499215148822545226
11 35 0.000320809176465620678
11 37 9.1496547372677125e-05
11 176 3.68154888990942559e-05
11 177 7.34425418239264462e-07
12 2 4.53215806573638882e-05
12 5 0.000735132260894424006
12 9 0.000244184614561386961
12 11 0.000843206064587417869
12 12 0.00521758481619172786
12 15 0.000672750775768592981
12 16 0.000890571996017354688
12 136 0.00049489958690358978
12 139 0.000189664581127206881
12 159 0.000671485304541435566
12 160 0.000393358898059590083
12 176 0.000126061132038225986
12 177 5.45786495385706803e-05
13 9 1.58986095893117501e-05
13 13 0.000372737215751203842
13 14 7.82134218556090167e-05
13 15 0.000505422840977881463
13 16 0.000303969578497371279
13 17 9.66064716915110114e-06
13 18 1.14137159922190343e-05
13 19 0.000708134902456244737
13 20 9.45216538029705286e-05
14 9 1.73697357966391318e-05
14 10 0.000230710419517729656
14 13 7.82134218556090167e-05
14 14 0.00258109199348689278
14 15 0.000917033983405631491
14 18 0.00020780274761905015
14 19 0.000716805930460361583
14 36 0.000450060036975602983
14 37 0.000699585934376431118
14 38 0.000196856981328103983
14 39 0.00110163273453308362
15 9 0.000708639036661693812
15 10 0.000679016431926114617
15 11 0.000499215148822545226
15 12 0.000672750775768592981
15 13 0.000505422840977881463
15 14 0.000917033983405631491
15 15 0.00402391330302598414
15 16 0.000836188989959964993
15 19 0.00048497872827952881
15 37 0.000222670304972212097
15 39 7.65946549391496314e-05
15 177 2.97412612523031614e-06
15 178 6.11281044437377142e-08
16 9 0.000122091579642944273
16 12 0.000890571996017354688
16 13 0.000303969578497371279
16 15 0.000836188989959964993
16 16 0.00569352432306356217
16 19 0.000698175769038736978
16 20 0.000952579491901086543
16 136 0.000331827252813304938
16 143 0.000582355460262366309
16 160 0.000591716462039767934
16 161 0.000382912526099528317
16 177 2.93285043281469942e-05
16 178 3.56716954894129525e-05
17 13 9.66064716915110114e-06
17 17 0.000140391020673302823
17 18 3.13291189868225898e-05
17 19 0.000400985133280875239
17 20 0.000141895516832809361
17 21 3.51230828913549215e-07
17 22 4.55336252511398692e-07
17 23 0.00033602533433259947
17 24 6.1351548853827893e-06
18 13 1.14137159922190343e-05
18 14 0.00020780274761905015
18 17 3.13291189868225898e-05
18 18 0.00196272150320465693
18 19 0.000966214685209409356
18 22 7.90153909385792806e-05
18 23 0.000622854378450947823
18 38 0.000338500716235468329
18 39 0.000772258798839835052
18 40 7.26365431944304897e-05
18 41 0.00116161190509513719
19 13 0.000708134902456244737
19 14 0.000716805930460361583
19 15 0.00048497872827952881
19 16 0.000698175769038736978
19 17 0.000400985133280875239
19 18 0.000966214685209409356
19 19 0.00461811551551717485
19 20 0.000972413748338823406
19 23 0.000732444279150902544
19 39 0.000273561182803407034
19 41 0.000165461658399301543
19 178 4.15483131053353661e-06
19 179 1.64513297762268527e-06
20 13 9.45216538029705286e-05
20 16 0.000952579491901086543
20 17 0.000141895516832809361
20 19 0.000972413748338823406
20 20 0.00594005272212750918
20 23 0.000923472932072779578
20 24 0.000801536724251237153
20 143 0.000316274714122059407
20 147 0.000461336906664286633
20 161 0.000704240066962278245
20 163 0.000605246009120591799
20 178 5.82376043147347873e-05
20 179 0.000222315571574755518
21 17 3.51230828913549215e-07
21 21 2.80935751970807074e-06
21 22 6.15029820996274016e-07
21 23 4.40022045734978748e-05
21 24 3.131328488141615e-06
21 25 5.21686990446808572e-06
22 17 4.55336252511398692e-07
22 18 7.90153909385792806e-05
22 21 6.15029820996274016e-07
22 22 0.000573559610665740158
22 23 0.000631035274264777723
22 25 8.19763655763218214e-05
22 40 9.58184106903659346e-05
22 41 0.000734118522629220466
22 42 9.69780254304933728e-07
22 43 9.33600049490605838e-07
22 44 0.00068983449830079804
23 17 0.00033602533433259947
23 18 0.000622854378450947823
23 19 0.000732444279150902544
23 20 0.000923472932072779578
23 21 4.40022045734978748e-05
23 22 0.000631035274264777723
23 23 0.00667803356164648008
23 24 0.00108686831764531582
23 25 0.00123175065887525209
23 41 0.000592614562020161301
23 44 0.00074594137067929495
23 179 8.4827395375478728e-05
23 180 0.000169441003219668557
23 190 1.65752774690454271e-05
24 17 6.1351548853827893e-06
24 20 0.000801536724251237153
24 21 3.131328488141615e-06
24 23 0.00108686831764531582
24 24 0.004671807789929764
24 25 0.00055022928807492346
24 147 0.000135861312903252387
24 162 0.00016298875360577661
24 163 0.00103282284587875883
24 165 0.000303753133396283742
24 166 0.000860606469212965228
24 179 0.000352863446681524586
24 180 0.000972550738303664818
25 21 5.21686990446808572e-06
25 22 8.19763655763218214e-05
25 23 0.00123175065887525209
25 24 0.00055022928807492346
25 25 0.00631828763793289283
25 42 6.43562177817302412e-06
25 44 0.00130528717518369245
25 45 0.000548492566737104003
25 165 0.000382744451831203711
25 180 0.00087690267295260243
25 182 0.000360355194053505498
25 183 0.000973097410385813572
25 190 0.000128126296698540383
25 191 0.000989502989222376065
26 6 2.57761844843275792e-07
26 7 2.23972904739670993e-06
26 26 1.53612371189952181e-06
26 27 1.48062886940750556e-07
26 28 3.05264895962091407e-05
26 29 1.60151435971053585e-07
26 30 1.04883069267949255e-06
26 31 1.0231038643574598e-06
27 6 3.5837603202568172e-05
27 26 1.48062886940750556e-07
27 27 0.00132269914731537397
27 28 0.000658537937745727153
27 29 1.79389101847019946e-05
27 32 0.000193578111949371481
27 33 0.000610073981931565936
27 46 0.000143840861636197834
27 47 0.000563798747338285018
27 50 0.000117111521322313915
27 51 0.00106189976493013425
28 6 0.000248295634219322615
28 7 0.000827962265164349258
28 26 3.05264895962091407e-05
28 27 0.000658537937745727153
28 28 0.00504861321338284999
28 29 0.000170806093000324365
28 30 0.000818051863760081341
28 31 0.000543553823866160628
28 33 0.000612813541214628698
28 47 0.00069936321605628272
28 51 0.000220871003982008225
28 188 0.000283369341904420144
28 189 5.75546729427421203e-06
28 200 2.50907644841204158e-05
29 26 1.60151435971053585e-07
29 27 1.79389101847019946e-05
29 28 0.000170806093000324365
29 29 9.63591429310085173e-05
29 30 6.98822214598368845e-05
29 46 6.72343241587949573e-06
29 47 0.00040895788443934592
29 48 6.65507451407804531e-06
29 49 4.53215806573638611e-05
30 26 1.04883069267949255e-06
30 28 0.000818051863760081341
30 29 6.98822214598368845e-05
30 30 0.00437887846053850154
30 31 0.000416546547132331038
30 47 0.000757570064861218988
30 49 0.000735132260894424006
30 171 4.60907165729625888e-05
30 185 0.000768495020835146224
30 186 0.000273434415101343298
30 188 0.000401709630598766549
30 199 0.000552421095623258866
30 200 0.000304013471132863358
31 7 0.000502087904407826427
31 26 1.0231038643574598e-06
31 28 0.000543553823866160628
31 30 0.000416546547132331038
31 31 0.00254780882668853787
31 155 9.65022826345064753e-05
31 169 8.43288981848054984e-07
31 170 0.000710762288227864518
31 171 6.3044813289685653e-05
31 174 0.000631025487291022105
31 185 0.000640174925151696327
31 188 0.000891179536781553966
32 3 0.000193578111949371779
32 6 2.42549566968485986e-05
32 27 0.000193578111949371481
32 32 0.00311678779515029737
32 33 0.000849893599675547178
32 34 0.000460909116998956328
32 35 0.000664998566434269259
32 50 0.000460909116998956003
32 51 0.000664998566434268717
32 52 0.000387552744565388503
32 53 0.000929057713609085078
33 3 0.000610073981931567129
33 4 0.000612813541214629349
33 6 0.000710454268706936162
33 7 0.000643512006503445299
33 27 0.000610073981931565936
33 28 0.000612813541214628698
33 32 0.000849893599675547178
33 33 0.0035448229351411867
33 35 0.000246576119210286044
33 51 0.000246576119210285827
33 53 3.51242203187675543e-05
33 189 3.49762528213935534e-06
34 3 0.000117111521322314403
34 10 0.000377383223199795087
34 32 0.000460909116998956328
34 34 0.00443843191511860378
34 35 0.000834649994249365155
34 36 0.000650221039792306475
34 37 0.00058672676448225851
34 52 0.000761370379829240471
34 53 0.000504092651253634392
34 54 0.000648054403791541557
34 55 0.000675063172144724634
35 3 0.00106189976493013621
35 4 0.000220871003982008062
35 10 0.000686346409974803351
35 11 0.000320809176465620678
35 32 0.000664998566434269259
35 33 0.000246576119210286044
35 34 0.000834649994249365155
35 35 0.00204727734214877515
35 37 0.000112166693977514529
35 53 7.24366020267541277e-05
35 55 6.32895361182441151e-06
36 10 0.00021284388932962502
36 14 0.000450060036975602983
36 34 0.000650221039792306475
36 36 0.0049940283216241806
36 37 0.000819595375301156257
36 38 0.000652666991994812129
36 39 0.000605858577374249673
36 54 0.000898288667626074774
36 55 0.000400067467159683757
36 56 0.000654783727551932473
36 57 0.000671336227694840438
37 10 0.0010707964230479794
37 11 9.1496547372677125e-05
37 14 0.000699585934376431118
37 15 0.000222670304972212097
37 34 0.00058672676448225851
37 35 0.000112166693977514529
37 36 0.000819595375301156257
37 37 0.00145204739909493953
37 39 9.05122934905040793e-05
37 55 2.8552352531540049e-05
37 57 3.29999291369770589e-06
38 14 0.000196856981328103983
38 18 0.000338500716235468329
38 36 0.000652666991994812129
38 38 0.00454919081770735045
38 39 0.000956132209178278051
38 40 0.000418639428218252471
38 41 0.000783459505098229973
38 56 0.000789271330048851123
38 57 0.000512494665181808021
38 58 0.000354352479147395098
38 59 0.00098593178193984274
39 14 0.00110163273453308362
39 15 7.65946549391496314e-05
39 18 0.000772258798839835052
39 19 0.000273561182803407034
39 36 0.000605858577374249673
39 37 9.05122934905040793e-05
39 38 0.000956132209178278051
39 39 0.00169195098589441646
39 41 0.00017013429782218939
39 57 3.60234637398046582e-05
39 59 1.13637432201707193e-05
40 18 7.26365431944304897e-05
40 22 9.58184106903659346e-05
40 38 0.000418639428218252471
40 40 0.00269867074921345453
40 41 0.0012101865652656659
40 43 6.99261515554439836e-05
40 44 0.000770975384994530312
40 58 0.000396334177736882209
40 59 0.000832598359748074686
40 60 4.29575138552550339e-05
40 61 0.00123226411965877318
41 18 0.00116161190509513719
41 19 0.000165461658399301543
41 22 0.000734118522629220466
41 23 0.000592614562020161301
41 38 0.000783459505098229973
41 39 0.00017013429782218939
41 40 0.0012101865652656659
41 41 0.00325134367212745251
41 44 0.00058164995878977159
41 59 0.000143300693653714505
41 61 0.000124488473174835432
42 22 9.69780254304933728e-07
42 25 6.43562177817302412e-06
42 42 4.06562665707417734e-06
42 43 6.13861674940147547e-07
42 44 5.7246797925124256e-05
42 45 4.02597154975081943e-06
43 22 9.33600049490605838e-07
43 40 6.99261515554439836e-05
43 42 6.13861674940147547e-07
43 43 0.000277834415067963964
43 44 0.000489191082499148069
43 45 9.01612999339146455e-06
43 60 2.87285582263695617e-05
43 61 0.000634482598392196919
43 62 0.000227449014076509879
44 22 0.00068983449830079804
44 23 0.00074594137067929495
44 25 0.00130528717518369245
44 40 0.000770975384994530312
44 41 0.00058164995878977159
44 42 5.7246797925124256e-05
44 43 0.000489191082499148069
44 44 0.00747035955277553475
44 45 0.00126939229905205465
44 61 0.000772929302825177368
44 62 0.00112198993987532502
44 190 1.73518911609850671e-05
44 191 0.000228218541321895813
44 201 0.000133124086581163037
45 25 0.000548492566737104003
45 42 4.02597154975081943e-06
45 43 9.01612999339146455e-06
45 44 0.00126939229905205465
45 45 0.0046766500084301308
45 62 0.000872965633099904818
45 182 0.000206816786164008804
45 191 0.0014406854437910236
45 192 0.000801177872819152162
45 201 0.00064195906395276604
45 202 1.50809339048199593e-05
45 203 1.79079689040635276e-05
45 204 0.00145565744736441478
46 27 0.000143840861636197834
46 29 6.72343241587949573e-06
46 46 0.00227758558620224554
46 47 0.000832648737586303951
46 48 6.48989361034339458e-05
46 50 0.000377383223199794925
46 51 0.000686346409974803351
46 63 0.000230710419517729331
46 64 0.000679016431926117111
46 67 0.000212843889329625236
46 68 0.00107079642304798092
47 27 0.000563798747338285018
47 28 0.00069936321605628272
47 29 0.00040895788443934592
47 30 0.000757570064861218988
47 46 0.000832648737586303951
47 47 0.00445576396800288939
47 48 0.000417686718547815986
47 49 0.000843206064587418412
47 51 0.000320809176465620786
47 64 0.000499215148822545443
47 68 9.14965473726769623e-05
47 200 3.6815488899094283e-05
47 211 7.34425418239260438e-07
48 29 6.65507451407804531e-06
48 46 6.48989361034339458e-05
48 47 0.000417686718547815986
48 48 0.000328356089194682048
48 49 0.000244184614561386961
48 63 1.73697357966391386e-05
48 64 0.000708639036661694029
48 65 1.58986095893117434e-05
48 66 0.000122091579642944408
49 29 4.53215806573638611e-05
49 30 0.000735132260894424006
49 47 0.000843206064587418412
49 48 0.000244184614561386961
49 49 0.00521758481619172439
49 64 0.000672750775768592981
49 66 0.000890571996017354255
49 186 0.00018966458112720623
49 194 0.000494899586903589238
49 199 0.000671485304541434265
49 200 0.00012606113203822604
49 210 0.000393358898059589541
49 211 5.45786495385706803e-05
50 27 0.000117111521322313915
50 32 0.000460909116998956003
50 46 0.000377383223199794925
50 50 0.00443843191511860118
50 51 0.000834649994249364612
50 52 0.000761370379829240363
50 53 0.000504092651253633633
50 67 0.000650221039792307342
50 68 0.000586726764482256992
50 69 0.000648054403791541883
50 70 0.000675063172144724959
51 27 0.00106189976493013425
51 28 0.000220871003982008225
51 32 0.000664998566434268717
51 33 0.000246576119210285827
51 46 0.000686346409974803351
51 47 0.000320809176465620786
51 50 0.000834649994249364612
51 51 0.00204727734214877255
51 53 7.24366020267541412e-05
51 68 0.000112166693977514624
51 70 6.32895361182441744e-06
52 32 0.000387552744565388503
52 34 0.000761370379829240471
52 50 0.000761370379829240363
52 52 0.00597020140955520189
52 53 0.000618449518422358509
52 54 0.00102321723398943816
52 55 0.000278770016585019073
52 69 0.00102321723398943881
52 70 0.00027877001658501891
52 71 0.00106905140139453188
52 72 0.000239004247341237814
53 32 0.000929057713609085078
53 33 3.51242203187675543e-05
53 34 0.000504092651253634392
53 35 7.24366020267541277e-05
53 50 0.000504092651253633633
53 51 7.24366020267541412e-05
53 52 0.000618449518422358509
53 53 0.000745764960139008769
53 55 1.4284215883354156e-05
53 70 1.42842158833541746e-05
53 72 1.91593141278707981e-07
54 34 0.000648054403791541557
54 36 0.000898288667626074774
54 52 0.00102321723398943816
54 54 0.00671055921401317486
54 55 0.000437265333574702361
54 56 0.00106543362980263904
54 57 0.000243884486744721146
54 71 0.00120472769092484539
54 72 9.9974262358796948e-05
54 73 0.00111805512011624287
54 74 0.000190168628193307485
55 34 0.000675063172144724634
55 35 6.32895361182441151e-06
55 36 0.000400067467159683757
55 37 2.8552352531540049e-05
55 52 0.000278770016585019073
55 53 1.4284215883354156e-05
55 54 0.000437265333574702361
55 55 0.000303469344970091776
55 57 6.91950880320173386e-06
55 72 1.13536565295244904e-06
55 74 1.53194148300970489e-08
56 36 0.000654783727551932473
56 38 0.000789271330048851123
56 54 0.00106543362980263904
56 56 0.0064623628801479217
56 57 0.000564055765218118735
56 58 0.000809576182116855019
56 59 0.00050600029322084945
56 73 0.00111741740433111687
56 74 0.00019728289731433724
56 75 0.000676009277747049086
56 76 0.00065306151815406146
57 36 0.000671336227694840438
57 37 3.29999291369770589e-06
57 38 0.000512494665181808021
57 39 3.60234637398046582e-05
57 54 0.000243884486744721146
57 55 6.91950880320173386e-06
57 56 0.000564055765218118735
57 57 0.000361685013511397991
57 59 2.22129836327592453e-05
57 74 1.53732370582926389e-06
57 76 3.49152259134101424e-07
58 38 0.000354352479147395098
58 40 0.000396334177736882209
58 56 0.000809576182116855019
58 58 0.00470329932458575951
58 59 0.00109953475641692291
58 60 0.00026224255279350692
58 61 0.000938386792734818365
58 75 0.000662968792422703517
58 76 0.000655247511538250421
58 77 0.000122522364476884861
58 78 0.00122934083628459538
59 38 0.00098593178193984274
59 39 1.13637432201707193e-05
59 40 0.000832598359748074686
59 41 0.000143300693653714505
59 56 0.00050600029322084945
59 57 2.22129836327592453e-05
59 58 0.00109953475641692291
59 59 0.00125103738453871205
59 61 0.000183691352350385482
59 76 3.08215588986124103e-05
59 78 2.32211700388580483e-05
60 40 4.29575138552550339e-05
60 43 2.87285582263695617e-05
60 58 0.00026224255279350692
60 60 0.00103938779188602042
60 61 0.00123862675993190868
60 62 0.000191155510469975598
60 77 7.8483700099247171e-05
60 78 0.000929171852066924733
60 79 0.000597652825551742367
61 40 0.00123226411965877318
61 41 0.000124488473174835432
61 43 0.000634482598392196919
61 44 0.000772929302825177368
61 58 0.000938386792734818365
61 59 0.000183691352350385482
61 60 0.00123862675993190868
61 61 0.00500961449151340193
61 62 0.00126970057152822808
61 78 0.000402001998407064192
61 79 0.000847182770522695704
61 201 3.42720956283513271e-06
61 212 8.57371393362938212e-06
62 43 0.000227449014076509879
62 44 0.00112198993987532502
62 45 0.000872965633099904818
62 60 0.000191155510469975598
62 61 0.00126970057152822808
62 62 0.00795956092550897769
62 79 0.00135231226945448221
62 201 0.000475549410239730177
62 203 0.000235849666653390095
62 204 0.00123834843565026912
62 212 0.000157026247003665701
62 213 0.00013901483339996874
62 214 0.00143929542798813381
63 46 0.000230710419517729331
63 48 1.73697357966391386e-05
63 63 0.00258109199348689278
63 64 0.000917033983405631599
63 65 7.82134218556090031e-05
63 67 0.000450060036975602766
63 68 0.000699585934376430792
63 80 0.000207802747619049879
63 81 0.00071680593046036245
63 84 0.000196856981328103766
63 85 0.00110163273453308319
64 46 0.000679016431926117111
64 47 0.000499215148822545443
64 48 0.000708639036661694029
64 49 0.000672750775768592981
64 63 0.000917033983405631599
64 64 0.00402391330302598674
64 65 0.000505422840977881463
64 66 0.000836188989959965644
64 68 0.000222670304972213045
64 81 0.000484978728279528918
64 85 7.6594654939149523e-05
64 211 2.97412612523033096e-06
64 221 6.11281044437374628e-08
65 48 1.58986095893117434e-05
65 63 7.82134218556090031e-05
65 64 0.000505422840977881463
65 65 0.000372737215751203354
65 66 0.000303969578497371063
65 80 1.14137159922190428e-05
65 81 0.000708134902456243761
65 82 9.66064716915108251e-06
65 83 9.45216538029702846e-05
66 48 0.000122091579642944408
66 49 0.000890571996017354255
66 64 0.000836188989959965644
66 65 0.000303969578497371063
66 66 0.00569352432306356564
66 81 0.000698175769038737628
66 83 0.000952579491901087085
66 194 0.000331827252813304775
66 206 0.000582355460262366093
66 210 0.000591716462039767826
66 211 2.93285043281470382e-05
66 220 0.000382912526099527938
66 221 3.56716954894129661e-05
67 46 0.000212843889329625236
67 50 0.000650221039792307342
67 63 0.000450060036975602766
67 67 0.0049940283216241806
67 68 0.000819595375301155715
67 69 0.000898288667626074449
67 70 0.000400067467159684949
67 84 0.000652666991994812129
67 85 0.000605858577374248915
67 86 0.00065478372755193269
67 87 0.000671336227694840112
68 46 0.00107079642304798092
68 47 9.14965473726769623e-05
68 50 0.000586726764482256992
68 51 0.000112166693977514624
68 63 0.000699585934376430792
68 64 0.000222670304972213045
68 67 0.000819595375301155715
68 68 0.00145204739909493888
68 70 2.85523525315400456e-05
68 85 9.05122934905040657e-05
68 87 3.29999291369769699e-06
69 50 0.000648054403791541883
69 52 0.00102321723398943881
69 67 0.000898288667626074449
69 69 0.00671055921401315664
69 70 0.000437265333574702361
69 71 0.00120472769092486057
69 72 9.9974262358797585e-05
69 86 0.00106543362980263795
69 87 0.000243884486744721038
69 88 0.00111805512011624308
69 89 0.000190168628193310575
70 50 0.000675063172144724959
70 51 6.32895361182441744e-06
70 52 0.00027877001658501891
70 53 1.42842158833541746e-05
70 67 0.000400067467159684949
70 68 2.85523525315400456e-05
70 69 0.000437265333574702361
70 70 0.000303469344970091993
70 72 1.13536565295244925e-06
70 87 6.91950880320173217e-06
70 89 1.53194148300970158e-08
71 52 0.00106905140139453188
71 54 0.00120472769092484539
71 69 0.00120472769092486057
71 71 0.0075929097285923593
71 72 0.000102563466312842819
71 73 0.00127307383542047607
71 74 3.26952738217899675e-05
71 88 0.00127307383542047607
71 89 3.26952738217863557e-05
71 90 0.00117906473743998588
71 91 0.000129182504436647005
72 52 0.000239004247341237814
72 53 1.91593141278707981e-07
72 54 9.9974262358796948e-05
72 55 1.13536565295244904e-06
72 69 9.9974262358797585e-05
72 70 1.13536565295244925e-06
72 71 0.000102563466312842819
72 72 2.80988423525672738e-05
72 74 6.82096952733160307e-08
72 89 6.8209695273188367e-08
73 54 0.00111805512011624287
73 56 0.00111741740433111687
73 71 0.00127307383542047607
73 73 0.0074412282684052462
73 74 0.000205797407386980455
73 75 0.0010079793460042322
73 76 0.000317099961569511021
73 90 0.00118275751817861893
73 91 0.000133409507304098465
73 92 0.0006930462505556073
73 93 0.000636371178258929478
74 54 0.000190168628193307485
74 55 1.53194148300970489e-08
74 56 0.00019728289731433724
74 57 1.53732370582926389e-06
74 71 3.26952738217899675e-05
74 72 6.82096952733160307e-08
74 73 0.000205797407386980455
74 74 3.57361429513905707e-05
74 76 1.82917974381569156e-06
74 91 1.04440975591671907e-07
74 93 2.91007334920572229e-08
75 56 0.000676009277747049086
75 58 0.000662968792422703517
75 73 0.0010079793460042322
75 75 0.00564245292388983275
75 76 0.000945985131125242598
75 77 0.000355830578218678029
75 78 0.000937353300536923725
75 92 0.000671418004527356369
75 93 0.000661174533668765696
75 94 0.00010154412690547837
75 95 0.00126009620461290219
76 56 0.00065306151815406146
76 57 3.49152259134101424e-07
76 58 0.000655247511538250421
76 59 3.08215588986124103e-05
76 73 0.000317099961569511021
76 74 1.82917974381569156e-06
76 75 0.000945985131125242598
76 76 0.000550843285181026984
76 78 7.91323975686452285e-05
76 93 1.6521960055956744e-05
76 95 1.34965282318975075e-05
77 58 0.000122522364476884861
77 60 7.8483700099247171e-05
77 75 0.000355830578218678029
77 77 0.00133379606416101954
77 78 0.00152861421940120551
77 79 0.000316331942946082535
77 94 5.71047143054695581e-05
77 95 0.000966710973835908038
77 96 0.000576038919516187655
78 58 0.00122934083628459538
78 59 2.32211700388580483e-05
78 60 0.000929171852066924733
78 61 0.000402001998407064192
78 75 0.000937353300536923725
78 76 7.91323975686452285e-05
78 77 0.00152861421940120551
78 78 0.00405788223624590095
78 79 0.00113365483609899082
78 95 0.000385985411233938163
78 96 0.000869412088660906053
78 212 1.70563776297000138e-07
78 222 8.0553705431451056e-06
79 60 0.000597652825551742367
79 61 0.000847182770522695704
79 62 0.00135231226945448221
79 77 0.000316331942946082535
79 78 0.00113365483609899082
79 79 0.00880788681338167713
79 96 0.00139132249463543869
79 212 0.000112731143899612077
79 213 0.000421916578455028279
79 214 0.00114451548316365538
79 222 0.000119115964495833962
79 223 0.000110973848519217288
79 224 0.00147118187363873363
80 63 0.000207802747619049879
80 65 1.14137159922190428e-05
80 80 0.0019627215032046552
80 81 0.00096621468520940914
80 82 3.13291189868226101e-05
80 84 0.000338500716235468112
80 85 0.000772258798839834618
80 97 7.90153909385792128e-05
80 98 0.000622854378450947389
80 101 7.26365431944305575e-05
80 102 0.00116161190509513545
81 63 0.00071680593046036245
81 64 0.000484978728279528918
81 65 0.000708134902456243761
81 66 0.000698175769038737628
81 80 0.00096621468520940914
81 81 0.00461811551551717225
81 82 0.000400985133280875239
81 83 0.000972413748338824165
81 85 0.000273561182803407196
81 98 0.000732444279150903303
81 102 0.00016546165839930157
81 221 4.15483131053354593e-06
81 229 1.64513297762268294e-06
82 65 9.66064716915108251e-06
82 80 3.13291189868226101e-05
82 81 0.000400985133280875239
82 82 0.000140391020673302877
82 83 0.000141895516832809415
82 97 4.55336252511396892e-07
82 98 0.000336025334332599904
82 99 3.51230828913547151e-07
82 100 6.13515488538280285e-06
83 65 9.45216538029702846e-05
83 66 0.000952579491901087085
83 81 0.000972413748338824165
83 82 0.000141895516832809415
83 83 0.00594005272212751526
83 98 0.000923472932072783373
83 100 0.000801536724251236069
83 206 0.000316274714122059787
83 216 0.000461336906664285983
83 220 0.000704240066962278787
83 221 5.82376043147347331e-05
83 227 0.000605246009120590824
83 229 0.00022231557157475503
84 63 0.000196856981328103766
84 67 0.000652666991994812129
84 80 0.000338500716235468112
84 84 0.00454919081770735218
84 85 0.00095613220917827816
84 86 0.000789271330048852424
84 87 0.000512494665181807587
84 101 0.000418639428218252146
84 102 0.000783459505098231057
84 103 0.000354352479147395261
84 104 0.000985931781939843391
85 63 0.00110163273453308319
85 64 7.6594654939149523e-05
85 67 0.000605858577374248915
85 68 9.05122934905040657e-05
85 80 0.000772258798839834618
85 81 0.000273561182803407196
85 84 0.00095613220917827816
85 85 0.00169195098589441559
85 87 3.60234637398046447e-05
85 102 0.000170134297822189525
85 104 1.13637432201707176e-05
86 67 0.00065478372755193269
86 69 0.00106543362980263795
86 84 0.000789271330048852424
86 86 0.0064623628801479217
86 87 0.00056405576521811906
86 88 0.00111741740433111622
86 89 0.000197282897314336996
86 103 0.000809576182116853284
86 104 0.000506000293220849992
86 105 0.000676009277747048869
86 106 0.00065306151815406081
87 67 0.000671336227694840112
87 68 3.29999291369769699e-06
87 69 0.000243884486744721038
87 70 6.91950880320173217e-06
87 84 0.000512494665181807587
87 85 3.60234637398046447e-05
87 86 0.00056405576521811906
87 87 0.000361685013511397774
87 89 1.53732370582927384e-06
87 104 2.22129836327591707e-05
87 106 3.49152259134101848e-07
88 69 0.00111805512011624308
88 71 0.00127307383542047607
88 86 0.00111741740433111622
88 88 0.0074412282684052436
88 89 0.000205797407386980373
88 90 0.00118275751817862001
88 91 0.000133409507304098194
88 105 0.0010079793460042322
88 106 0.000317099961569510262
88 107 0.000693046250555606324
88 108 0.000636371178258929369
89 69 0.000190168628193310575
89 70 1.53194148300970158e-08
89 71 3.26952738217863557e-05
89 72 6.8209695273188367e-08
89 86 0.000197282897314336996
89 87 1.53732370582927384e-06
89 88 0.000205797407386980373
89 89 3.57361429513898185e-05
89 91 1.0444097559167241e-07
89 106 1.82917974381570257e-06
89 108 2.91007334920571435e-08
90 71 0.00117906473743998588
90 73 0.00118275751817861893
90 88 0.00118275751817862001
90 90 0.00721701910165984881
90 91 0.000344386479421531736
90 92 0.000866905760136644121
90 93 0.000468346206885585125
90 107 0.000866905760136644447
90 108 0.000468346206885584962
90 109 0.000315874923494472467
90 110 0.00103513503398569356
91 71 0.000129182504436647005
91 73 0.000133409507304098465
91 74 1.04440975591671907e-07
91 88 0.000133409507304098194
91 89 1.0444097559167241e-07
91 90 0.000344386479421531736
91 91 4.7073346035378582e-05
91 93 2.64766608746038399e-06
91 108 2.64766608746037848e-06
91 110 7.2472101307929437e-07
92 73 0.0006930462505556073
92 75 0.000671418004527356369
92 90 0.000866905760136644121
92 92 0.00494058679266877552
92 93 0.00124820370124083583
92 94 0.000187182516129169037
92 95 0.00108233960873607379
92 109 0.000320845677696142309
92 110 0.000993109229492491466
92 111 7.29571387352567385e-06
92 112 0.00133206342291427768
93 73 0.000636371178258929478
93 74 2.91007334920572229e-08
93 75 0.000661174533668765696
93 76 1.6521960055956744e-05
93 90 0.000468346206885585125
93 91 2.64766608746038399e-06
93 92 0.00124820370124083583
93 93 0.000718015050615654696
93 95 0.000115016684774976087
93 110 5.85288954548785471e-05
93 112 6.05231534466583369e-05
94 75 0.00010154412690547837
94 77 5.71047143054695581e-05
94 92 0.000187182516129169037
94 94 0.000598196922923291451
94 95 0.00128102527826170478
94 96 0.000146645720900705169
94 111 2.87809060665046417e-06
94 112 0.000594675058088860241
94 113 0.000194530684467896311
95 75 0.00126009620461290219
95 76 1.34965282318975075e-05
95 77 0.000966710973835908038
95 78 0.000385985411233938163
95 92 0.00108233960873607379
95 93 0.000115016684774976087
95 94 0.00128102527826170478
95 95 0.00536902691975304353
95 96 0.00131540060567458296
95 112 0.000839060574263448948
95 113 0.00117334957960709557
95 222 2.64218734910394835e-06
95 230 0.000115004678094182705
96 77 0.000576038919516187655
96 78 0.000869412088660906053
96 79 0.00139132249463543869
96 94 0.000146645720900705169
96 95 0.00131540060567458296
96 96 0.00844537469635606858
96 113 0.000892570444560446805
96 222 0.000332978288475721388
96 223 0.000115145736903320275
96 224 0.00144721256068389777
96 230 0.000647612780869623512
96 231 0.00153378294310581266
97 80 7.90153909385792128e-05
97 82 4.55336252511396892e-07
97 97 0.000573559610665739399
97 98 0.000631035274264777398
97 99 6.15029820996274016e-07
97 101 9.58184106903659752e-05
97 102 0.000734118522629218949
97 114 8.19763655763221331e-05
97 115 9.33600049490596098e-07
97 116 0.000689834498300797823
97 117 9.69780254304934998e-07
98 80 0.000622854378450947389
98 81 0.000732444279150903303
98 82 0.000336025334332599904
98 83 0.000923472932072783373
98 97 0.000631035274264777398
98 98 0.00667803356164648355
98 99 4.40022045734977122e-05
98 100 0.00108686831764531495
98 102 0.000592614562020161084
98 114 0.00123175065887525881
98 116 0.000745941370679298853
98 229 8.4827395375478606e-05
98 237 0.000169441003219668936
98 238 1.6575277469045173e-05
99 82 3.51230828913547151e-07
99 97 6.15029820996274016e-07
99 98 4.40022045734977122e-05
99 99 2.80935751970806481e-06
99 100 3.13132848814159637e-06
99 114 5.21686990446803829e-06
100 82 6.13515488538280285e-06
100 83 0.000801536724251236069
100 98 0.00108686831764531495
100 99 3.13132848814159637e-06
100 100 0.004671807789929764
100 114 0.000550229288074921942
100 216 0.000135861312903252332
100 227 0.00103282284587876035
100 228 0.000162988753605776854
100 229 0.000352863446681523935
100 233 0.000303753133396283904
100 234 0.000860606469212966962
100 237 0.000972550738303664926
101 80 7.26365431944305575e-05
101 84 0.000418639428218252146
101 97 9.58184106903659752e-05
101 101 0.00269867074921345713
101 102 0.00121018656526566612
101 103 0.000396334177736882751
101 104 0.000832598359748074469
101 115 6.99261515554441598e-05
101 116 0.000770975384994532264
101 118 4.29575138552549932e-05
101 119 0.00123226411965877665
102 80 0.00116161190509513545
102 81 0.00016546165839930157
102 84 0.000783459505098231057
102 85 0.000170134297822189525
102 97 0.000734118522629218949
102 98 0.000592614562020161084
102 101 0.00121018656526566612
102 102 0.0032513436721274486
102 104 0.000143300693653714559
102 116 0.000581649958789770397
102 119 0.000124488473174835459
103 84 0.000354352479147395261
103 86 0.000809576182116853284
103 101 0.000396334177736882751
103 103 0.00470329932458576124
103 104 0.00109953475641692269
103 105 0.000662968792422703843
103 106 0.000655247511538249879
103 118 0.000262242552793506378
103 119 0.000938386792734821401
103 120 0.000122522364476884834
103 121 0.00122934083628459517
104 84 0.000985931781939843391
104 85 1.13637432201707176e-05
104 86 0.000506000293220849992
104 87 2.22129836327591707e-05
104 101 0.000832598359748074469
104 102 0.000143300693653714559
104 103 0.00109953475641692269
104 104 0.00125103738453871184
104 106 3.08215588986124103e-05
104 119 0.000183691352350385563
104 121 2.32211700388579805e-05
105 86 0.000676009277747048869
105 88 0.0010079793460042322
105 103 0.000662968792422703843
105 105 0.00564245292388983535
105 106 0.000945985131125242815
105 107 0.000671418004527356369
105 108 0.000661174533668767214
105 120 0.000355830578218677921
105 121 0.000937353300536922641
105 122 0.0001015441269054786
105 123 0.00126009620461290262
106 86 0.00065306151815406081
106 87 3.49152259134101848e-07
106 88 0.000317099961569510262
106 89 1.82917974381570257e-06
106 103 0.000655247511538249879
106 104 3.08215588986124103e-05
106 105 0.000945985131125242815
106 106 0.000550843285181026659
106 108 1.65219600559567576e-05
106 121 7.91323975686452556e-05
106 123 1.34965282318974906e-05
107 88 0.000693046250555606324
107 90 0.000866905760136644447
107 105 0.000671418004527356369
107 107 0.00494058679266877378
107 108 0.00124820370124083518
107 109 0.000320845677696142309
107 110 0.000993109229492491249
107 122 0.00018718251612916901
107 123 0.00108233960873607487
107 124 7.29571387352574415e-06
107 125 0.00133206342291427682
108 88 0.000636371178258929369
108 89 2.91007334920571435e-08
108 90 0.000468346206885584962
108 91 2.64766608746037848e-06
108 105 0.000661174533668767214
108 106 1.65219600559567576e-05
108 107 0.00124820370124083518
108 108 0.000718015050615655021
108 110 5.85288954548784658e-05
108 123 0.000115016684774976263
108 125 6.05231534466580794e-05
109 90 0.000315874923494472467
109 92 0.000320845677696142309
109 107 0.000320845677696142309
109 109 0.00177657908434704251
109 110 0.0018521005237792966
109 111 5.23320328552501229e-06
109 112 0.000819188517558024098
109 124 5.23320328552501568e-06
109 125 0.000819188517558023556
109 126 0.000569666015031120151
110 90 0.00103513503398569356
110 91 7.2472101307929437e-07
110 92 0.000993109229492491466
110 93 5.85288954548785471e-05
110 107 0.000993109229492491249
110 108 5.85288954548784658e-05
110 109 0.0018521005237792966
110 110 0.0028932727954582519
110 112 0.000598630600414104563
110 125 0.000598630600414104671
110 126 0.000872460696174196123
110 239 1.15047098986631695e-05
111 92 7.29571387352567385e-06
111 94 2.87809060665046417e-06
111 109 5.23320328552501229e-06
111 111 1.51832207796777533e-05
111 112 0.000162803145952517263
111 113 4.23707916625881735e-06
111 126 9.89328666997070529e-06
111 127 3.1252037440120738e-06
112 92 0.00133206342291427768
112 93 6.05231534466583369e-05
112 94 0.000594675058088860241
112 95 0.000839060574263448948
112 109 0.000819188517558024098
112 110 0.000598630600414104563
112 111 0.000162803145952517263
112 112 0.00844115010415059236
112 113 0.00138914176640924356
112 126 0.00145508714968155934
112 127 0.000590414441105055303
112 230 0.000117276118480869179
112 239 3.00738415585599448e-05
112 240 0.000953811953378012108
113 94 0.000194530684467896311
113 95 0.00117334957960709557
113 96 0.000892570444560446805
113 111 4.23707916625881735e-06
113 112 0.00138914176640924356
113 113 0.00466358983892887786
113 127 0.000110193874409819583
113 230 0.00168336116707661727
113 231 0.000698857601618612561
113 240 0.00119251378600956676
113 241 0.000500521925261956761
114 97 8.19763655763221331e-05
114 98 0.00123175065887525881
114 99 5.21686990446803829e-06
114 100 0.000550229288074921942
114 114 0.00631828763793291365
114 116 0.00130528717518370524
114 117 6.4356217781730165e-06
114 128 0.000548492566737105521
114 233 0.000382744451831203223
114 237 0.000876902672952601455
114 238 0.000128126296698539516
114 243 0.000360355194053505932
114 244 0.000973097410385814115
114 246 0.000989502989222379318
115 97 9.33600049490596098e-07
115 101 6.99261515554441598e-05
115 115 0.00027783441506796353
115 116 0.000489191082499147419
115 117 6.13861674940150829e-07
115 118 2.87285582263694567e-05
115 119 0.000634482598392196594
115 128 9.01612999339144592e-06
115 129 0.000227449014076509337
116 97 0.000689834498300797823
116 98 0.000745941370679298853
116 101 0.000770975384994532264
116 102 0.000581649958789770397
116 114 0.00130528717518370524
116 115 0.000489191082499147419
116 116 0.00747035955277554169
116 117 5.72467979251241543e-05
116 119 0.00077292930282517791
116 128 0.00126939229905205313
116 129 0.00112198993987532351
116 238 1.73518911609850197e-05
116 246 0.000228218541321895948
116 247 0.000133124086581163362
117 97 9.69780254304934998e-07
117 114 6.4356217781730165e-06
117 115 6.13861674940150829e-07
117 116 5.72467979251241543e-05
117 117 4.06562665707417141e-06
117 128 4.02597154975078385e-06
118 101 4.29575138552549932e-05
118 103 0.000262242552793506378
118 115 2.87285582263694567e-05
118 118 0.00103938779188601999
118 119 0.00123862675993190912
118 120 7.84837000992470355e-05
118 121 0.000929171852066923432
118 129 0.000191155510469975679
118 130 0.000597652825551742584
119 101 0.00123226411965877665
119 102 0.000124488473174835459
119 103 0.000938386792734821401
119 104 0.000183691352350385563
119 115 0.000634482598392196594
119 116 0.00077292930282517791
119 118 0.00123862675993190912
119 119 0.00500961449151340627
119 121 0.000402001998407064789
119 129 0.00126970057152822505
119 130 0.000847182770522695271
119 247 3.42720956283513398e-06
119 248 8.57371393362936518e-06
120 103 0.000122522364476884834
120 105 0.000355830578218677921
