% 100x100 1028 nonzeros
1 1 0.115665129313447357
1 2 -0.0531846071440071622
1 3 -0.00236456455491095702
1 4 0.050982385783306966
1 5 -0.00236456455491095875
1 6 -0.0531846071440071552
1 7 -0.00236456455491095919
1 8 -0.0531846071440071622
2 1 -0.0531846071440071622
2 2 0.77794991677647829
2 3 -0.360580549587834365
2 4 0.0851869724802736816
2 5 -0.360580549587834365
2 9 -0.217156177934956285
2 10 -0.0575352203372933441
2 11 0.243435435672467004
2 12 -0.057535220337293351
3 1 -0.00236456455491095702
3 2 -0.360580549587834365
3 3 2.44494481415940701
3 4 -0.530546354536795439
3 6 -0.360580549587834365
3 10 -0.615458634333707844
3 11 -0.0300821478704643604
3 18 -0.615458634333707844
3 19 -0.0300821478704643638
3 22 -0.0610118772856902761
3 23 0.161220645802002432
4 1 0.050982385783306966
4 2 0.0851869724802736816
4 3 -0.530546354536795439
4 4 3.14379167602040122
4 5 -0.530546354536795328
4 6 0.0851869724802736816
4 7 -0.530546354536795439
4 8 0.0851869724802736816
4 11 -0.594735523327212912
4 19 -0.594735523327212801
4 23 -0.02482978188416839
4 40 -0.594735523327212801
4 44 -0.0248297818841683934
4 49 -0.02482978188416839
5 1 -0.00236456455491095875
5 2 -0.360580549587834365
5 4 -0.530546354536795328
5 5 2.44494481415940745
5 8 -0.360580549587834309
5 11 -0.0300821478704643673
5 12 -0.615458634333707844
5 40 -0.0300821478704643465
5 41 -0.615458634333707844
5 44 0.161220645802002432
5 45 -0.0610118772856902691
6 1 -0.0531846071440071552
6 3 -0.360580549587834365
6 4 0.0851869724802736816
6 6 0.777949916776478068
6 7 -0.360580549587834365
6 18 -0.0575352203372933441
6 19 0.243435435672466977
6 20 -0.217156177934956257
6 21 -0.0575352203372933441
7 1 -0.00236456455491095919
7 4 -0.530546354536795439
7 6 -0.360580549587834365
7 7 2.44494481415940745
7 8 -0.360580549587834309
7 19 -0.0300821478704643638
7 21 -0.615458634333707844
7 40 -0.0300821478704643604
7 42 -0.615458634333707844
7 49 0.16122064580200246
7 50 -0.061011877285690283
8 1 -0.0531846071440071622
8 4 0.0851869724802736816
8 5 -0.360580549587834309
8 7 -0.360580549587834309
8 8 0.777949916776478068
8 40 0.243435435672466977
8 41 -0.0575352203372933302
8 42 -0.0575352203372933441
8 43 -0.217156177934956257
9 2 -0.217156177934956285
9 9 0.956901758241484823
9 10 -0.45218645260937862
9 11 0.358116555642185141
9 12 -0.45218645260937862
9 13 -0.0606057232074980676
9 14 -0.0998106580842848395
9 15 0.0667378086461113268
9 16 -0.0998106580842848395
10 2 -0.0575352203372933441
10 3 -0.615458634333707844
10 9 -0.45218645260937862
10 10 2.95212810987985064
10 11 -0.502886655824058115
10 14 -0.382190806854453669
10 15 -0.166632055722567812
10 22 -0.831070192438565392
10 23 0.114858542592611232
10 24 -0.0157686900181401857
10 25 -0.0432579443342962777
11 2 0.243435435672467004
11 3 -0.0300821478704643604
11 4 -0.594735523327212912
11 5 -0.0300821478704643673
11 9 0.358116555642185141
11 10 -0.502886655824058115
11 11 2.11388168149886813
11 12 -0.502886655824058115
11 15 -0.448746625973892643
11 23 -0.287760305419307472
11 25 -0.015246652642377477
11 44 -0.287760305419307416
11 46 -0.015246652642377477
12 2 -0.057535220337293351
12 5 -0.615458634333707844
12 9 -0.45218645260937862
12 11 -0.502886655824058115
12 12 2.95212810987985019
12 15 -0.166632055722567812
12 16 -0.382190806854453669
12 44 0.114858542592611218
12 45 -0.831070192438565392
12 46 -0.0432579443342962916
12 47 -0.0157686900181401995
13 9 -0.0606057232074980676
13 13 0.20592073000450381
13 14 -0.127352449804940315
13 15 0.155584018888928394
13 16 -0.127352449804940315
13 17 -0.0461941260760535058
14 9 -0.0998106580842848395
14 10 -0.382190806854453669
14 13 -0.127352449804940315
14 14 1.68797245622511194
14 15 -0.552137048273093844
14 17 -0.166515215433624741
14 24 -0.77186539887793959
14 25 0.523174901336479037
14 26 -0.111275780233253865
15 9 0.0667378086461113268
15 10 -0.166632055722567812
15 11 -0.448746625973892643
15 12 -0.166632055722567812
15 13 0.155584018888928394
15 14 -0.552137048273093844
15 15 3.46667358286871696
15 16 -0.552137048273093844
15 17 0.149089271149796587
15 25 -0.845976487340122985
15 26 -0.0161643930445997362
15 46 -0.845976487340122874
15 48 -0.0161643930445996911
15 51 -0.227518086818891963
16 9 -0.0998106580842848395
16 12 -0.382190806854453669
16 13 -0.127352449804940315
16 15 -0.552137048273093844
16 16 1.68797245622511172
16 17 -0.166515215433624741
16 46 0.523174901336478926
16 47 -0.771865398877939479
16 48 -0.111275780233253865
17 13 -0.0461941260760535058
17 14 -0.166515215433624741
17 15 0.149089271149796587
17 16 -0.166515215433624741
17 17 1.1793886966164473
17 26 -0.624982021105635055
17 48 -0.624982021105635055
17 51 0.300710631388329375
18 3 -0.615458634333707844
18 6 -0.0575352203372933441
18 18 2.95212810987985019
18 19 -0.502886655824058115
18 20 -0.45218645260937862
18 22 -0.831070192438565392
18 23 0.114858542592611218
18 27 -0.382190806854453724
18 28 -0.166632055722567785
18 31 -0.0157686900181401995
18 32 -0.0432579443342962916
19 3 -0.0300821478704643638
19 4 -0.594735523327212801
19 6 0.243435435672466977
19 7 -0.0300821478704643638
19 18 -0.502886655824058115
19 19 2.11388168149886813
19 20 0.358116555642185197
19 21 -0.502886655824058115
19 23 -0.287760305419307416
19 28 -0.448746625973892699
19 32 -0.0152466526423774701
19 49 -0.287760305419307416
19 52 -0.0152466526423774805
20 6 -0.217156177934956257
20 18 -0.45218645260937862
20 19 0.358116555642185197
20 20 0.956901758241484712
20 21 -0.45218645260937862
20 27 -0.0998106580842848395
20 28 0.0667378086461113407
20 29 -0.0606057232074980884
20 30 -0.0998106580842848395
21 6 -0.0575352203372933441
21 7 -0.615458634333707844
21 19 -0.502886655824058115
21 20 -0.45218645260937862
21 21 2.95212810987985064
21 28 -0.16663205572256784
21 30 -0.382190806854453724
21 49 0.114858542592611218
21 50 -0.831070192438565503
21 52 -0.0432579443342962638
21 53 -0.0157686900181401995
22 3 -0.0610118772856902761
22 10 -0.831070192438565392
22 18 -0.831070192438565392
22 22 3.75661583452697689
22 23 -0.250822149054766352
22 24 -0.721055594608563277
22 25 -0.20686138933085027
22 31 -0.721055594608563277
22 32 -0.20686138933085027
22 33 0.300710631388329319
22 34 -0.227518086818891935
23 3 0.161220645802002432
23 4 -0.02482978188416839
23 10 0.114858542592611232
23 11 -0.287760305419307472
23 18 0.114858542592611218
23 19 -0.287760305419307416
23 22 -0.250822149054766352
23 23 0.608374143026090608
23 25 -0.0740696661178829319
23 32 -0.0740696661178829319
24 10 -0.0157686900181401857
24 14 -0.77186539887793959
24 22 -0.721055594608563277
24 24 2.7472362834836308
24 25 -0.211540013718731879
24 26 -0.274584391876767031
24 33 -0.624982021105635166
24 34 -0.0161643930445996009
24 35 -0.111275780233253963
25 10 -0.0432579443342962777
25 11 -0.015246652642377477
25 14 0.523174901336479037
25 15 -0.845976487340122985
25 22 -0.20686138933085027
25 23 -0.0740696661178829319
25 24 -0.211540013718731879
25 25 1.74755450429556558
25 26 -0.211540013718731879
25 34 -0.845976487340122874
25 35 0.523174901336478815
25 51 -0.206861389330850381
25 54 -0.0432579443342961875
25 55 -0.015246652642377484
25 56 -0.0740696661178828764
26 14 -0.111275780233253865
26 15 -0.0161643930445997362
26 17 -0.624982021105635055
26 24 -0.274584391876767031
26 25 -0.211540013718731879
26 26 2.74723628348363036
26 35 -0.77186539887793959
26 51 -0.721055594608563277
26 54 -0.0157686900181402551
27 18 -0.382190806854453724
27 20 -0.0998106580842848395
27 27 1.68797245622511172
27 28 -0.552137048273093844
27 29 -0.127352449804940343
27 31 -0.77186539887793959
27 32 0.523174901336479037
27 36 -0.166515215433624769
27 37 -0.111275780233253865
28 18 -0.166632055722567785
28 19 -0.448746625973892699
28 20 0.0667378086461113407
28 21 -0.16663205572256784
28 27 -0.552137048273093844
28 28 3.46667358286871696
28 29 0.155584018888928394
28 30 -0.552137048273093844
28 32 -0.845976487340122874
28 36 0.149089271149796587
28 37 -0.0161643930445996981
28 52 -0.845976487340122985
28 57 -0.016164393044599705
28 58 -0.227518086818891907
29 20 -0.0606057232074980884
29 27 -0.127352449804940343
29 28 0.155584018888928394
29 29 0.205920730004503838
29 30 -0.127352449804940315
29 36 -0.0461941260760534989
30 20 -0.0998106580842848395
30 21 -0.382190806854453724
30 28 -0.552137048273093844
30 29 -0.127352449804940315
30 30 1.68797245622511172
30 36 -0.166515215433624769
30 52 0.523174901336479037
30 53 -0.771865398877939479
30 57 -0.111275780233253907
31 18 -0.0157686900181401995
31 22 -0.721055594608563277
31 27 -0.77186539887793959
31 31 2.74723628348363036
31 32 -0.211540013718731934
31 33 -0.624982021105635055
31 34 -0.0161643930445996287
31 37 -0.274584391876766976
31 38 -0.111275780233253907
32 18 -0.0432579443342962916
32 19 -0.0152466526423774701
32 22 -0.20686138933085027
32 23 -0.0740696661178829319
32 27 0.523174901336479037
32 28 -0.845976487340122874
32 31 -0.211540013718731934
32 32 1.74755450429556558
32 34 -0.845976487340122874
32 37 -0.211540013718731934
32 38 0.523174901336478815
32 55 -0.0152466526423774788
32 58 -0.206861389330850354
32 59 -0.0432579443342961875
32 60 -0.0740696661178829041
33 22 0.300710631388329319
33 24 -0.624982021105635166
33 31 -0.624982021105635055
33 33 1.1793886966164473
33 34 0.149089271149796448
33 35 -0.166515215433624714
33 38 -0.166515215433624714
33 39 -0.0461941260760535127
34 22 -0.227518086818891935
34 24 -0.0161643930445996009
34 25 -0.845976487340122874
34 31 -0.0161643930445996287
34 32 -0.845976487340122874
34 33 0.149089271149796448
34 34 3.46667358286871563
34 35 -0.552137048273093511
34 38 -0.552137048273093622
34 39 0.155584018888928394
34 54 -0.166632055722567923
34 55 -0.448746625973892588
34 59 -0.166632055722567896
34 61 0.0667378086461113684
35 24 -0.111275780233253963
35 25 0.523174901336478815
35 26 -0.77186539887793959
35 33 -0.166515215433624714
35 34 -0.552137048273093511
35 35 1.68797245622511172
35 39 -0.127352449804940315
35 54 -0.382190806854453669
35 61 -0.0998106580842848812
36 27 -0.166515215433624769
36 28 0.149089271149796587
36 29 -0.0461941260760534989
36 30 -0.166515215433624769
36 36 1.17938869661644752
36 37 -0.624982021105635055
36 57 -0.624982021105635166
36 58 0.300710631388329319
37 27 -0.111275780233253865
37 28 -0.0161643930445996981
37 31 -0.274584391876766976
37 32 -0.211540013718731934
37 36 -0.624982021105635055
37 37 2.74723628348363036
37 38 -0.77186539887793959
37 58 -0.721055594608563055
37 59 -0.0157686900181402412
38 31 -0.111275780233253907
38 32 0.523174901336478815
38 33 -0.166515215433624714
38 34 -0.552137048273093622
38 37 -0.77186539887793959
38 38 1.68797245622511194
38 39 -0.127352449804940315
38 59 -0.382190806854453669
38 61 -0.0998106580842848812
39 33 -0.0461941260760535127
39 34 0.155584018888928394
39 35 -0.127352449804940315
39 38 -0.127352449804940315
39 39 0.20592073000450381
39 61 -0.0606057232074980606
40 4 -0.594735523327212801
40 5 -0.0300821478704643465
40 7 -0.0300821478704643604
40 8 0.243435435672466977
40 40 2.11388168149886813
40 41 -0.502886655824058226
40 42 -0.502886655824058115
40 43 0.358116555642185141
40 44 -0.287760305419307416
40 49 -0.287760305419307416
40 62 -0.448746625973892699
40 66 -0.0152466526423774753
40 71 -0.0152466526423774788
41 5 -0.615458634333707844
41 8 -0.0575352203372933302
41 40 -0.502886655824058226
41 41 2.95212810987985064
41 43 -0.45218645260937862
41 44 0.114858542592611232
41 45 -0.831070192438565281
41 62 -0.166632055722567785
41 63 -0.382190806854453724
41 66 -0.0432579443342962985
41 67 -0.0157686900181401718
42 7 -0.615458634333707844
42 8 -0.0575352203372933441
42 40 -0.502886655824058115
42 42 2.95212810987985019
42 43 -0.45218645260937862
42 49 0.11485854259261119
42 50 -0.831070192438565392
42 62 -0.16663205572256784
42 64 -0.382190806854453613
42 71 -0.0432579443342962847
42 72 -0.0157686900181401857
43 8 -0.217156177934956257
43 40 0.358116555642185141
43 41 -0.45218645260937862
43 42 -0.45218645260937862
43 43 0.956901758241484712
43 62 0.0667378086461113407
43 63 -0.0998106580842848257
43 64 -0.0998106580842848395
43 65 -0.0606057232074980884
44 4 -0.0248297818841683934
44 5 0.161220645802002432
44 11 -0.287760305419307416
44 12 0.114858542592611218
44 40 -0.287760305419307416
44 41 0.114858542592611232
44 44 0.608374143026090608
44 45 -0.250822149054766352
44 46 -0.0740696661178829457
44 66 -0.0740696661178829041
45 5 -0.0610118772856902691
45 12 -0.831070192438565392
45 41 -0.831070192438565281
45 44 -0.250822149054766352
45 45 3.75661583452697689
45 46 -0.20686138933085027
45 47 -0.721055594608563277
45 66 -0.206861389330850243
45 67 -0.721055594608563277
45 68 -0.227518086818891935
45 69 0.300710631388329319
46 11 -0.015246652642377477
46 12 -0.0432579443342962916
46 15 -0.845976487340122874
46 16 0.523174901336478926
46 44 -0.0740696661178829457
46 45 -0.20686138933085027
46 46 1.74755450429556558
46 47 -0.211540013718731934
46 48 -0.211540013718731879
46 51 -0.206861389330850381
46 56 -0.0740696661178828902
46 68 -0.845976487340122874
46 70 0.523174901336478926
46 73 -0.0432579443342962014
46 74 -0.0152466526423774788
47 12 -0.0157686900181401995
47 16 -0.771865398877939479
47 45 -0.721055594608563277
47 46 -0.211540013718731934
47 47 2.7472362834836308
47 48 -0.274584391876767031
47 68 -0.0161643930445996009
47 69 -0.624982021105635166
47 70 -0.111275780233253976
48 15 -0.0161643930445996911
48 16 -0.111275780233253865
48 17 -0.624982021105635055
48 46 -0.211540013718731879
48 47 -0.274584391876767031
48 48 2.74723628348363036
48 51 -0.721055594608563166
48 70 -0.77186539887793959
48 73 -0.0157686900181402412
49 4 -0.02482978188416839
49 7 0.16122064580200246
49 19 -0.287760305419307416
49 21 0.114858542592611218
49 40 -0.287760305419307416
49 42 0.11485854259261119
49 49 0.608374143026090608
49 50 -0.250822149054766297
49 52 -0.074069666117882918
49 71 -0.0740696661178829041
50 7 -0.061011877285690283
50 21 -0.831070192438565503
50 42 -0.831070192438565392
50 49 -0.250822149054766297
50 50 3.75661583452697689
50 52 -0.206861389330850326
50 53 -0.721055594608563277
50 71 -0.206861389330850326
50 72 -0.721055594608563277
50 75 -0.227518086818892018
50 76 0.300710631388329375
51 15 -0.227518086818891963
51 17 0.300710631388329375
51 25 -0.206861389330850381
51 26 -0.721055594608563277
51 46 -0.206861389330850381
51 48 -0.721055594608563166
51 51 3.75661583452697734
51 54 -0.831070192438565503
51 56 -0.250822149054766297
51 73 -0.831070192438565392
51 77 -0.0610118772856902622
52 19 -0.0152466526423774805
52 21 -0.0432579443342962638
52 28 -0.845976487340122985
52 30 0.523174901336479037
52 49 -0.074069666117882918
52 50 -0.206861389330850326
52 52 1.74755450429556558
52 53 -0.211540013718731879
52 57 -0.211540013718731906
52 58 -0.206861389330850354
52 60 -0.0740696661178829041
52 75 -0.845976487340122985
52 79 0.523174901336478926
52 80 -0.0432579443342961945
52 81 -0.0152466526423774753
53 21 -0.0157686900181401995
53 30 -0.771865398877939479
53 50 -0.721055594608563277
53 52 -0.211540013718731879
53 53 2.74723628348363036
53 57 -0.274584391876766976
53 75 -0.016164393044599587
53 76 -0.624982021105635166
53 79 -0.111275780233253935
54 25 -0.0432579443342961875
54 26 -0.0157686900181402551
54 34 -0.166632055722567923
54 35 -0.382190806854453669
54 51 -0.831070192438565503
54 54 2.95212810987985019
54 55 -0.502886655824057782
54 56 0.114858542592611246
54 61 -0.452186452609378786
54 77 -0.615458634333707733
54 83 -0.0575352203372934551
55 25 -0.015246652642377484
55 32 -0.0152466526423774788
55 34 -0.448746625973892588
55 54 -0.502886655824057782
55 55 2.11388168149886768
55 56 -0.287760305419307472
55 59 -0.502886655824057782
55 60 -0.287760305419307472
55 61 0.358116555642184919
55 77 -0.0300821478704644055
55 78 -0.594735523327212912
55 82 -0.0300821478704643951
55 83 0.243435435672467199
56 25 -0.0740696661178828764
56 46 -0.0740696661178828902
56 51 -0.250822149054766297
56 54 0.114858542592611246
56 55 -0.287760305419307472
56 56 0.608374143026090386
56 73 0.114858542592611218
56 74 -0.287760305419307527
56 77 0.161220645802002405
56 78 -0.0248297818841683553
57 28 -0.016164393044599705
57 30 -0.111275780233253907
57 36 -0.624982021105635166
57 52 -0.211540013718731906
57 53 -0.274584391876766976
57 57 2.7472362834836308
57 58 -0.721055594608563166
57 79 -0.771865398877939479
57 80 -0.0157686900181402551
58 28 -0.227518086818891907
58 32 -0.206861389330850354
58 36 0.300710631388329319
58 37 -0.721055594608563055
58 52 -0.206861389330850354
58 57 -0.721055594608563166
58 58 3.75661583452697734
58 59 -0.831070192438565392
58 60 -0.250822149054766297
58 80 -0.831070192438565503
58 82 -0.0610118772856902691
59 32 -0.0432579443342961875
59 34 -0.166632055722567896
59 37 -0.0157686900181402412
59 38 -0.382190806854453669
59 55 -0.502886655824057782
59 58 -0.831070192438565392
59 59 2.95212810987984975
59 60 0.114858542592611232
59 61 -0.452186452609378842
59 82 -0.615458634333707622
59 83 -0.0575352203372934551
60 32 -0.0740696661178829041
60 52 -0.0740696661178829041
60 55 -0.287760305419307472
60 58 -0.250822149054766297
60 59 0.114858542592611232
60 60 0.608374143026090719
60 78 -0.0248297818841683449
60 80 0.114858542592611204
60 81 -0.287760305419307472
60 82 0.161220645802002377
61 34 0.0667378086461113684
61 35 -0.0998106580842848812
61 38 -0.0998106580842848812
61 39 -0.0606057232074980606
61 54 -0.452186452609378786
61 55 0.358116555642184919
61 59 -0.452186452609378842
61 61 0.9569017582414856
61 83 -0.217156177934956451
62 40 -0.448746625973892699
62 41 -0.166632055722567785
62 42 -0.16663205572256784
62 43 0.0667378086461113407
62 62 3.46667358286871741
62 63 -0.552137048273093844
62 64 -0.552137048273093844
62 65 0.155584018888928394
62 66 -0.845976487340122985
62 71 -0.845976487340122985
62 84 0.149089271149796587
62 85 -0.0161643930445996772
62 88 -0.0161643930445997119
62 89 -0.227518086818891907
63 41 -0.382190806854453724
63 43 -0.0998106580842848257
63 62 -0.552137048273093844
63 63 1.68797245622511194
63 65 -0.127352449804940315
63 66 0.523174901336479037
63 67 -0.77186539887793959
63 84 -0.166515215433624741
63 85 -0.111275780233253851
64 42 -0.382190806854453613
64 43 -0.0998106580842848395
64 62 -0.552137048273093844
64 64 1.68797245622511172
64 65 -0.127352449804940315
64 71 0.523174901336478926
64 72 -0.77186539887793959
64 84 -0.166515215433624741
64 88 -0.111275780233253879
65 43 -0.0606057232074980884
65 62 0.155584018888928394
65 63 -0.127352449804940315
65 64 -0.127352449804940315
65 65 0.205920730004503838
65 84 -0.0461941260760535127
66 40 -0.0152466526423774753
66 41 -0.0432579443342962985
66 44 -0.0740696661178829041
66 45 -0.206861389330850243
66 62 -0.845976487340122985
66 63 0.523174901336479037
66 66 1.74755450429556536
66 67 -0.211540013718731934
66 68 -0.845976487340122874
66 74 -0.015246652642377484
66 85 -0.211540013718731879
66 86 0.523174901336478815
66 89 -0.206861389330850381
66 90 -0.0432579443342961667
66 91 -0.0740696661178829041
67 41 -0.0157686900181401718
67 45 -0.721055594608563277
67 63 -0.77186539887793959
67 66 -0.211540013718731934
67 67 2.74723628348363036
67 68 -0.0161643930445996287
67 69 -0.624982021105635166
67 85 -0.274584391876766976
67 86 -0.111275780233253949
68 45 -0.227518086818891935
68 46 -0.845976487340122874
68 47 -0.0161643930445996009
68 66 -0.845976487340122874
68 67 -0.0161643930445996287
68 68 3.46667358286871563
68 69 0.149089271149796448
68 70 -0.552137048273093511
68 73 -0.166632055722567896
68 74 -0.448746625973892699
68 86 -0.552137048273093511
68 87 0.155584018888928394
68 90 -0.166632055722567896
68 92 0.0667378086461114101
69 45 0.300710631388329319
69 47 -0.624982021105635166
69 67 -0.624982021105635166
69 68 0.149089271149796448
69 69 1.1793886966164473
69 70 -0.166515215433624714
69 86 -0.166515215433624714
69 87 -0.0461941260760535127
70 46 0.523174901336478926
70 47 -0.111275780233253976
70 48 -0.77186539887793959
70 68 -0.552137048273093511
70 69 -0.166515215433624714
70 70 1.68797245622511194
70 73 -0.382190806854453669
70 87 -0.127352449804940315
70 92 -0.0998106580842848812
71 40 -0.0152466526423774788
71 42 -0.0432579443342962847
71 49 -0.0740696661178829041
71 50 -0.206861389330850326
71 62 -0.845976487340122985
71 64 0.523174901336478926
71 71 1.74755450429556536
71 72 -0.211540013718731906
71 75 -0.845976487340122874
71 81 -0.015246652642377484
71 88 -0.211540013718731879
71 89 -0.206861389330850354
71 91 -0.0740696661178829319
71 93 0.523174901336478926
71 94 -0.0432579443342961598
72 42 -0.0157686900181401857
72 50 -0.721055594608563277
72 64 -0.77186539887793959
72 71 -0.211540013718731906
72 72 2.7472362834836308
72 75 -0.016164393044599587
72 76 -0.624982021105635166
72 88 -0.274584391876766976
72 93 -0.111275780233253935
73 46 -0.0432579443342962014
73 48 -0.0157686900181402412
73 51 -0.831070192438565392
73 56 0.114858542592611218
73 68 -0.166632055722567896
73 70 -0.382190806854453669
73 73 2.95212810987985019
73 74 -0.502886655824057782
73 77 -0.615458634333707733
73 92 -0.452186452609378842
73 96 -0.0575352203372934551
74 46 -0.0152466526423774788
74 56 -0.287760305419307527
74 66 -0.015246652642377484
74 68 -0.448746625973892699
74 73 -0.502886655824057782
74 74 2.11388168149886768
74 77 -0.0300821478704643881
74 78 -0.594735523327212912
74 90 -0.502886655824057893
74 91 -0.287760305419307472
74 92 0.358116555642184919
74 95 -0.0300821478704643951
74 96 0.243435435672467226
75 50 -0.227518086818892018
75 52 -0.845976487340122985
75 53 -0.016164393044599587
75 71 -0.845976487340122874
75 72 -0.016164393044599587
75 75 3.46667358286871607
75 76 0.149089271149796448
75 79 -0.552137048273093622
75 80 -0.166632055722567896
75 81 -0.448746625973892588
75 93 -0.552137048273093622
75 94 -0.166632055722567923
75 97 0.155584018888928366
75 98 0.0667378086461113962
76 50 0.300710631388329375
76 53 -0.624982021105635166
76 72 -0.624982021105635166
76 75 0.149089271149796448
76 76 1.1793886966164473
76 79 -0.166515215433624741
76 93 -0.166515215433624741
76 97 -0.0461941260760534919
77 51 -0.0610118772856902622
77 54 -0.615458634333707733
77 55 -0.0300821478704644055
77 56 0.161220645802002405
77 73 -0.615458634333707733
77 74 -0.0300821478704643881
77 77 2.44494481415940701
77 78 -0.530546354536795328
77 83 -0.360580549587834254
77 96 -0.360580549587834309
77 100 -0.00236456455491095528
78 55 -0.594735523327212912
78 56 -0.0248297818841683553
78 60 -0.0248297818841683449
78 74 -0.594735523327212912
78 77 -0.530546354536795328
78 78 3.14379167602040122
78 81 -0.594735523327213023
78 82 -0.530546354536795328
78 83 0.0851869724802736539
78 91 -0.0248297818841683518
78 95 -0.530546354536795328
78 96 0.0851869724802736816
78 99 0.0851869724802735984
78 100 0.0509823857833069591
79 52 0.523174901336478926
79 53 -0.111275780233253935
79 57 -0.771865398877939479
79 75 -0.552137048273093622
79 76 -0.166515215433624741
79 79 1.68797245622511149
79 80 -0.382190806854453669
79 97 -0.127352449804940315
79 98 -0.0998106580842848534
80 52 -0.0432579443342961945
80 57 -0.0157686900181402551
80 58 -0.831070192438565503
80 60 0.114858542592611204
80 75 -0.166632055722567896
80 79 -0.382190806854453669
80 80 2.95212810987985019
80 81 -0.502886655824057893
80 82 -0.615458634333707844
80 98 -0.452186452609378842
80 99 -0.0575352203372934412
81 52 -0.0152466526423774753
81 60 -0.287760305419307472
81 71 -0.015246652642377484
81 75 -0.448746625973892588
81 78 -0.594735523327213023
81 80 -0.502886655824057893
81 81 2.11388168149886768
81 82 -0.0300821478704643916
81 91 -0.287760305419307527
81 94 -0.502886655824057782
81 95 -0.0300821478704643985
81 98 0.358116555642184919
81 99 0.243435435672467254
82 55 -0.0300821478704643951
82 58 -0.0610118772856902691
82 59 -0.615458634333707622
82 60 0.161220645802002377
82 78 -0.530546354536795328
82 80 -0.615458634333707844
82 81 -0.0300821478704643916
82 82 2.44494481415940701
82 83 -0.360580549587834309
82 99 -0.360580549587834254
82 100 -0.00236456455491095702
83 54 -0.0575352203372934551
83 55 0.243435435672467199
83 59 -0.0575352203372934551
83 61 -0.217156177934956451
83 77 -0.360580549587834254
83 78 0.0851869724802736539
83 82 -0.360580549587834309
83 83 0.77794991677647829
83 100 -0.0531846071440071691
84 62 0.149089271149796587
84 63 -0.166515215433624741
84 64 -0.166515215433624741
84 65 -0.0461941260760535127
84 84 1.17938869661644752
84 85 -0.624982021105635055
84 88 -0.624982021105635055
84 89 0.300710631388329319
85 62 -0.0161643930445996772
85 63 -0.111275780233253851
85 66 -0.211540013718731879
85 67 -0.274584391876766976
85 84 -0.624982021105635055
85 85 2.74723628348363125
85 86 -0.77186539887793959
85 89 -0.721055594608563166
85 90 -0.0157686900181402551
86 66 0.523174901336478815
86 67 -0.111275780233253949
86 68 -0.552137048273093511
86 69 -0.166515215433624714
86 85 -0.77186539887793959
86 86 1.68797245622511194
86 87 -0.127352449804940315
86 90 -0.382190806854453724
86 92 -0.0998106580842848812
87 68 0.155584018888928394
87 69 -0.0461941260760535127
87 70 -0.127352449804940315
87 86 -0.127352449804940315
87 87 0.205920730004503783
87 92 -0.0606057232074980676
88 62 -0.0161643930445997119
88 64 -0.111275780233253879
88 71 -0.211540013718731879
88 72 -0.274584391876766976
88 84 -0.624982021105635055
88 88 2.74723628348363036
88 89 -0.721055594608563055
88 93 -0.771865398877939368
88 94 -0.0157686900181402828
89 62 -0.227518086818891907
89 66 -0.206861389330850381
89 71 -0.206861389330850354
89 84 0.300710631388329319
89 85 -0.721055594608563166
89 88 -0.721055594608563055
89 89 3.75661583452697734
89 90 -0.831070192438565503
89 91 -0.250822149054766297
89 94 -0.831070192438565503
89 95 -0.061011877285690283
90 66 -0.0432579443342961667
90 68 -0.166632055722567896
90 74 -0.502886655824057893
90 85 -0.0157686900181402551
90 86 -0.382190806854453724
90 89 -0.831070192438565503
90 90 2.95212810987985019
90 91 0.114858542592611218
90 92 -0.452186452609378842
90 95 -0.615458634333707733
90 96 -0.057535220337293462
91 66 -0.0740696661178829041
91 71 -0.0740696661178829319
91 74 -0.287760305419307472
91 78 -0.0248297818841683518
91 81 -0.287760305419307527
91 89 -0.250822149054766297
91 90 0.114858542592611218
91 91 0.608374143026090719
91 94 0.114858542592611218
91 95 0.16122064580200246
92 68 0.0667378086461114101
92 70 -0.0998106580842848812
92 73 -0.452186452609378842
92 74 0.358116555642184919
92 86 -0.0998106580842848812
92 87 -0.0606057232074980676
92 90 -0.452186452609378842
92 92 0.9569017582414856
92 96 -0.217156177934956424
93 71 0.523174901336478926
93 72 -0.111275780233253935
93 75 -0.552137048273093622
93 76 -0.166515215433624741
93 88 -0.771865398877939368
93 93 1.68797245622511194
93 94 -0.382190806854453669
93 97 -0.127352449804940315
93 98 -0.0998106580842848951
94 71 -0.0432579443342961598
94 75 -0.166632055722567923
94 81 -0.502886655824057782
94 88 -0.0157686900181402828
94 89 -0.831070192438565503
94 91 0.114858542592611218
94 93 -0.382190806854453669
94 94 2.95212810987985019
94 95 -0.615458634333707733
94 98 -0.452186452609378731
94 99 -0.0575352203372934481
95 74 -0.0300821478704643951
95 78 -0.530546354536795328
95 81 -0.0300821478704643985
95 89 -0.061011877285690283
95 90 -0.615458634333707733
95 91 0.16122064580200246
95 94 -0.615458634333707733
95 95 2.44494481415940745
95 96 -0.360580549587834309
95 99 -0.360580549587834309
95 100 -0.00236456455491095528
96 73 -0.0575352203372934551
96 74 0.243435435672467226
96 77 -0.360580549587834309
96 78 0.0851869724802736816
96 90 -0.057535220337293462
96 92 -0.217156177934956424
96 95 -0.360580549587834309
96 96 0.77794991677647829
96 100 -0.053184607144007176
97 75 0.155584018888928366
97 76 -0.0461941260760534919
97 79 -0.127352449804940315
97 93 -0.127352449804940315
97 97 0.205920730004503838
97 98 -0.0606057232074980745
98 75 0.0667378086461113962
98 79 -0.0998106580842848534
98 80 -0.452186452609378842
98 81 0.358116555642184919
98 93 -0.0998106580842848951
98 94 -0.452186452609378731
98 97 -0.0606057232074980745
98 98 0.9569017582414856
98 99 -0.217156177934956451
99 78 0.0851869724802735984
99 80 -0.0575352203372934412
99 81 0.243435435672467254
99 82 -0.360580549587834254
99 94 -0.0575352203372934481
99 95 -0.360580549587834309
99 98 -0.217156177934956451
99 99 0.777949916776478179
99 100 -0.0531846071440071483
100 77 -0.00236456455491095528
100 78 0.0509823857833069591
100 82 -0.00236456455491095702
100 83 -0.0531846071440071691
100 95 -0.00236456455491095528
100 96 -0.053184607144007176
100 99 -0.0531846071440071483
100 100 0.115665129313447385
