% 100x100 1028 nonzeros
1 1 0.000154353408402471351
1 2 3.63348911360493939e-05
1 3 6.76141423074240439e-05
1 4 0.00152931172437997267
1 5 6.76141423074240439e-05
1 6 3.63348911360493872e-05
1 7 6.76141423074240304e-05
1 8 3.63348911360493872e-05
2 1 3.63348911360493939e-05
2 2 0.00723978589625793971
2 3 0.00230344734550282744
2 4 0.00594162191763520069
2 5 0.00230344734550282744
2 9 0.000683802402827770987
2 10 0.00155559863268403629
2 11 0.0133979133720584561
2 12 0.00155559863268403629
3 1 6.76141423074240439e-05
3 2 0.00230344734550282744
3 3 0.0533855414450747218
3 4 0.0118907928960263233
3 6 0.00230344734550282787
3 10 0.00926894609311753985
3 11 0.0100840485412424033
3 18 0.00926894609311754158
3 19 0.0100840485412424033
3 22 0.0107393134295334682
3 23 0.0115272492045850744
4 1 0.00152931172437997267
4 2 0.00594162191763520069
4 3 0.0118907928960263233
4 4 0.0702711561068332935
4 5 0.0118907928960263233
4 6 0.00594162191763520069
4 7 0.0118907928960263233
4 8 0.00594162191763520069
4 11 0.00643167569458846095
4 19 0.00643167569458846095
4 23 0.000469780328421437118
4 40 0.00643167569458846095
4 44 0.000469780328421437227
4 49 0.000469780328421437227
5 1 6.76141423074240439e-05
5 2 0.00230344734550282744
5 4 0.0118907928960263233
5 5 0.0533855414450747356
5 8 0.00230344734550282787
5 11 0.0100840485412424033
5 12 0.00926894609311753985
5 40 0.0100840485412424016
5 41 0.00926894609311753985
5 44 0.0115272492045850761
5 45 0.0107393134295334664
6 1 3.63348911360493872e-05
6 3 0.00230344734550282787
6 4 0.00594162191763520069
6 6 0.00723978589625793884
6 7 0.00230344734550282744
6 18 0.00155559863268403629
6 19 0.0133979133720584561
6 20 0.000683802402827770987
6 21 0.00155559863268403629
7 1 6.76141423074240304e-05
7 4 0.0118907928960263233
7 6 0.00230344734550282744
7 7 0.0533855414450747356
7 8 0.00230344734550282744
7 19 0.0100840485412424016
7 21 0.00926894609311753985
7 40 0.0100840485412424016
7 42 0.00926894609311753985
7 49 0.0115272492045850779
7 50 0.0107393134295334682
8 1 3.63348911360493872e-05
8 4 0.00594162191763520069
8 5 0.00230344734550282787
8 7 0.00230344734550282744
8 8 0.00723978589625793884
8 40 0.0133979133720584544
8 41 0.00155559863268403629
8 42 0.00155559863268403629
8 43 0.000683802402827770987
9 2 0.000683802402827770987
9 9 0.0106319225660122026
9 10 0.0043388325864499493
9 11 0.0103194818298502078
9 12 0.0043388325864499493
9 13 0.000125948868235780439
9 14 0.000602937664855888664
9 15 0.013956498944971734
9 16 0.000602937664855888664
10 2 0.00155559863268403629
10 3 0.00926894609311753985
10 9 0.0043388325864499493
10 10 0.0777594966847413305
10 11 0.0130975539122338003
10 14 0.00876572171059185334
10 15 0.0126165251860220432
10 22 0.0159849246040205187
10 23 0.0053465257947503779
10 24 0.0109557700581392366
10 25 0.0117910975416079932
11 2 0.0133979133720584561
11 3 0.0100840485412424033
11 4 0.00643167569458846095
11 5 0.0100840485412424033
11 9 0.0103194818298502078
11 10 0.0130975539122338003
11 11 0.0475803779311052069
11 12 0.0130975539122338003
11 15 0.00479987014328200467
11 23 0.00067228464860028122
11 25 6.73269161963803041e-05
11 44 0.00067228464860028122
11 46 6.73269161963803041e-05
12 2 0.00155559863268403629
12 5 0.00926894609311753985
12 9 0.0043388325864499493
12 11 0.0130975539122338003
12 12 0.0777594966847413305
12 15 0.0126165251860220432
12 16 0.00876572171059185334
12 44 0.0053465257947503779
12 45 0.0159849246040205152
12 46 0.0117910975416079932
12 47 0.0109557700581392366
13 9 0.000125948868235780439
13 13 0.000476395204371639683
13 14 0.000221626184473416789
13 15 0.00304276901450434723
13 16 0.000221626184473416843
13 17 0.000272238674006377787
14 9 0.000602937664855888664
14 10 0.00876572171059185334
14 13 0.000221626184473416789
14 14 0.0316526067139357506
14 15 0.0197243770254595802
14 17 0.0012661425863194505
14 24 0.00658654421405236584
14 25 0.0166012323940072891
14 26 0.0119702356388976024
15 9 0.013956498944971734
15 10 0.0126165251860220432
15 11 0.00479987014328200467
15 12 0.0126165251860220432
15 13 0.00304276901450434723
15 14 0.0197243770254595802
15 15 0.119382678183201557
15 16 0.0197243770254595802
15 17 0.0229939646805694259
15 25 0.00319614680865101027
15 26 0.0183367099649339588
15 46 0.00319614680865101027
15 48 0.0183367099649339588
15 51 0.0111826563790232078
16 9 0.000602937664855888664
16 12 0.00876572171059185334
16 13 0.000221626184473416843
16 15 0.0197243770254595802
16 16 0.0316526067139357506
16 17 0.00126614258631945072
16 46 0.0166012323940072891
16 47 0.00658654421405236584
16 48 0.0119702356388976024
17 13 0.000272238674006377787
17 14 0.0012661425863194505
17 15 0.0229939646805694259
17 16 0.00126614258631945072
17 17 0.0158163076779663028
17 26 0.00547790173771444712
17 48 0.00547790173771444712
17 51 0.0116954422901850222
18 3 0.00926894609311754158
18 6 0.00155559863268403629
18 18 0.0777594966847413444
18 19 0.0130975539122338003
18 20 0.00433883258644994843
18 22 0.0159849246040205187
18 23 0.0053465257947503779
18 27 0.00876572171059185334
18 28 0.0126165251860220432
18 31 0.0109557700581392383
18 32 0.0117910975416079949
19 3 0.0100840485412424033
19 4 0.00643167569458846095
19 6 0.0133979133720584561
19 7 0.0100840485412424016
19 18 0.0130975539122338003
19 19 0.0475803779311052069
19 20 0.0103194818298502061
19 21 0.0130975539122338003
19 23 0.00067228464860028122
19 28 0.00479987014328200554
19 32 6.73269161963802905e-05
19 49 0.00067228464860028122
19 52 6.73269161963803041e-05
20 6 0.000683802402827770987
20 18 0.00433883258644994843
20 19 0.0103194818298502061
20 20 0.0106319225660122026
20 21 0.0043388325864499493
20 27 0.000602937664855888664
20 28 0.0139564989449717305
20 29 0.000125948868235780439
20 30 0.000602937664855888664
21 6 0.00155559863268403629
21 7 0.00926894609311753985
21 19 0.0130975539122338003
21 20 0.0043388325864499493
21 21 0.0777594966847413444
21 28 0.0126165251860220432
21 30 0.00876572171059185334
21 49 0.0053465257947503779
21 50 0.0159849246040205187
21 52 0.0117910975416079932
21 53 0.0109557700581392366
22 3 0.0107393134295334682
22 10 0.0159849246040205187
22 18 0.0159849246040205187
22 22 0.114778602337680918
22 23 0.00499298068778847737
22 24 0.0187397182531829493
22 25 0.00332324269953974006
22 31 0.0187397182531829493
22 32 0.00332324269953974006
22 33 0.0116954422901850222
22 34 0.0111826563790232061
23 3 0.0115272492045850744
23 4 0.000469780328421437118
23 10 0.0053465257947503779
23 11 0.00067228464860028122
23 18 0.0053465257947503779
23 19 0.00067228464860028122
23 22 0.00499298068778847737
23 23 0.00498674393058236819
23 25 5.89712996306812707e-05
23 32 5.89712996306812571e-05
24 10 0.0109557700581392366
24 14 0.00658654421405236584
24 22 0.0187397182531829493
24 24 0.0746176129300766267
24 25 0.0251330911528790182
24 26 0.00955968102845814426
24 33 0.00547790173771444452
24 34 0.0183367099649339588
24 35 0.0119702356388976007
25 10 0.0117910975416079932
25 11 6.73269161963803041e-05
25 14 0.0166012323940072891
25 15 0.00319614680865101027
25 22 0.00332324269953974006
25 23 5.89712996306812707e-05
25 24 0.0251330911528790182
25 25 0.033165335062593268
25 26 0.0251330911528790182
25 34 0.00319614680865100984
25 35 0.0166012323940072856
25 51 0.00332324269953973876
25 54 0.0117910975416079949
25 55 6.73269161963802905e-05
25 56 5.89712996306812436e-05
26 14 0.0119702356388976024
26 15 0.0183367099649339588
26 17 0.00547790173771444712
26 24 0.00955968102845814426
26 25 0.0251330911528790182
26 26 0.0746176129300766405
26 35 0.00658654421405236758
26 51 0.0187397182531829527
26 54 0.0109557700581392383
27 18 0.00876572171059185334
27 20 0.000602937664855888664
27 27 0.0316526067139357506
27 28 0.0197243770254595836
27 29 0.000221626184473416843
27 31 0.00658654421405236584
27 32 0.0166012323940072891
27 36 0.00126614258631945072
27 37 0.0119702356388976042
28 18 0.0126165251860220432
28 19 0.00479987014328200554
28 20 0.0139564989449717305
28 21 0.0126165251860220432
28 27 0.0197243770254595836
28 28 0.119382678183201571
28 29 0.00304276901450434723
28 30 0.0197243770254595802
28 32 0.00319614680865101027
28 36 0.0229939646805694259
28 37 0.0183367099649339588
28 52 0.00319614680865101027
28 57 0.0183367099649339588
28 58 0.0111826563790232061
29 20 0.000125948868235780439
29 27 0.000221626184473416843
29 28 0.00304276901450434723
29 29 0.000476395204371639737
29 30 0.000221626184473416789
29 36 0.000272238674006377787
30 20 0.000602937664855888664
30 21 0.00876572171059185334
30 28 0.0197243770254595802
30 29 0.000221626184473416789
30 30 0.0316526067139357506
30 36 0.0012661425863194505
30 52 0.0166012323940072856
30 53 0.00658654421405236584
30 57 0.0119702356388976042
31 18 0.0109557700581392383
31 22 0.0187397182531829493
31 27 0.00658654421405236584
31 31 0.0746176129300766128
31 32 0.0251330911528790148
31 33 0.00547790173771444452
31 34 0.0183367099649339588
31 37 0.00955968102845814599
31 38 0.0119702356388976007
32 18 0.0117910975416079949
32 19 6.73269161963802905e-05
32 22 0.00332324269953974006
32 23 5.89712996306812571e-05
32 27 0.0166012323940072891
32 28 0.00319614680865101027
32 31 0.0251330911528790148
32 32 0.0331653350625932611
32 34 0.00319614680865100984
32 37 0.0251330911528790182
32 38 0.0166012323940072856
32 55 6.73269161963803041e-05
32 58 0.00332324269953973832
32 59 0.0117910975416079932
32 60 5.89712996306812436e-05
33 22 0.0116954422901850222
33 24 0.00547790173771444452
33 31 0.00547790173771444452
33 33 0.0158163076779663028
33 34 0.0229939646805694259
33 35 0.0012661425863194505
33 38 0.0012661425863194505
33 39 0.000272238674006377787
34 22 0.0111826563790232061
34 24 0.0183367099649339588
34 25 0.00319614680865100984
34 31 0.0183367099649339588
34 32 0.00319614680865100984
34 33 0.0229939646805694259
34 34 0.119382678183201571
34 35 0.0197243770254595802
34 38 0.0197243770254595802
34 39 0.00304276901450434723
34 54 0.0126165251860220415
34 55 0.00479987014328200554
34 59 0.012616525186022045
34 61 0.013956498944971734
35 24 0.0119702356388976007
35 25 0.0166012323940072856
35 26 0.00658654421405236758
35 33 0.0012661425863194505
35 34 0.0197243770254595802
35 35 0.0316526067139357506
35 39 0.000221626184473416843
35 54 0.00876572171059185161
35 61 0.000602937664855888664
36 27 0.00126614258631945072
36 28 0.0229939646805694259
36 29 0.000272238674006377787
36 30 0.0012661425863194505
36 36 0.0158163076779663028
36 37 0.00547790173771444625
36 57 0.00547790173771444712
36 58 0.0116954422901850222
37 27 0.0119702356388976042
37 28 0.0183367099649339588
37 31 0.00955968102845814599
37 32 0.0251330911528790182
37 36 0.00547790173771444625
37 37 0.0746176129300766405
37 38 0.00658654421405236758
37 58 0.0187397182531829562
37 59 0.0109557700581392383
38 31 0.0119702356388976007
38 32 0.0166012323940072856
38 33 0.0012661425863194505
38 34 0.0197243770254595802
38 37 0.00658654421405236758
38 38 0.0316526067139357506
38 39 0.000221626184473416843
38 59 0.00876572171059185334
38 61 0.000602937664855888664
39 33 0.000272238674006377787
39 34 0.00304276901450434723
39 35 0.000221626184473416843
39 38 0.000221626184473416843
39 39 0.000476395204371639737
39 61 0.000125948868235780439
40 4 0.00643167569458846095
40 5 0.0100840485412424016
40 7 0.0100840485412424016
40 8 0.0133979133720584544
40 40 0.0475803779311052139
40 41 0.0130975539122338003
40 42 0.0130975539122338003
40 43 0.0103194818298502061
40 44 0.00067228464860028122
40 49 0.00067228464860028122
40 62 0.00479987014328200554
40 66 6.73269161963802905e-05
40 71 6.73269161963803041e-05
41 5 0.00926894609311753985
41 8 0.00155559863268403629
41 40 0.0130975539122338003
41 41 0.0777594966847413582
41 43 0.0043388325864499493
41 44 0.0053465257947503779
41 45 0.0159849246040205187
41 62 0.0126165251860220432
41 63 0.00876572171059185334
41 66 0.0117910975416079949
41 67 0.0109557700581392366
42 7 0.00926894609311753985
42 8 0.00155559863268403629
42 40 0.0130975539122338003
42 42 0.0777594966847413444
42 43 0.0043388325864499493
42 49 0.0053465257947503779
42 50 0.0159849246040205187
42 62 0.0126165251860220432
42 64 0.00876572171059185334
42 71 0.0117910975416079932
42 72 0.0109557700581392366
43 8 0.000683802402827770987
43 40 0.0103194818298502061
43 41 0.0043388325864499493
43 42 0.0043388325864499493
43 43 0.0106319225660121992
43 62 0.0139564989449717358
43 63 0.000602937664855888664
43 64 0.000602937664855888664
43 65 0.000125948868235780439
44 4 0.000469780328421437227
44 5 0.0115272492045850761
44 11 0.00067228464860028122
44 12 0.0053465257947503779
44 40 0.00067228464860028122
44 41 0.0053465257947503779
44 44 0.00498674393058236819
44 45 0.00499298068778847651
44 46 5.89712996306812707e-05
44 66 5.89712996306812571e-05
45 5 0.0107393134295334664
45 12 0.0159849246040205152
45 41 0.0159849246040205187
45 44 0.00499298068778847651
45 45 0.114778602337680904
45 46 0.00332324269953973963
45 47 0.0187397182531829493
45 66 0.00332324269953974006
45 67 0.0187397182531829493
45 68 0.0111826563790232078
45 69 0.0116954422901850222
46 11 6.73269161963803041e-05
46 12 0.0117910975416079932
46 15 0.00319614680865101027
46 16 0.0166012323940072891
46 44 5.89712996306812707e-05
46 45 0.00332324269953973963
46 46 0.033165335062593268
46 47 0.0251330911528790182
46 48 0.0251330911528790182
46 51 0.00332324269953973876
46 56 5.89712996306812436e-05
46 68 0.00319614680865100984
46 70 0.0166012323940072891
46 73 0.0117910975416079949
46 74 6.73269161963803041e-05
47 12 0.0109557700581392366
47 16 0.00658654421405236584
47 45 0.0187397182531829493
47 46 0.0251330911528790182
47 47 0.0746176129300766267
47 48 0.00955968102845814426
47 68 0.0183367099649339588
47 69 0.00547790173771444452
47 70 0.0119702356388976024
48 15 0.0183367099649339588
48 16 0.0119702356388976024
48 17 0.00547790173771444712
48 46 0.0251330911528790182
48 47 0.00955968102845814426
48 48 0.0746176129300766267
48 51 0.0187397182531829527
48 70 0.00658654421405236758
48 73 0.0109557700581392383
49 4 0.000469780328421437227
49 7 0.0115272492045850779
49 19 0.00067228464860028122
49 21 0.0053465257947503779
49 40 0.00067228464860028122
49 42 0.0053465257947503779
49 49 0.00498674393058236819
49 50 0.00499298068778847737
49 52 5.89712996306812571e-05
49 71 5.89712996306812571e-05
50 7 0.0107393134295334682
50 21 0.0159849246040205187
50 42 0.0159849246040205187
50 49 0.00499298068778847737
50 50 0.114778602337680918
50 52 0.00332324269953974006
50 53 0.0187397182531829493
50 71 0.00332324269953974006
50 72 0.0187397182531829493
50 75 0.0111826563790232078
50 76 0.0116954422901850239
51 15 0.0111826563790232078
51 17 0.0116954422901850222
51 25 0.00332324269953973876
51 26 0.0187397182531829527
51 46 0.00332324269953973876
51 48 0.0187397182531829527
51 51 0.114778602337680918
51 54 0.0159849246040205187
51 56 0.00499298068778847651
51 73 0.0159849246040205187
51 77 0.0107393134295334647
52 19 6.73269161963803041e-05
52 21 0.0117910975416079932
52 28 0.00319614680865101027
52 30 0.0166012323940072856
52 49 5.89712996306812571e-05
52 50 0.00332324269953974006
52 52 0.0331653350625932611
52 53 0.0251330911528790148
52 57 0.0251330911528790182
52 58 0.00332324269953973876
52 60 5.89712996306812368e-05
52 75 0.00319614680865100984
52 79 0.0166012323940072856
52 80 0.0117910975416079949
52 81 6.73269161963802905e-05
53 21 0.0109557700581392366
53 30 0.00658654421405236584
53 50 0.0187397182531829493
53 52 0.0251330911528790148
53 53 0.0746176129300766267
53 57 0.00955968102845814252
53 75 0.0183367099649339588
53 76 0.00547790173771444365
53 79 0.0119702356388976024
54 25 0.0117910975416079949
54 26 0.0109557700581392383
54 34 0.0126165251860220415
54 35 0.00876572171059185161
54 51 0.0159849246040205187
54 54 0.0777594966847413305
54 55 0.0130975539122337985
54 56 0.00534652579475037616
54 61 0.00433883258644994843
54 77 0.00926894609311753985
54 83 0.00155559863268403564
55 25 6.73269161963802905e-05
55 32 6.73269161963803041e-05
55 34 0.00479987014328200554
55 54 0.0130975539122337985
55 55 0.0475803779311052277
55 56 0.000672284648600281003
55 59 0.0130975539122337985
55 60 0.000672284648600281003
55 61 0.0103194818298502113
55 77 0.0100840485412423998
55 78 0.00643167569458845921
55 82 0.0100840485412423981
55 83 0.0133979133720584578
56 25 5.89712996306812436e-05
56 46 5.89712996306812436e-05
56 51 0.00499298068778847651
56 54 0.00534652579475037616
56 55 0.000672284648600281003
56 56 0.00498674393058236732
56 73 0.00534652579475037616
56 74 0.000672284648600281003
56 77 0.0115272492045850727
56 78 0.000469780328421437335
57 28 0.0183367099649339588
57 30 0.0119702356388976042
57 36 0.00547790173771444712
57 52 0.0251330911528790182
57 53 0.00955968102845814252
57 57 0.0746176129300766267
57 58 0.0187397182531829527
57 79 0.00658654421405236584
57 80 0.0109557700581392383
58 28 0.0111826563790232061
58 32 0.00332324269953973832
58 36 0.0116954422901850222
58 37 0.0187397182531829562
58 52 0.00332324269953973876
58 57 0.0187397182531829527
58 58 0.114778602337680918
58 59 0.0159849246040205187
58 60 0.00499298068778847651
58 80 0.0159849246040205187
58 82 0.0107393134295334647
59 32 0.0117910975416079932
59 34 0.012616525186022045
59 37 0.0109557700581392383
59 38 0.00876572171059185334
59 55 0.0130975539122337985
59 58 0.0159849246040205187
59 59 0.0777594966847413305
59 60 0.00534652579475037616
59 61 0.00433883258644994843
59 82 0.00926894609311753985
59 83 0.00155559863268403564
60 32 5.89712996306812436e-05
60 52 5.89712996306812368e-05
60 55 0.000672284648600281003
60 58 0.00499298068778847651
60 59 0.00534652579475037616
60 60 0.00498674393058236819
60 78 0.000469780328421437444
60 80 0.00534652579475037616
60 81 0.000672284648600281003
60 82 0.0115272492045850761
61 34 0.013956498944971734
61 35 0.000602937664855888664
61 38 0.000602937664855888664
61 39 0.000125948868235780439
61 54 0.00433883258644994843
61 55 0.0103194818298502113
61 59 0.00433883258644994843
61 61 0.0106319225660122026
61 83 0.000683802402827771529
62 40 0.00479987014328200554
62 41 0.0126165251860220432
62 42 0.0126165251860220432
62 43 0.0139564989449717358
62 62 0.119382678183201557
62 63 0.0197243770254595836
62 64 0.0197243770254595836
62 65 0.00304276901450434723
62 66 0.00319614680865101027
62 71 0.00319614680865101027
62 84 0.0229939646805694259
62 85 0.0183367099649339588
62 88 0.0183367099649339588
62 89 0.0111826563790232061
63 41 0.00876572171059185334
63 43 0.000602937664855888664
63 62 0.0197243770254595836
63 63 0.0316526067139357506
63 65 0.000221626184473416843
63 66 0.0166012323940072891
63 67 0.00658654421405236584
63 84 0.00126614258631945072
63 85 0.0119702356388976024
64 42 0.00876572171059185334
64 43 0.000602937664855888664
64 62 0.0197243770254595836
64 64 0.0316526067139357506
64 65 0.000221626184473416789
64 71 0.0166012323940072856
64 72 0.00658654421405236584
64 84 0.0012661425863194505
64 88 0.0119702356388976007
65 43 0.000125948868235780439
65 62 0.00304276901450434723
65 63 0.000221626184473416843
65 64 0.000221626184473416789
65 65 0.000476395204371639737
65 84 0.000272238674006377787
66 40 6.73269161963802905e-05
66 41 0.0117910975416079949
66 44 5.89712996306812571e-05
66 45 0.00332324269953974006
66 62 0.00319614680865101027
66 63 0.0166012323940072891
66 66 0.033165335062593268
66 67 0.0251330911528790182
66 68 0.0031961468086510094
66 74 6.73269161963803041e-05
66 85 0.0251330911528790217
66 86 0.0166012323940072856
66 89 0.00332324269953973963
66 90 0.0117910975416079932
66 91 5.89712996306812436e-05
67 41 0.0109557700581392366
67 45 0.0187397182531829493
67 63 0.00658654421405236584
67 66 0.0251330911528790182
67 67 0.0746176129300766128
67 68 0.0183367099649339588
67 69 0.00547790173771444538
67 85 0.00955968102845814599
67 86 0.0119702356388976007
68 45 0.0111826563790232078
68 46 0.00319614680865100984
68 47 0.0183367099649339588
68 66 0.0031961468086510094
68 67 0.0183367099649339588
68 68 0.119382678183201599
68 69 0.0229939646805694259
68 70 0.0197243770254595802
68 73 0.012616525186022045
68 74 0.0047998701432820064
68 86 0.0197243770254595802
68 87 0.00304276901450434723
68 90 0.012616525186022045
68 92 0.013956498944971734
69 45 0.0116954422901850222
69 47 0.00547790173771444452
69 67 0.00547790173771444538
69 68 0.0229939646805694259
69 69 0.0158163076779662994
69 70 0.0012661425863194505
69 86 0.0012661425863194505
69 87 0.000272238674006377787
70 46 0.0166012323940072891
70 47 0.0119702356388976024
70 48 0.00658654421405236758
70 68 0.0197243770254595802
70 69 0.0012661425863194505
70 70 0.0316526067139357506
70 73 0.00876572171059185161
70 87 0.000221626184473416843
70 92 0.000602937664855888664
71 40 6.73269161963803041e-05
71 42 0.0117910975416079932
71 49 5.89712996306812571e-05
71 50 0.00332324269953974006
71 62 0.00319614680865101027
71 64 0.0166012323940072856
71 71 0.0331653350625932611
71 72 0.0251330911528790113
71 75 0.00319614680865100984
71 81 6.73269161963803041e-05
71 88 0.0251330911528790182
71 89 0.00332324269953973876
71 91 5.89712996306812368e-05
71 93 0.0166012323940072891
71 94 0.0117910975416079949
72 42 0.0109557700581392366
72 50 0.0187397182531829493
72 64 0.00658654421405236584
72 71 0.0251330911528790113
72 72 0.0746176129300766128
72 75 0.0183367099649339588
72 76 0.00547790173771444365
72 88 0.00955968102845814252
72 93 0.0119702356388976024
73 46 0.0117910975416079949
73 48 0.0109557700581392383
73 51 0.0159849246040205187
73 56 0.00534652579475037616
73 68 0.012616525186022045
73 70 0.00876572171059185161
73 73 0.0777594966847413444
73 74 0.0130975539122338003
73 77 0.00926894609311753985
73 92 0.00433883258644994843
73 96 0.00155559863268403564
74 46 6.73269161963803041e-05
74 56 0.000672284648600281003
74 66 6.73269161963803041e-05
74 68 0.0047998701432820064
74 73 0.0130975539122338003
74 74 0.0475803779311052139
74 77 0.0100840485412423998
74 78 0.00643167569458845921
74 90 0.0130975539122337985
74 91 0.000672284648600281003
74 92 0.0103194818298502113
74 95 0.0100840485412423981
74 96 0.0133979133720584578
75 50 0.0111826563790232078
75 52 0.00319614680865100984
75 53 0.0183367099649339588
75 71 0.00319614680865100984
75 72 0.0183367099649339588
75 75 0.119382678183201557
75 76 0.0229939646805694189
75 79 0.0197243770254595802
75 80 0.0126165251860220415
75 81 0.00479987014328200554
75 93 0.0197243770254595802
75 94 0.0126165251860220432
75 97 0.00304276901450434636
75 98 0.013956498944971734
76 50 0.0116954422901850239
76 53 0.00547790173771444365
76 72 0.00547790173771444365
76 75 0.0229939646805694189
76 76 0.0158163076779663028
76 79 0.00126614258631945007
76 93 0.00126614258631945007
76 97 0.000272238674006377733
77 51 0.0107393134295334647
77 54 0.00926894609311753985
77 55 0.0100840485412423998
77 56 0.0115272492045850727
77 73 0.00926894609311753985
77 74 0.0100840485412423998
77 77 0.0533855414450747218
77 78 0.011890792896026325
77 83 0.00230344734550282744
77 96 0.00230344734550282744
77 100 6.76141423074240439e-05
78 55 0.00643167569458845921
78 56 0.000469780328421437335
78 60 0.000469780328421437444
78 74 0.00643167569458845921
78 77 0.011890792896026325
78 78 0.0702711561068332657
78 81 0.00643167569458845921
78 82 0.011890792896026325
78 83 0.0059416219176352033
78 91 0.000469780328421437444
78 95 0.011890792896026325
78 96 0.0059416219176352033
78 99 0.00594162191763520156
78 100 0.0015293117243799731
79 52 0.0166012323940072856
79 53 0.0119702356388976024
79 57 0.00658654421405236584
79 75 0.0197243770254595802
79 76 0.00126614258631945007
79 79 0.0316526067139357506
79 80 0.00876572171059185334
79 97 0.000221626184473416789
79 98 0.000602937664855888664
80 52 0.0117910975416079949
80 57 0.0109557700581392383
80 58 0.0159849246040205187
80 60 0.00534652579475037616
80 75 0.0126165251860220415
80 79 0.00876572171059185334
80 80 0.0777594966847413305
80 81 0.0130975539122337968
80 82 0.00926894609311753985
80 98 0.00433883258644994843
80 99 0.00155559863268403585
81 52 6.73269161963802905e-05
81 60 0.000672284648600281003
81 71 6.73269161963803041e-05
81 75 0.00479987014328200554
81 78 0.00643167569458845921
81 80 0.0130975539122337968
81 81 0.0475803779311052139
81 82 0.0100840485412423998
81 91 0.000672284648600281003
81 94 0.0130975539122338003
81 95 0.0100840485412423998
81 98 0.0103194818298502095
81 99 0.0133979133720584578
82 55 0.0100840485412423981
82 58 0.0107393134295334647
82 59 0.00926894609311753985
82 60 0.0115272492045850761
82 78 0.011890792896026325
82 80 0.00926894609311753985
82 81 0.0100840485412423998
82 82 0.0533855414450747218
82 83 0.00230344734550282744
82 99 0.002303447345502827
82 100 6.76141423074240304e-05
83 54 0.00155559863268403564
83 55 0.0133979133720584578
83 59 0.00155559863268403564
83 61 0.000683802402827771529
83 77 0.00230344734550282744
83 78 0.0059416219176352033
83 82 0.00230344734550282744
83 83 0.00723978589625793971
83 100 3.63348911360494007e-05
84 62 0.0229939646805694259
84 63 0.00126614258631945072
84 64 0.0012661425863194505
84 65 0.000272238674006377787
84 84 0.0158163076779663028
84 85 0.00547790173771444625
84 88 0.00547790173771444712
84 89 0.0116954422901850222
85 62 0.0183367099649339588
85 63 0.0119702356388976024
85 66 0.0251330911528790217
85 67 0.00955968102845814599
85 84 0.00547790173771444625
85 85 0.0746176129300766405
85 86 0.00658654421405236758
85 89 0.0187397182531829527
85 90 0.01095577005813924
86 66 0.0166012323940072856
86 67 0.0119702356388976007
86 68 0.0197243770254595802
86 69 0.0012661425863194505
86 85 0.00658654421405236758
86 86 0.0316526067139357506
86 87 0.000221626184473416843
86 90 0.00876572171059185334
86 92 0.000602937664855888664
87 68 0.00304276901450434723
87 69 0.000272238674006377787
87 70 0.000221626184473416843
87 86 0.000221626184473416843
87 87 0.000476395204371639737
87 92 0.000125948868235780439
88 62 0.0183367099649339588
88 64 0.0119702356388976007
88 71 0.0251330911528790182
88 72 0.00955968102845814252
88 84 0.00547790173771444712
88 88 0.0746176129300766267
88 89 0.0187397182531829527
88 93 0.00658654421405236584
88 94 0.0109557700581392383
89 62 0.0111826563790232061
89 66 0.00332324269953973963
89 71 0.00332324269953973876
89 84 0.0116954422901850222
89 85 0.0187397182531829527
89 88 0.0187397182531829527
89 89 0.114778602337680918
89 90 0.0159849246040205187
89 91 0.00499298068778847651
89 94 0.0159849246040205187
89 95 0.0107393134295334647
90 66 0.0117910975416079932
90 68 0.012616525186022045
90 74 0.0130975539122337985
90 85 0.01095577005813924
90 86 0.00876572171059185334
90 89 0.0159849246040205187
90 90 0.0777594966847413305
90 91 0.00534652579475037616
90 92 0.00433883258644994843
90 95 0.00926894609311753985
90 96 0.00155559863268403564
91 66 5.89712996306812436e-05
91 71 5.89712996306812368e-05
91 74 0.000672284648600281003
91 78 0.000469780328421437444
91 81 0.000672284648600281003
91 89 0.00499298068778847651
91 90 0.00534652579475037616
91 91 0.00498674393058236732
91 94 0.00534652579475037616
91 95 0.0115272492045850744
92 68 0.013956498944971734
92 70 0.000602937664855888664
92 73 0.00433883258644994843
92 74 0.0103194818298502113
92 86 0.000602937664855888664
92 87 0.000125948868235780439
92 90 0.00433883258644994843
92 92 0.0106319225660122009
92 96 0.000683802402827771529
93 71 0.0166012323940072891
93 72 0.0119702356388976024
93 75 0.0197243770254595802
93 76 0.00126614258631945007
93 88 0.00658654421405236584
93 93 0.0316526067139357437
93 94 0.00876572171059185334
93 97 0.000221626184473416789
93 98 0.000602937664855888664
94 71 0.0117910975416079949
94 75 0.0126165251860220432
94 81 0.0130975539122338003
94 88 0.0109557700581392383
94 89 0.0159849246040205187
94 91 0.00534652579475037616
94 93 0.00876572171059185334
94 94 0.0777594966847413305
94 95 0.00926894609311753985
94 98 0.00433883258644994843
94 99 0.00155559863268403585
95 74 0.0100840485412423981
95 78 0.011890792896026325
95 81 0.0100840485412423998
95 89 0.0107393134295334647
95 90 0.00926894609311753985
95 91 0.0115272492045850744
95 94 0.00926894609311753985
95 95 0.0533855414450747218
95 96 0.00230344734550282744
95 99 0.002303447345502827
95 100 6.76141423074240304e-05
96 73 0.00155559863268403564
96 74 0.0133979133720584578
96 77 0.00230344734550282744
96 78 0.0059416219176352033
96 90 0.00155559863268403564
96 92 0.000683802402827771529
96 95 0.00230344734550282744
96 96 0.00723978589625793971
96 100 3.63348911360494007e-05
97 75 0.00304276901450434636
97 76 0.000272238674006377733
97 79 0.000221626184473416789
97 93 0.000221626184473416789
97 97 0.000476395204371639629
97 98 0.000125948868235780439
98 75 0.013956498944971734
98 79 0.000602937664855888664
98 80 0.00433883258644994843
98 81 0.0103194818298502095
98 93 0.000602937664855888664
98 94 0.00433883258644994843
98 97 0.000125948868235780439
98 98 0.0106319225660121992
98 99 0.000683802402827771529
99 78 0.00594162191763520156
99 80 0.00155559863268403585
99 81 0.0133979133720584578
99 82 0.002303447345502827
99 94 0.00155559863268403585
99 95 0.002303447345502827
99 98 0.000683802402827771529
99 99 0.00723978589625794058
99 100 3.63348911360493872e-05
100 77 6.76141423074240439e-05
100 78 0.0015293117243799731
100 82 6.76141423074240304e-05
100 83 3.63348911360494007e-05
100 95 6.76141423074240304e-05
100 96 3.63348911360494007e-05
100 99 3.63348911360493872e-05
100 100 0.000154353408402471324
