% 27x27 223 nonzeros
1 1 1.39464015145638331
1 2 -0.520812140192963624
1 3 -0.0473342776762603751
1 4 0.309799102151288586
1 5 -0.0473342776762603751
1 6 -0.520812140192963735
1 7 -0.047334277676260389
1 8 -0.520812140192963624
2 1 -0.520812140192963624
2 2 2.11238595476905022
2 3 -0.761480888117776367
2 4 0.199049003314128004
2 5 -0.761480888117776367
2 9 -0.0391503193392095453
2 10 -0.151821515754203606
2 11 0.0751323091929543413
2 12 -0.151821515754203634
3 1 -0.0473342776762603751
3 2 -0.761480888117776367
3 3 3.36883929087740785
3 4 -0.608985135913018727
3 6 -0.761480888117776256
3 10 -0.168012257790776054
3 11 -0.52845065872883179
3 13 -0.168012257790776026
3 14 -0.52845065872883179
3 17 0.12823542279368455
3 18 0.0751323091929542858
4 1 0.309799102151288586
4 2 0.199049003314128004
4 3 -0.608985135913018727
4 4 1.84001859129076584
4 5 -0.608985135913018727
4 6 0.199049003314128004
4 7 -0.608985135913018616
4 8 0.199049003314127976
4 11 -0.608985135913018727
4 14 -0.608985135913018505
4 18 0.199049003314128059
4 19 -0.608985135913018505
4 23 0.199049003314128059
4 25 0.199049003314128115
4 27 0.309799102151288586
5 1 -0.0473342776762603751
5 2 -0.761480888117776367
5 4 -0.608985135913018727
5 5 3.3688392908774083
5 8 -0.761480888117776256
5 11 -0.52845065872883179
5 12 -0.168012257790776054
5 19 -0.52845065872883179
5 20 -0.168012257790776026
5 23 0.0751323091929542997
5 24 0.12823542279368455
6 1 -0.520812140192963735
6 3 -0.761480888117776256
6 4 0.199049003314128004
6 6 2.11238595476905022
6 7 -0.761480888117776367
6 13 -0.151821515754203579
6 14 0.0751323091929542997
6 15 -0.03915031933920958
6 16 -0.151821515754203523
7 1 -0.047334277676260389
7 4 -0.608985135913018616
7 6 -0.761480888117776367
7 7 3.36883929087740874
7 8 -0.761480888117776367
7 14 -0.52845065872883179
7 16 -0.168012257790775998
7 19 -0.52845065872883179
7 21 -0.168012257790776054
7 25 0.0751323091929542858
7 26 0.12823542279368455
8 1 -0.520812140192963624
8 4 0.199049003314127976
8 5 -0.761480888117776256
8 7 -0.761480888117776367
8 8 2.11238595476905067
8 19 0.0751323091929542997
8 20 -0.151821515754203579
8 21 -0.151821515754203551
8 22 -0.0391503193392095869
9 2 -0.0391503193392095453
9 9 0.220041359448141516
9 10 -0.154563231451308264
9 11 0.128235422793684523
9 12 -0.154563231451308264
10 2 -0.151821515754203606
10 3 -0.168012257790776054
10 9 -0.154563231451308264
10 10 0.948794009992575793
10 11 -0.168012257790776026
10 17 -0.154563231451308236
10 18 -0.151821515754203634
11 2 0.0751323091929543413
11 3 -0.52845065872883179
11 4 -0.608985135913018727
11 5 -0.52845065872883179
11 9 0.128235422793684523
11 10 -0.168012257790776026
11 11 3.3688392908774083
11 12 -0.168012257790776054
11 18 -0.761480888117776367
11 23 -0.761480888117776367
11 27 -0.047334277676260389
12 2 -0.151821515754203634
12 5 -0.168012257790776054
12 9 -0.154563231451308264
12 11 -0.168012257790776054
12 12 0.948794009992575793
12 23 -0.151821515754203606
12 24 -0.154563231451308236
13 3 -0.168012257790776026
13 6 -0.151821515754203579
13 13 0.948794009992575682
13 14 -0.168012257790776054
13 15 -0.154563231451308264
13 17 -0.154563231451308236
13 18 -0.151821515754203579
14 3 -0.52845065872883179
14 4 -0.608985135913018505
14 6 0.0751323091929542997
14 7 -0.52845065872883179
14 13 -0.168012257790776054
14 14 3.36883929087740874
14 15 0.12823542279368455
14 16 -0.168012257790775998
14 18 -0.761480888117776478
14 25 -0.761480888117776478
14 27 -0.0473342776762603612
15 6 -0.03915031933920958
15 13 -0.154563231451308264
15 14 0.12823542279368455
15 15 0.220041359448141571
15 16 -0.154563231451308292
16 6 -0.151821515754203523
16 7 -0.168012257790775998
16 14 -0.168012257790775998
16 15 -0.154563231451308292
16 16 0.948794009992575571
16 25 -0.151821515754203551
16 26 -0.154563231451308292
17 3 0.12823542279368455
17 10 -0.154563231451308236
17 13 -0.154563231451308236
17 17 0.220041359448141516
17 18 -0.0391503193392095522
18 3 0.0751323091929542858
18 4 0.199049003314128059
18 10 -0.151821515754203634
18 11 -0.761480888117776367
18 13 -0.151821515754203579
18 14 -0.761480888117776478
18 17 -0.0391503193392095522
18 18 2.11238595476905067
18 27 -0.520812140192963735
19 4 -0.608985135913018505
19 5 -0.52845065872883179
19 7 -0.52845065872883179
19 8 0.0751323091929542997
19 19 3.36883929087740874
19 20 -0.168012257790776109
19 21 -0.168012257790776026
19 22 0.12823542279368455
19 23 -0.761480888117776367
19 25 -0.761480888117776367
19 27 -0.0473342776762603543
20 5 -0.168012257790776026
20 8 -0.151821515754203579
20 19 -0.168012257790776109
20 20 0.948794009992575904
20 22 -0.154563231451308347
20 23 -0.151821515754203579
20 24 -0.154563231451308292
21 7 -0.168012257790776054
21 8 -0.151821515754203551
21 19 -0.168012257790776026
21 21 0.948794009992575571
21 22 -0.154563231451308264
21 25 -0.151821515754203606
21 26 -0.154563231451308236
22 8 -0.0391503193392095869
22 19 0.12823542279368455
22 20 -0.154563231451308347
22 21 -0.154563231451308264
22 22 0.220041359448141627
23 4 0.199049003314128059
23 5 0.0751323091929542997
23 11 -0.761480888117776367
23 12 -0.151821515754203606
23 19 -0.761480888117776367
23 20 -0.151821515754203579
23 23 2.11238595476905111
23 24 -0.0391503193392095383
23 27 -0.520812140192963735
24 5 0.12823542279368455
24 12 -0.154563231451308236
24 20 -0.154563231451308292
24 23 -0.0391503193392095383
24 24 0.220041359448141516
25 4 0.199049003314128115
25 7 0.0751323091929542858
25 14 -0.761480888117776478
25 16 -0.151821515754203551
25 19 -0.761480888117776367
25 21 -0.151821515754203606
25 25 2.11238595476905111
25 26 -0.0391503193392095591
25 27 -0.520812140192963735
26 7 0.12823542279368455
26 16 -0.154563231451308292
26 21 -0.154563231451308236
26 25 -0.0391503193392095591
26 26 0.220041359448141516
27 4 0.309799102151288586
27 11 -0.047334277676260389
27 14 -0.0473342776762603612
27 18 -0.520812140192963735
27 19 -0.0473342776762603543
27 23 -0.520812140192963735
27 25 -0.520812140192963735
27 27 1.39464015145638354
