% 27x27 223 nonzeros
1 1 0.0911168832129383155
1 2 0.0185960562115708439
1 3 0.0282429874882972956
1 4 0.0723030557524450834
1 5 0.0282429874882972921
1 6 0.0185960562115708439
1 7 0.0282429874882972991
1 8 0.0185960562115708439
2 1 0.0185960562115708439
2 2 0.194640803043934607
2 3 0.055287380528576402
2 4 0.0375201932547600675
2 5 0.055287380528576402
2 9 0.00508640209935876803
2 10 0.0203812691311176034
2 11 0.103923219007726775
2 12 0.0203812691311176034
3 1 0.0282429874882972956
3 2 0.055287380528576402
3 3 0.474823493933872798
3 4 0.0305146852411729563
3 6 0.0552873805285763881
3 10 0.0609972898364735672
3 11 0.0546596115154124595
3 13 0.0609972898364735672
3 14 0.0546596115154124595
3 17 0.0091879291856083508
3 18 0.103923219007726775
4 1 0.0723030557524450834
4 2 0.0375201932547600675
4 3 0.0305146852411729563
4 4 0.15645532072134205
4 5 0.0305146852411729563
4 6 0.0375201932547600744
4 7 0.0305146852411729563
4 8 0.0375201932547600744
4 11 0.0305146852411729598
4 14 0.0305146852411729563
4 18 0.0375201932547600675
4 19 0.0305146852411729563
4 23 0.0375201932547600675
4 25 0.0375201932547600675
4 27 0.0723030557524450973
5 1 0.0282429874882972921
5 2 0.055287380528576402
5 4 0.0305146852411729563
5 5 0.474823493933872798
5 8 0.0552873805285763881
5 11 0.0546596115154124595
5 12 0.0609972898364735672
5 19 0.0546596115154124526
5 20 0.0609972898364735602
5 23 0.103923219007726775
5 24 0.00918792918560835253
6 1 0.0185960562115708439
6 3 0.0552873805285763881
6 4 0.0375201932547600744
6 6 0.194640803043934607
6 7 0.055287380528576402
6 13 0.0203812691311175999
6 14 0.103923219007726775
6 15 0.00508640209935876716
6 16 0.0203812691311175999
7 1 0.0282429874882972991
7 4 0.0305146852411729563
7 6 0.055287380528576402
7 7 0.474823493933872687
7 8 0.055287380528576402
7 14 0.0546596115154124595
7 16 0.0609972898364735672
7 19 0.0546596115154124595
7 21 0.0609972898364735672
7 25 0.103923219007726775
7 26 0.0091879291856083508
8 1 0.0185960562115708439
8 4 0.0375201932547600744
8 5 0.0552873805285763881
8 7 0.055287380528576402
8 8 0.194640803043934579
8 19 0.103923219007726775
8 20 0.0203812691311176034
8 21 0.0203812691311176034
8 22 0.00508640209935876716
9 2 0.00508640209935876803
9 9 0.00164077256992385938
9 10 0.00063915938735260901
9 11 0.00918792918560834906
9 12 0.00063915938735260901
10 2 0.0203812691311176034
10 3 0.0609972898364735672
10 9 0.00063915938735260901
10 10 0.0526378505739406866
10 11 0.0609972898364735741
10 17 0.000639159387352609227
10 18 0.0203812691311176034
11 2 0.103923219007726775
11 3 0.0546596115154124595
11 4 0.0305146852411729598
11 5 0.0546596115154124595
11 9 0.00918792918560834906
11 10 0.0609972898364735741
11 11 0.474823493933872798
11 12 0.0609972898364735672
11 18 0.055287380528576402
11 23 0.055287380528576402
11 27 0.0282429874882972921
12 2 0.0203812691311176034
12 5 0.0609972898364735672
12 9 0.00063915938735260901
12 11 0.0609972898364735672
12 12 0.0526378505739406935
12 23 0.0203812691311176034
12 24 0.000639159387352609227
13 3 0.0609972898364735672
13 6 0.0203812691311175999
13 13 0.0526378505739406866
13 14 0.0609972898364735602
13 15 0.00063915938735260901
13 17 0.00063915938735260901
13 18 0.0203812691311176034
14 3 0.0546596115154124595
14 4 0.0305146852411729563
14 6 0.103923219007726775
14 7 0.0546596115154124595
14 13 0.0609972898364735602
14 14 0.474823493933872687
14 15 0.00918792918560834906
14 16 0.0609972898364735602
14 18 0.055287380528576402
14 25 0.055287380528576402
14 27 0.0282429874882972887
15 6 0.00508640209935876716
15 13 0.00063915938735260901
15 14 0.00918792918560834906
15 15 0.00164077256992385917
15 16 0.000639159387352608794
16 6 0.0203812691311175999
16 7 0.0609972898364735672
16 14 0.0609972898364735602
16 15 0.000639159387352608794
16 16 0.0526378505739406866
16 25 0.0203812691311175999
16 26 0.00063915938735260901
17 3 0.0091879291856083508
17 10 0.000639159387352609227
17 13 0.00063915938735260901
17 17 0.00164077256992385982
17 18 0.00508640209935876803
18 3 0.103923219007726775
18 4 0.0375201932547600675
18 10 0.0203812691311176034
18 11 0.055287380528576402
18 13 0.0203812691311176034
18 14 0.055287380528576402
18 17 0.00508640209935876803
18 18 0.194640803043934607
18 27 0.0185960562115708439
19 4 0.0305146852411729563
19 5 0.0546596115154124526
19 7 0.0546596115154124595
19 8 0.103923219007726775
19 19 0.474823493933872798
19 20 0.0609972898364735672
19 21 0.0609972898364735672
19 22 0.00918792918560834906
19 23 0.055287380528576402
19 25 0.055287380528576402
19 27 0.0282429874882972887
20 5 0.0609972898364735602
20 8 0.0203812691311176034
20 19 0.0609972898364735672
20 20 0.0526378505739406866
20 22 0.000639159387352609227
20 23 0.0203812691311176068
20 24 0.00063915938735260901
21 7 0.0609972898364735672
21 8 0.0203812691311176034
21 19 0.0609972898364735672
21 21 0.0526378505739406866
21 22 0.000639159387352608794
21 25 0.0203812691311175999
21 26 0.00063915938735260901
22 8 0.00508640209935876716
22 19 0.00918792918560834906
22 20 0.000639159387352609227
22 21 0.000639159387352608794
22 22 0.00164077256992385938
23 4 0.0375201932547600675
23 5 0.103923219007726775
23 11 0.055287380528576402
23 12 0.0203812691311176034
23 19 0.055287380528576402
23 20 0.0203812691311176068
23 23 0.194640803043934607
23 24 0.00508640209935876803
23 27 0.0185960562115708439
24 5 0.00918792918560835253
24 12 0.000639159387352609227
24 20 0.00063915938735260901
24 23 0.00508640209935876803
24 24 0.00164077256992385982
25 4 0.0375201932547600675
25 7 0.103923219007726775
25 14 0.055287380528576402
25 16 0.0203812691311175999
25 19 0.055287380528576402
25 21 0.0203812691311175999
25 25 0.194640803043934579
25 26 0.00508640209935876716
25 27 0.0185960562115708439
26 7 0.0091879291856083508
26 16 0.00063915938735260901
26 21 0.00063915938735260901
26 25 0.00508640209935876716
26 26 0.0016407725699238596
27 4 0.0723030557524450973
27 11 0.0282429874882972921
27 14 0.0282429874882972887
27 18 0.0185960562115708439
27 19 0.0282429874882972887
27 23 0.0185960562115708439
27 25 0.0185960562115708439
27 27 0.0911168832129383155
