% 2604x2604 58740 nonzeros
1 1 0.0940600292859360421
1 2 -0.029233423443796494
1 3 -0.00325340634121323337
1 4 -0.0824325638453587695
1 5 -0.00185962485069494747
1 6 -0.0114702453253929561
1 7 0.00760738990957453894
1 8 -0.317346141014534733
1 9 0.118305317050034192
1 10 0.0134967072718879082
1 11 -0.00181697494967921706
1 12 -0.0208602407352985325
1 13 0.0152813579118017476
1 14 0.00482363306394327073
1 15 -0.0424628750830928492
1 16 -0.00323619485450866648
1 17 0.00903168820926509436
1 18 0.161174205441800861
1 19 0.00109169632087607773
1 20 -0.0611412745573512995
1 21 0.0478717750244005147
1 22 -0.0666631258881853345
1 23 -0.0366699475466437455
1 24 -0.00368253389244710795
1 25 0.016732070611312929
1 26 0.149098153473100042
1 27 0.0435545487542646978
2 1 -0.029233423443796494
2 2 0.221063672266163413
2 3 -0.0184909235422937822
2 4 -0.0358086144503513351
2 5 -0.00655030818502098239
2 6 0.0106084349752981599
2 7 -0.0534972978926847378
2 8 0.11161548795907969
2 9 -0.358587921937682963
2 10 0.164603413807394683
2 11 0.0218708110610178266
2 12 0.0192603676927120687
2 13 -0.063989009879025463
2 14 0.118152422232885163
2 28 -0.0401023478464983957
2 29 -0.00490739417562319202
2 30 -0.0589293137431657552
2 31 -0.0121936940340806391
2 32 -0.0404114079255877834
2 33 0.021538725909658659
2 34 -0.454279803422534878
2 35 0.172717107046232776
2 36 0.0290519364605865901
2 37 0.00214555119121372919
2 38 -0.0661670425869395895
2 39 0.0413962720715400079
2 40 0.0221902568395058869
2 41 0.0369310665489751971
2 42 0.18726779780061456
2 43 -0.110282551524389635
2 44 0.0681723013319265325
2 45 0.104845429394870709
3 1 -0.00325340634121323337
3 2 -0.0184909235422937822
3 3 0.746896447129073104
3 4 0.111467211148479878
3 5 0.00324043146981538126
3 6 -0.0101991468471656285
3 7 -0.120274414107440941
3 8 0.0178724833896284248
3 9 0.169475745381677867
3 10 -0.578273296007490445
3 15 0.0323569489851293288
3 16 0.0043518351785682861
3 17 -0.231337595472575708
3 18 0.149732558614632472
3 29 0.118169110674997913
3 30 0.023353622140526345
3 32 0.028423923728310891
3 34 0.129011871590757998
3 36 0.0468757694339183156
3 41 -0.334593351330992661
3 42 -0.269978161185945587
3 43 -0.00183622984764145875
3 93 0.183917454941496306
3 94 -0.00802018905315269454
3 95 0.0981192416182325861
3 96 -0.488836837340167252
3 97 0.0642664644713909217
3 98 -0.00423766702035863196
3 99 -0.00514469629149676144
3 100 -0.0194112099410228799
3 105 0.0202350331898585485
3 106 -0.015819943774646919
3 107 -0.225526085552892525
3 108 0.0963759328711851077
3 109 0.218209348109043855
3 110 -0.00611747317388815909
3 111 -0.0318177127069414964
3 112 0.0211139072597210237
3 113 0.133384342841515902
3 114 -0.07386820105369718
3 115 0.0411309850836616003
3 116 -0.0109441286605980823
4 1 -0.0824325638453587695
4 2 -0.0358086144503513351
4 3 0.111467211148479878
4 4 2.22103194913118962
4 5 0.00959746838739217178
4 6 -0.00163224712295774151
4 7 -0.0221475391773544895
4 8 0.370362966207355426
4 9 0.340826137009845098
4 10 -0.572145247379975297
4 11 0.17299239040432951
4 12 -0.00554378033318820955
4 13 -0.0381201960314488525
4 14 -0.822661410851130759
4 15 -0.000772840437442052315
4 16 0.010804449262518126
4 17 -0.0359937067558940074
4 18 0.108295721421071828
4 19 0.195314771225212735
4 20 -0.0196579192266603045
4 21 -0.0409738922518640414
4 22 -0.893555476117966263
4 23 0.0172156200344585134
4 24 0.017508663253228661
4 25 -0.0528890983468849746
4 26 -0.0391017084023245823
4 27 -0.0360185617446256504
4 30 0.218625197010009653
4 34 -0.102163966584677829
4 42 0.00859679172484549559
4 43 -0.699101400515270588
4 45 0.0577550161949038146
4 94 0.163586198531664284
4 97 -0.0489022054094623709
4 98 0.0371650469497701447
4 100 -0.578584537315051883
4 104 0.116412415987484197
4 106 0.00205346644830519147
4 109 0.0348949258450835867
4 112 0.0279003946594024443
4 115 0.0211093365114923236
4 116 -0.0747149460641481078
4 451 0.0748490997764267862
4 452 0.00975680650610510035
4 453 0.0887237235291655491
4 454 -0.358034933307988412
4 456 0.107428496764158277
4 459 -0.00403457380965504316
4 460 0.0329862078825162372
4 462 0.0137398167696709053
4 464 -0.0297840218043475269
4 465 0.00595338669716018176
4 522 0.000673346131499135379
4 523 -0.00125859349908570843
4 524 -0.00271527835018836941
4 525 0.000700437718847386282
4 526 0.000421800011711382413
5 1 -0.00185962485069494747
5 2 -0.00655030818502098239
5 3 0.00324043146981538126
5 4 0.00959746838739217178
5 5 0.00592197934695171211
5 6 -0.0014169269469679099
5 7 -0.000124648673729171292
5 8 0.00102146012634846193
5 9 0.016927442825071054
5 10 -0.0144953725580210316
5 11 0.0025873187561740521
5 12 -0.00167752346767409779
5 13 0.000188320436929283213
5 14 -0.0133600166665739772
6 1 -0.0114702453253929561
6 2 0.0106084349752981599
6 3 -0.0101991468471656285
6 4 -0.00163224712295774151
6 5 -0.0014169269469679099
6 6 0.0138887944761001501
6 7 -0.00554124005202125645
6 8 0.0385898925178218277
6 9 -0.040584305789250201
6 10 0.0443539490279208429
6 15 0.0100886064064467911
6 16 -0.00141181536875980033
6 17 -0.00558212783348090765
6 18 -0.03969162211759137
7 1 0.00760738990957453894
7 2 -0.0534972978926847378
7 3 -0.120274414107440941
7 4 -0.0221475391773544895
7 5 -0.000124648673729171292
7 6 -0.00554124005202125645
7 7 0.161461730796065767
7 8 -0.0277107840988014935
7 9 -0.0220710289785050542
7 10 0.0529533017920341756
7 29 0.0178574119581642599
7 30 0.0121291614309600691
7 32 -0.00922576815954302167
7 34 0.00325823379004803321
7 36 -0.0796902971620688794
7 41 -0.0149155235718969343
7 42 0.119332995469864922
7 43 -0.0194016832726657575
8 1 -0.317346141014534733
8 2 0.11161548795907969
8 3 0.0178724833896284248
8 4 0.370362966207355426
8 5 0.00102146012634846193
8 6 0.0385898925178218277
8 7 -0.0277107840988014935
8 8 1.20409252870881556
8 9 -0.449842951856424589
8 10 -0.0731775085460443508
8 11 0.0157501116889352845
8 12 0.0634188829522776276
8 13 -0.0504484460533665066
8 14 -0.0592273655160101692
8 15 0.144428883614779652
8 16 0.000792772272589022282
8 17 -0.0331048161230727972
8 18 -0.569080719452172423
8 19 -0.00633517370645226858
8 20 0.152732439957703359
8 21 -0.12199695782578665
8 22 0.143748557060654536
8 23 0.124334467701703172
8 24 0.000774445688107096384
8 25 -0.056506303837671655
8 26 -0.513814163933669743
8 27 -0.11094404788179188
9 1 0.118305317050034192
9 2 -0.358587921937682963
9 3 0.169475745381677867
9 4 0.340826137009845098
9 5 0.016927442825071054
9 6 -0.040584305789250201
9 7 -0.0220710289785050542
9 8 -0.449842951856424589
9 9 1.76072557893842929
9 10 -0.741389156730335341
9 11 0.108136703829290082
9 12 -0.0678503673806725299
9 13 -0.033558321431575229
9 14 -0.593143372592312312
9 30 -0.11297370275623575
9 34 0.241917850943166368
9 42 -0.413727793694333768
9 43 0.497088363850171411
9 45 -0.419674216680357537
10 1 0.0134967072718879082
10 2 0.164603413807394683
10 3 -0.578273296007490445
10 4 -0.572145247379975297
10 5 -0.0144953725580210316
10 6 0.0443539490279208429
10 7 0.0529533017920341756
10 8 -0.0731775085460443508
10 9 -0.741389156730335341
10 10 3.4887966863129134
10 15 0.13318677250335717
10 16 -0.0191893599497234869
10 17 0.0307569399230167642
10 18 -0.706623873092730781
10 30 0.00621752476335266785
10 34 -0.244035710945355061
10 42 -0.294519791077841875
10 43 -0.0283281646971444145
10 94 0.0282882126552121277
10 97 -0.253987366435464545
10 98 -0.499006893818890462
10 100 0.130004835309975308
10 106 0.00400617041021695229
10 109 -0.164842580352236368
10 112 -0.144457187316474944
10 115 -0.116576515294906008
10 116 0.354383510425351878
11 1 -0.00181697494967921706
11 2 0.0218708110610178266
11 4 0.17299239040432951
11 5 0.0025873187561740521
11 8 0.0157501116889352845
11 9 0.108136703829290082
11 11 1.60805166535284494
11 12 -0.0157054913978518125
11 13 -0.192520893981195401
11 14 -0.780061733677961278
11 23 0.159957084921985626
11 24 0.006279399282268016
11 25 -0.54817815247531998
11 26 0.0893055051679051137
11 30 0.0326298276733573631
11 34 0.0501881878569009829
11 37 0.206999970698151681
11 38 0.0323843216771878967
11 40 0.000673604711918907029
11 43 -0.0307463694303466775
11 44 -0.681858583925640582
11 45 -0.149619194559993091
11 370 -0.00181697494967919581
11 371 0.0218708110610178093
11 372 0.172992390404329177
11 373 0.00258731875617404603
11 374 -0.0157054913978517431
11 375 -0.192520893981195346
11 376 0.01575011168893517
11 377 0.108136703829290068
11 378 -0.7800617336779605
11 383 0.00627939928226797176
11 384 0.0893055051679049472
11 395 0.0326298276733573422
11 397 0.0323843216771878897
11 399 0.0501881878569010731
11 401 0.000673604711918934784
11 406 -0.14961919455999334
11 407 -0.0307463694303465769
11 451 -0.0370590499233095089
11 452 -0.0671271864092400083
11 453 0.326641527473213678
11 454 -0.0316325252237599011
11 455 -0.0316325252237598109
11 459 -0.0911372217582544913
11 460 0.4889565202060982
11 461 -0.0769608261540731114
11 462 0.0217430877931418173
11 463 0.0217430877931418173
11 464 -0.00814638442027297745
11 465 0.0231308474708103867
11 466 -0.00814638442027293408
12 1 -0.0208602407352985325
12 2 0.0192603676927120687
12 4 -0.00554378033318820955
12 5 -0.00167752346767409779
12 8 0.0634188829522776276
12 9 -0.0678503673806725299
12 11 -0.0157054913978518125
12 12 0.0317009808742272289
12 13 -0.016865467812696603
12 14 0.0796723324403518784
12 23 0.0168187264736177067
12 24 -0.00251236761158864143
12 25 -0.0147047453641154999
12 26 -0.0651513063301005918
13 1 0.0152813579118017476
13 2 -0.063989009879025463
13 4 -0.0381201960314488525
13 5 0.000188320436929283213
13 8 -0.0504484460533665066
13 9 -0.033558321431575229
13 11 -0.192520893981195401
13 12 -0.016865467812696603
13 13 0.234856294661027004
13 14 0.0981759259256593242
13 30 0.0170108395969309004
13 34 0.000805065277445497773
13 37 0.0238380895745713695
13 38 -0.0160191039487500887
13 40 -0.128562190308936619
13 43 -0.0609695194044158964
13 44 -0.0501004186782043476
13 45 0.260997674145249881
14 1 0.00482363306394327073
14 2 0.118152422232885163
14 4 -0.822661410851130759
14 5 -0.0133600166665739772
14 8 -0.0592273655160101692
14 9 -0.593143372592312312
14 11 -0.780061733677961278
14 12 0.0796723324403518784
14 13 0.0981759259256593242
14 14 4.05497669131965743
14 23 0.090548501761478134
14 24 -0.0311782146215188877
14 25 -0.00596884699929826901
14 26 -0.663373030075717685
14 30 0.041835949653194357
14 34 -0.199927248430050719
14 43 -0.0529919903077861118
14 45 -0.541536847216460782
14 451 0.104231855743365021
14 452 -0.250416535283166153
14 453 -0.608273813164007526
14 454 0.100420668228836635
14 459 0.015768135402934199
14 460 -0.136246796045837976
14 462 -0.0675385434443839111
14 464 0.148758809213419774
14 465 -0.0314591600935087284
15 1 -0.0424628750830928492
15 3 0.0323569489851293288
15 4 -0.000772840437442052315
15 6 0.0100886064064467911
15 8 0.144428883614779652
15 10 0.13318677250335717
15 15 0.369878680825177053
15 16 -0.0114654925023108777
15 17 -0.132358518118659896
15 18 -0.362618925238253675
15 19 0.13532714011831104
15 20 0.0547109279082185831
15 21 -0.251878719949905627
15 22 0.107785774971233997
15 69 -0.0424628750830928631
15 70 0.0323569489851292594
15 71 -0.000772840437442043207
15 72 -0.0114654925023108395
15 73 0.0100886064064467946
15 74 -0.132358518118659785
15 75 0.144428883614779568
15 76 -0.36261892523825362
15 77 0.133186772503357087
15 78 0.0547109279082185901
15 79 0.107785774971234038
15 93 0.00761570439620134348
15 94 0.0262987587366311781
15 95 -0.138601842978851031
15 96 0.0848627736530626342
15 97 -0.220524776159526231
15 98 0.102843052424192422
15 99 -0.0126957754558709862
15 100 -0.0291671382092976786
15 101 0.0848627736530626481
15 102 0.102843052424192338
15 103 -0.0291671382092976925
15 104 -0.0982550712868936749
16 1 -0.00323619485450866648
16 3 0.0043518351785682861
16 4 0.010804449262518126
16 6 -0.00141181536875980033
16 8 0.000792772272589022282
16 10 -0.0191893599497234869
16 15 -0.0114654925023108777
16 16 0.0110492659913295176
16 17 -0.000928957627616728448
16 18 0.0238590797509299554
16 19 0.00130464043617086779
16 20 -0.00342293173728405514
16 21 0.00206658302750205736
16 22 -0.0145738738794042189
17 1 0.00903168820926509436
17 3 -0.231337595472575708
17 4 -0.0359937067558940074
17 6 -0.00558212783348090765
17 8 -0.0331048161230727972
17 10 0.0307569399230167642
17 15 -0.132358518118659896
17 16 -0.000928957627616728448
17 17 0.406561876102298436
17 18 -0.0762713559718128653
17 93 0.0229952190281650301
17 94 0.0271696117193663267
17 95 -0.0731975052044612634
17 96 -0.0162458988290523527
17 97 0.040102334856820715
17 98 0.264274006761538116
17 99 -0.154408066138844585
17 100 -0.0414631285249993375
18 1 0.161174205441800861
18 3 0.149732558614632472
18 4 0.108295721421071828
18 6 -0.03969162211759137
18 8 -0.569080719452172423
18 10 -0.706623873092730781
18 15 -0.362618925238253675
18 16 0.0238590797509299554
18 17 -0.0762713559718128653
18 18 2.36011367165292008
18 19 0.0192659426674101804
18 20 -0.159953466011319018
18 21 -0.0804954858890247482
18 22 -0.438834554576100988
18 94 -0.0865427768010910148
18 97 -0.0347290379242328334
18 98 -0.427762677724772056
18 100 0.52597201188562015
18 104 -0.365808696635283814
19 1 0.00109169632087607773
19 4 0.195314771225212735
19 8 -0.00633517370645226858
19 15 0.13532714011831104
19 16 0.00130464043617086779
19 18 0.0192659426674101804
19 19 3.06765439392364359
19 20 -0.00517149473426383854
19 21 -0.531185764357740342
19 22 -0.782864736008168638
19 23 0.193411755935583851
19 24 0.00245983360028963899
19 26 0.0190610581947280727
19 27 -0.740691039958033759
19 69 0.00109169632087607383
19 71 0.19531477122521243
19 72 0.00130464043617086671
19 75 -0.00633517370645226251
19 76 0.0192659426674100798
19 78 -0.00517149473426383594
19 79 -0.782864736008167972
19 88 0.193411755935583962
19 89 0.00245983360028964549
19 90 -0.740691039958033759
19 91 0.019061058194728267
19 94 0.0239020986716307893
19 97 -0.0204020438304339247
19 100 -0.0165383230378422057
19 103 -0.0165383230378421814
19 104 -0.0463642868346746673
19 431 0.00442544199291661222
19 432 0.172614655804446793
19 433 0.00634505701826706264
19 434 -0.041463020312044907
19 435 0.00928175671807396005
19 436 0.00870984534676294553
19 437 -0.703770193961754997
19 440 0.00634505701826698024
19 441 0.00870984534676249277
19 451 -0.00382835700356311693
19 452 -0.0228101619416353693
19 454 -0.0145926529061250875
19 456 0.0705560170567588879
19 457 -0.00992952224576960571
19 514 -0.00382835700356310479
19 515 -0.0228101619416352305
19 516 0.0705560170567585826
19 517 -0.0145926529061249158
19 518 -0.00992952224576962826
19 522 -0.0312040306913329499
19 523 0.127080114558475676
19 524 -0.000298234251250491743
19 525 0.00230648010910625666
19 526 0.00145896859632403718
19 527 -0.000298234251250498357
19 528 0.00145896859632403588
19 529 -4.25231191824864839e-05
20 1 -0.0611412745573512995
20 4 -0.0196579192266603045
20 8 0.152732439957703359
20 15 0.0547109279082185831
20 16 -0.00342293173728405514
20 18 -0.159953466011319018
20 19 -0.00517149473426383854
20 20 0.127423886068347342
20 21 -0.0912849598228429315
20 22 0.202452452256220633
20 23 0.0501437038245922326
20 24 -0.00512771518586576953
20 26 -0.157797478695533344
20 27 -0.0839061700439616004
21 1 0.0478717750244005147
21 4 -0.0409738922518640414
21 8 -0.12199695782578665
21 15 -0.251878719949905627
21 16 0.00206658302750205736
21 18 -0.0804954858890247482
21 19 -0.531185764357740342
21 20 -0.0912849598228429315
21 21 1.02427288409478989
21 22 -0.0237836268504800774
21 69 0.0478717750244005702
21 71 -0.0409738922518643051
21 72 0.00206658302750199795
21 75 -0.121996957825786692
21 76 -0.0804954858890245262
21 78 -0.0912849598228430287
21 79 -0.0237836268504799456
21 94 -0.0816191987507536298
21 97 -0.0521687696536478618
21 100 -0.14402759561195691
21 103 -0.144027595611956633
21 104 0.79782788901736279
22 1 -0.0666631258881853345
22 4 -0.893555476117966263
22 8 0.143748557060654536
22 15 0.107785774971233997
22 16 -0.0145738738794042189
22 18 -0.438834554576100988
22 19 -0.782864736008168638
22 20 0.202452452256220633
22 21 -0.0237836268504800774
22 22 4.05083112408383794
22 23 0.0979017059792602062
22 24 -0.0263521775857777571
22 26 -0.591301306576544561
22 27 -0.106695516852165662
22 94 0.162611997621345789
22 97 -0.324161487699357098
22 100 -0.0824953145959295558
22 104 -0.697374013902167245
22 451 0.161533947321662541
22 452 -0.313363251693562439
22 454 -0.039941990334553569
22 456 -0.542549310615576874
22 522 -0.00553422687775747581
22 523 0.0143342180150547206
22 524 0.013915586666172694
22 525 -0.00316188574752311298
22 526 -0.00190948817422214733
23 1 -0.0366699475466437455
23 4 0.0172156200344585134
23 8 0.124334467701703172
23 11 0.159957084921985626
23 12 0.0168187264736177067
23 14 0.090548501761478134
23 19 0.193411755935583851
23 20 0.0501437038245922326
23 22 0.0979017059792602062
23 23 0.640504972225158564
23 24 -0.0188708386878359696
23 25 -0.353975874259934042
23 26 -0.334307732721188688
23 27 -0.483685303244846598
23 370 -0.0366699475466437386
23 372 0.0172156200344584925
23 374 0.0168187264736177101
23 376 0.124334467701703144
23 378 0.090548501761478023
23 383 -0.0188708386878359731
23 384 -0.334307732721188633
23 385 0.193411755935583851
23 386 0.0501437038245922326
23 387 -0.483685303244846598
23 388 0.0979017059792601091
23 431 -0.0358643135111531217
23 432 -0.00184832022635155087
23 433 -0.0900577211787835785
23 434 0.0931562333685719696
23 435 0.150369484286757227
23 436 -0.211293018365211971
23 437 0.0228690268466332572
23 438 0.0931562333685718585
23 439 0.0228690268466330698
23 451 0.0286062352323651244
23 452 0.330378821570556036
23 453 -0.0795332677038789182
23 454 -0.00175368530754805912
23 455 -0.00175368530754801098
23 456 -0.120551638290554902
23 457 0.041634724753928723
23 458 -0.120551638290554874
24 1 -0.00368253389244710795
24 4 0.017508663253228661
24 8 0.000774445688107096384
24 11 0.006279399282268016
24 12 -0.00251236761158864143
24 14 -0.0311782146215188877
24 19 0.00245983360028963899
24 20 -0.00512771518586576953
24 22 -0.0263521775857777571
24 23 -0.0188708386878359696
24 24 0.0156911969616415348
24 25 -0.00223007083546539631
24 26 0.0444885872156110321
24 27 0.00275179241935355739
25 1 0.016732070611312929
25 4 -0.0528890983468849746
25 8 -0.056506303837671655
25 11 -0.54817815247531998
25 12 -0.0147047453641154999
25 14 -0.00596884699929826901
25 23 -0.353975874259934042
25 24 -0.00223007083546539631
25 25 1.17581442059935748
25 26 -0.239799401454509425
25 370 0.0167320706113129221
25 372 -0.0528890983468850162
25 374 -0.0147047453641155502
25 376 -0.0565063038376715995
25 378 -0.00596884699929837309
25 383 -0.00223007083546535772
25 384 -0.239799401454509425
25 451 -0.0471062197135828642
25 452 0.124375918984987441
25 453 0.524621055062674535
25 454 -0.0824091778724589663
25 455 -0.0824091778724588553
26 1 0.149098153473100042
26 4 -0.0391017084023245823
26 8 -0.513814163933669743
26 11 0.0893055051679051137
26 12 -0.0651513063301005918
26 14 -0.663373030075717685
26 19 0.0190610581947280727
26 20 -0.157797478695533344
26 22 -0.591301306576544561
26 23 -0.334307732721188688
26 24 0.0444885872156110321
26 25 -0.239799401454509425
26 26 3.0210864482696973
26 27 -0.214730625040609635
26 451 0.0042236332762761444
26 452 -0.249570299291554665
26 453 -0.423298708986648065
26 454 0.487712510881384342
26 456 -0.322730134970301619
27 1 0.0435545487542646978
27 4 -0.0360185617446256504
27 8 -0.11094404788179188
27 19 -0.740691039958033759
27 20 -0.0839061700439616004
27 22 -0.106695516852165662
27 23 -0.483685303244846598
27 24 0.00275179241935355739
27 26 -0.214730625040609635
27 27 1.83961219426712819
27 431 0.0868936672915375935
27 432 -0.0325233842907934195
27 433 -0.00126846487279389029
27 434 -0.209839177891694872
27 435 -0.21829359294741274
27 436 -0.202924272241773868
27 437 0.0647228244233801625
27 451 -0.0917532620470870586
27 452 -0.0204640126313468083
27 454 -0.12184203572548559
27 456 0.724735747069453318
27 457 -0.0866913068106945489
28 2 -0.0401023478464983957
28 28 0.231778283022757825
28 29 0.00568513158960022233
28 30 -0.0407805021091674005
28 31 -0.0279550876005497245
28 32 0.0357985973735568327
28 33 -0.0863220369643243612
28 34 0.158325873001047307
28 35 -0.419454287522572744
28 36 0.147168088706386979
28 37 0.0624224251283189147
28 38 0.0561333943378754183
28 39 -0.110866834091895072
28 40 0.0482250384663483259
28 46 -0.0256952025602644393
28 47 -0.0103117430426650138
28 48 -0.0532905851532759489
28 49 -0.00373899989599354218
28 50 -0.0179208672578985428
28 51 0.00703039138810150187
28 52 -0.416871065642005989
28 53 0.106083984145535451
28 54 0.0464704827243445986
28 55 -0.0147508309358767714
28 56 -0.0286384541610538584
28 57 0.0141223924684227772
28 58 0.0861866664398812238
28 59 0.0251829192943473015
28 60 0.206818773277937795
28 61 -0.114687825612953639
28 62 0.0613007872471464932
28 63 0.112653441785386443
29 2 -0.00490739417562319202
29 3 0.118169110674997913
29 7 0.0178574119581642599
29 28 0.00568513158960022233
29 29 0.937244426358578742
29 30 0.0852829106617939148
29 31 0.0106243865409137994
29 32 -0.0369612942164816993
29 33 -0.166792107552382052
29 34 0.0400183770666273919
29 35 0.15700793563065496
29 36 -0.511554502225569085
29 41 -0.413663526097615475
29 42 0.0798453953038179565
29 47 0.0811812581372608061
29 48 0.0476314990721963677
29 50 0.011780229235820297
29 52 0.11922874210432019
29 54 0.041749142193798279
29 59 -0.272593009591701185
29 60 -0.345781193687443977
29 61 -0.00570947307235553092
29 105 0.23194018657424012
29 106 -0.0295961109752799802
29 107 0.159475419672342356
29 108 -0.662172924892986847
29 109 -0.0402063252567398249
29 110 0.294840808527518483
29 111 -0.0630101809864722501
29 112 -0.00869863012051073393
29 117 0.0182930162156295859
29 118 -0.0114809815158490713
29 119 -0.196081391280176154
29 120 0.052709429589024151
29 121 0.156887824419173566
29 122 0.0322300660144965098
29 123 -0.0207265577681560453
29 124 0.0111261209759756577
29 125 0.130162089836087097
29 126 -0.088892107343344906
29 127 0.041694408374095826
29 128 -0.00383761596844045538
30 2 -0.0589293137431657552
30 3 0.023353622140526345
30 4 0.218625197010009653
30 7 0.0121291614309600691
30 9 -0.11297370275623575
30 10 0.00621752476335266785
30 11 0.0326298276733573631
30 13 0.0170108395969309004
30 14 0.041835949653194357
30 28 -0.0407805021091674005
30 29 0.0852829106617939148
30 30 1.3406460066653445
30 31 0.030403426177878827
30 32 -0.00943872272700879526
30 33 -0.02035307541439128
30 34 0.440759654302256276
30 35 0.50052086495775272
30 36 -0.547196339180546221
30 37 0.175657801812431846
30 38 -0.0349862108594768337
30 39 -0.0605420408059463705
30 40 -0.842216111273683898
30 41 -0.0460380441155842993
30 42 -0.150889002411197931
30 43 -0.597308710275065713
30 44 -0.0251563931736083907
30 45 -0.317609421266364711
30 48 0.188089679531417947
30 52 -0.155558659554914158
30 60 0.031199664420138426
30 61 -0.544875584926259982
30 63 0.130505887130439951
30 106 0.0586433766342323304
30 109 0.066027897916319564
30 110 0.120700162312049414
30 112 -0.293120372614904645
30 116 0.0664532735599804164
30 118 -0.00464888281676668555
30 121 0.0473319493307406206
30 124 0.0341566424091293425
30 127 0.0202831318897540164
30 128 -0.0595421653586555438
30 459 -0.034355023336439125
30 460 0.129357408476081515
30 461 0.165359827111158042
30 462 -0.0928140996104021981
30 464 0.0280985193090210368
30 467 -0.0101307153724086926
30 468 0.0465045393802565946
30 470 0.0118171870994307759
30 472 -0.0133274075332417176
30 473 0.00318856787949689741
31 2 -0.0121936940340806391
31 28 -0.0279550876005497245
31 29 0.0106243865409137994
31 30 0.030403426177878827
31 31 0.0366734526238736425
31 32 -0.0112127430678901786
31 33 8.66926713392359279e-05
31 34 0.0105485544847507863
31 35 0.0617373568100274134
31 36 -0.0507195907416245276
31 37 0.00666338924501384735
31 38 -0.0115367385532549882
31 39 0.000411789342194926336
31 40 -0.0435311938985924046
32 2 -0.0404114079255877834
32 3 0.028423923728310891
32 7 -0.00922576815954302167
32 28 0.0357985973735568327
32 29 -0.0369612942164816993
32 30 -0.00943872272700879526
32 31 -0.0112127430678901786
32 32 0.0884242302078864784
32 33 -0.0279191226842855147
32 34 0.116039664801733625
32 35 -0.132834391036328353
32 36 0.149921727343523631
32 41 -0.0318729012622609928
32 42 -0.118731792375625131
33 2 0.021538725909658659
33 28 -0.0863220369643243612
33 29 -0.166792107552382052
33 30 -0.02035307541439128
33 31 8.66926713392359279e-05
33 32 -0.0279191226842855147
33 33 0.239082797631113952
33 34 -0.0753636084765134939
33 35 0.00711990035054486936
33 36 0.120614942673107697
33 47 0.0146271075904840439
33 48 -0.00481087606608700084
33 50 -0.00206247865005827627
33 52 0.000168520113352534084
33 54 -0.0565246588943747047
33 59 -0.0141206224713126653
33 60 0.0660023707544403204
33 61 -0.0149724705203119601
34 2 -0.454279803422534878
34 3 0.129011871590757998
34 4 -0.102163966584677829
34 7 0.00325823379004803321
34 9 0.241917850943166368
34 10 -0.244035710945355061
34 11 0.0501881878569009829
34 13 0.000805065277445497773
34 14 -0.199927248430050719
34 28 0.158325873001047307
34 29 0.0400183770666273919
34 30 0.440759654302256276
34 31 0.0105485544847507863
34 32 0.116039664801733625
34 33 -0.0753636084765134939
34 34 2.08830264174691393
34 35 -0.659326689838167335
34 36 -0.18167437568790426
34 37 0.0375544008191998208
34 38 0.142882626744477798
34 39 -0.123767356672505394
34 40 -0.226145983244850718
34 41 -0.12989672236743946
34 42 -0.740885041516916698
34 43 0.317490282225878495
34 44 -0.209141120815259512
34 45 -0.430495656649029224
35 2 0.172717107046232776
35 28 -0.419454287522572744
35 29 0.15700793563065496
35 30 0.50052086495775272
35 31 0.0617373568100274134
35 32 -0.132834391036328353
35 33 0.00711990035054486936
35 34 -0.659326689838167335
35 35 2.33674333109771126
35 36 -0.843241688388139621
35 37 0.0732320135079409656
35 38 -0.183008541807528041
35 39 -0.0134701603801246628
35 40 -0.566206101781574267
35 48 -0.0720902359015251626
35 52 0.238061566583502859
35 60 -0.47240378457259613
35 61 0.354511462827838741
35 63 -0.539615657583650155
36 2 0.0290519364605865901
36 3 0.0468757694339183156
36 7 -0.0796902971620688794
36 28 0.147168088706386979
36 29 -0.511554502225569085
36 30 -0.547196339180546221
36 31 -0.0507195907416245276
36 32 0.149921727343523631
36 33 0.120614942673107697
36 34 -0.18167437568790426
36 35 -0.843241688388139621
36 36 3.72236019108539651
36 41 0.00935106011164339029
36 42 -0.492165073603427206
36 48 0.0142687541755633154
36 52 -0.232535889373325755
36 60 -0.244924792469776109
36 61 -0.0782930380347484217
36 106 0.109837788587298563
36 109 -0.243075544145502087
36 110 -0.797951660366872484
36 112 0.134400536010499616
36 118 0.0325324048896485085
36 121 -0.209692774829925876
36 124 -0.138454764859972657
36 127 -0.0935690805588939717
36 128 0.228356212150724269
37 2 0.00214555119121372919
37 11 0.206999970698151681
37 13 0.0238380895745713695
37 28 0.0624224251283189147
37 30 0.175657801812431846
37 31 0.00666338924501384735
37 34 0.0375544008191998208
37 35 0.0732320135079409656
37 37 2.14271444009777401
37 38 -0.0635787900453461119
37 39 -0.281472839548276565
37 40 -0.804695641516981253
37 44 -0.727722205268596767
37 45 0.0128840866750146166
37 48 0.0484619503728847753
37 52 0.018250875882528779
37 55 0.185182670201443494
37 56 0.00950872075779387281
37 58 -0.0145986191543320092
37 61 -0.0283955074383866607
37 62 -0.626389005163390356
37 63 -0.150589825629144525
37 371 0.00214555119121372269
37 375 0.0238380895745712341
37 394 0.0624224251283189285
37 395 0.175657801812431374
37 396 0.00666338924501384041
37 397 -0.0635787900453458343
37 398 -0.281472839548276788
37 399 0.037554400819199571
37 400 0.0732320135079409518
37 401 -0.804695641516980031
37 406 0.012884086675013999
37 411 0.0484619503728848239
37 413 0.00950872075779388669
37 415 0.0182508758825289039
37 417 -0.0145986191543319294
37 422 -0.150589825629144858
37 423 -0.0283955074383865219
37 459 -0.0882115041180037834
37 460 -0.0558361812190790591
37 461 0.503073386592714611
37 462 -0.00889226809372768538
37 463 -0.00889226809372753273
37 467 -0.061015868921773575
37 468 0.300072585412856918
37 469 -0.0433396807714911125
37 470 0.010529446983094215
37 471 0.0105294469830942185
37 472 -0.00204908719246433418
37 473 0.0107190457966986584
37 474 -0.00204908719246423357
38 2 -0.0661670425869395895
38 11 0.0323843216771878967
38 13 -0.0160191039487500887
38 28 0.0561333943378754183
38 30 -0.0349862108594768337
38 31 -0.0115367385532549882
38 34 0.142882626744477798
38 35 -0.183008541807528041
38 37 -0.0635787900453461119
38 38 0.184619061209359392
38 39 -0.075555742385108926
38 40 0.250590257734124355
38 44 -0.067537825457946718
38 45 -0.148219666058673566
39 2 0.0413962720715400079
39 28 -0.110866834091895072
39 30 -0.0605420408059463705
39 31 0.000411789342194926336
39 34 -0.123767356672505394
39 35 -0.0134701603801246628
39 37 -0.281472839548276565
39 38 -0.075555742385108926
39 39 0.376634510218494811
39 40 0.275413288039307647
39 48 0.0132079082079827707
39 52 0.0099735432842879973
39 55 0.0363920288835494071
39 56 -0.00377740137185536258
39 58 -0.134481975629682976
39 61 -0.0695596175644492137
39 62 -0.0752282375416694765
39 63 0.195292865944156457
40 2 0.0221902568395058869
40 11 0.000673604711918907029
40 13 -0.128562190308936619
40 28 0.0482250384663483259
40 30 -0.842216111273683898
40 31 -0.0435311938985924046
40 34 -0.226145983244850718
40 35 -0.566206101781574267
40 37 -0.804695641516981253
40 38 0.250590257734124355
40 39 0.275413288039307647
40 40 3.89599668841665414
40 44 -0.0505430071171031753
40 45 -0.311436118667320905
40 48 0.0377725620171021001
40 52 -0.140216518851010219
40 61 -0.0235399578673848933
40 63 -0.549900483987296629
40 459 0.162241378414192672
40 460 -0.212468402282142949
40 461 -0.686826168659704361
40 462 0.0602926798336074141
40 467 0.0455716305894418444
40 468 -0.200629707514897199
40 470 -0.0478060154222008996
40 472 0.0501625085537240334
40 473 -0.0144062912222473454
41 2 0.0369310665489751971
41 3 -0.334593351330992661
41 7 -0.0149155235718969343
41 29 -0.413663526097615475
41 30 -0.0460380441155842993
41 32 -0.0318729012622609928
41 34 -0.12989672236743946
41 36 0.00935106011164339029
41 41 0.984834615662610546
41 42 -0.116802991222753866
41 105 0.0177318638673585639
41 106 -0.00715748952835856302
41 107 -0.252793612785753796
41 108 -0.000856885661633618599
41 109 0.176831690797848162
41 110 0.353382180377012189
41 111 -0.203575557092212284
41 112 -0.0268958723289461771
42 2 0.18726779780061456
42 3 -0.269978161185945587
42 4 0.00859679172484549559
42 7 0.119332995469864922
42 9 -0.413727793694333768
42 10 -0.294519791077841875
42 29 0.0798453953038179565
42 30 -0.150889002411197931
42 32 -0.118731792375625131
42 34 -0.740885041516916698
42 36 -0.492165073603427206
42 41 -0.116802991222753866
42 42 3.37343816914872052
42 43 -0.195990596249950022
42 106 0.111135148295365527
42 109 -0.600257762218393554
42 110 -0.446277332781890468
42 112 0.215378942006562629
42 116 -0.254769901411515176
43 2 -0.110282551524389635
43 3 -0.00183622984764145875
43 4 -0.699101400515270588
43 7 -0.0194016832726657575
43 9 0.497088363850171411
43 10 -0.0283281646971444145
43 11 -0.0307463694303466775
43 13 -0.0609695194044158964
43 14 -0.0529919903077861118
43 30 -0.597308710275065713
43 34 0.317490282225878495
43 42 -0.195990596249950022
43 43 1.84378739587743246
43 45 -0.402602786908006549
43 106 0.0788893906295897868
43 109 -0.245922401472732532
43 112 -0.0353892276974972081
43 116 -0.131070704570781876
43 459 0.0351311111956633879
43 460 -0.1144474634566508
43 462 -0.0113092737095711604
43 464 -0.0346874704388188196
44 2 0.0681723013319265325
44 11 -0.681858583925640582
44 13 -0.0501004186782043476
44 30 -0.0251563931736083907
44 34 -0.209141120815259512
44 37 -0.727722205268596767
44 38 -0.067537825457946718
44 40 -0.0505430071171031753
44 44 2.34495588980291414
44 45 -0.438393086320610914
44 371 0.0681723013319265186
44 375 -0.050100418678204181
44 395 -0.0251563931736083352
44 397 -0.0675378254579468568
44 399 -0.209141120815259429
44 401 -0.0505430071171039247
44 406 -0.438393086320610526
44 459 -0.136911177809593221
44 460 0.39068741338966223
44 461 0.417152987194956415
44 462 -0.030452611461044405
44 463 -0.030452611461044287
45 2 0.104845429394870709
45 4 0.0577550161949038146
45 9 -0.419674216680357537
45 11 -0.149619194559993091
45 13 0.260997674145249881
45 14 -0.541536847216460782
45 30 -0.317609421266364711
45 34 -0.430495656649029224
45 37 0.0128840866750146166
45 38 -0.148219666058673566
45 40 -0.311436118667320905
45 43 -0.402602786908006549
45 44 -0.438393086320610914
45 45 3.58163485678618887
45 459 0.194957152130880079
45 460 -0.655127971307826074
45 461 -0.394236974872070323
45 462 0.104587531175207318
45 464 -0.108709805995601552
46 28 -0.0256952025602644393
46 46 0.118843135800263386
46 47 -0.0548281012756438937
46 48 -0.166712196040432581
46 49 -0.0109338717010213533
46 50 0.0160360536912057955
46 51 -0.0156826956518157853
46 52 0.102160114507100094
46 53 -0.390506514738869881
46 54 0.22555002739193114
46 55 -0.0326428293747969139
46 56 0.0220463122587253382
46 57 -0.0244632515382691221
46 58 0.171917132652845583
46 64 0.00829217515694093132
46 65 -0.0994933167568106264
46 66 0.0963785045706967575
46 67 -0.0526146141143095381
46 68 0.112349137722525125
47 28 -0.0103117430426650138
47 29 0.0811812581372608061
47 33 0.0146271075904840439
47 46 -0.0548281012756438937
47 47 0.524516324662964939
47 48 0.103293343867978588
47 49 0.00661279460280009192
47 50 -0.0184550451202672577
47 51 -0.0212388434574841585
47 52 0.0510236442021858097
47 53 0.209424633384506731
47 54 -0.569487509349620558
47 59 -0.290119160052641156
47 60 0.112686341503773518
47 64 0.106494092144289482
47 65 0.0765829986003237345
47 66 -0.279601950770051677
47 67 0.0845061772766735331
47 117 0.186392456718165456
47 118 -0.00419049256515552707
47 119 0.172301997445705068
47 120 -0.437719973398312812
47 121 -0.0286631906477437907
47 122 0.160714285153793018
47 123 -0.0476134063410444397
47 124 -0.0130246912022739282
47 129 -0.0234859075767751002
47 130 -0.00631858065806462088
47 131 0.0339095658189832588
47 132 -0.0185102999996882324
47 133 -0.044567016587272662
47 134 0.00658921554953014344
47 135 -0.310289146346972966
47 136 0.103951441791687055
47 137 0.0263852174153481854
47 138 0.0349918419439199171
47 139 -0.0263662423255742254
47 140 0.0563262860109626506
47 141 0.0869648614858207908
47 142 0.0424355951554486258
47 143 -0.077120179745353637
48 28 -0.0532905851532759489
48 29 0.0476314990721963677
48 30 0.188089679531417947
48 33 -0.00481087606608700084
48 35 -0.0720902359015251626
48 36 0.0142687541755633154
48 37 0.0484619503728847753
48 39 0.0132079082079827707
48 40 0.0377725620171021001
48 46 -0.166712196040432581
48 47 0.103293343867978588
48 48 1.84760240449576862
48 49 0.0183175904395593489
48 50 -0.00444219809391941702
48 51 0.00806889651629407595
48 52 0.326256129390400107
48 53 0.723998481547589945
48 54 -0.477820486838253289
48 55 0.185535345468298279
48 56 -0.0180764287060956909
48 57 0.00280467695661056754
48 58 -0.94919520844646732
48 59 -0.0490804026564217316
48 60 -0.217104215882497786
48 61 -0.540835764544321362
48 62 -0.0358609867843460023
48 63 -0.361529060511363354
48 64 0.0699565648310127713
48 65 0.0650493430177550291
48 66 -0.113631864908008431
48 67 -0.552501175900847241
48 68 -0.137874420261406894
48 118 0.1157012335159599
48 121 0.0522391586107156872
48 122 0.0812142289219902752
48 124 -0.454576350754377467
48 128 0.0391342302955774157
48 131 0.0485038308870533938
48 135 0.0105426686807749553
48 139 0.0479779068549989612
48 142 0.0562873649064566731
48 143 -0.202818009262027477
48 467 -0.00641861590621546369
48 468 0.107363829631526297
48 469 0.157085974115041938
48 470 -0.151139789558100979
48 472 0.00909422561345427788
48 476 -0.00548289598924286796
48 479 0.107078278449604936
48 481 0.117230479189595921
48 484 -0.114655554827176584
48 485 0.0133032056689313203
48 530 -0.00800161188672721645
48 531 -0.00118650273372855565
48 532 0.0328125537229850828
48 533 0.00230800128591291667
48 534 0.000943137353871060851
49 28 -0.00373899989599354218
49 46 -0.0109338717010213533
49 47 0.00661279460280009192
49 48 0.0183175904395593489
49 49 0.0110371104879410133
49 50 -0.004728649341140383
49 51 0.000216076054990376777
49 52 0.0052854530785913954
49 53 0.0313266662904609153
49 54 -0.0282910032832923326
49 55 0.00528091292027562179
49 56 -0.00434383383406105553
49 57 -0.000103140642131021172
49 58 -0.0259371051769790792
50 28 -0.0179208672578985428
50 29 0.011780229235820297
50 33 -0.00206247865005827627
50 46 0.0160360536912057955
50 47 -0.0184550451202672577
50 48 -0.00444219809391941702
50 49 -0.004728649341140383
50 50 0.028851916619471972
50 51 -0.00613302869689856273
50 52 0.0547191401022551066
50 53 -0.0610044883438980376
50 54 0.066257140939277509
50 59 -0.0100212828896200992
50 60 -0.0528764421943300825
51 28 0.00703039138810150187
51 46 -0.0156826956518157853
51 47 -0.0212388434574841585
51 48 0.00806889651629407595
51 49 0.000216076054990376777
51 50 -0.00613302869689856273
51 51 0.0318023799694891751
51 52 -0.0265443748106470312
51 53 0.0196217908885266759
51 54 0.0216010593976100895
51 64 0.00110980598276963884
51 65 -0.00044269480519214694
51 66 -0.00401845131687846458
51 67 -0.0153903114588653765
52 28 -0.416871065642005989
52 29 0.11922874210432019
52 30 -0.155558659554914158
52 33 0.000168520113352534084
52 35 0.238061566583502859
52 36 -0.232535889373325755
52 37 0.018250875882528779
52 39 0.0099735432842879973
52 40 -0.140216518851010219
52 46 0.102160114507100094
52 47 0.0510236442021858097
52 48 0.326256129390400107
52 49 0.0052854530785913954
52 50 0.0547191401022551066
52 51 -0.0265443748106470312
52 52 1.93479598762346283
52 53 -0.414412295880110526
52 54 -0.215023082797652532
52 55 0.0821299759509148131
52 56 0.0609540630389880309
52 57 -0.048928735483369741
52 58 -0.395957574031332193
52 59 -0.0920498422764848001
52 60 -0.812361071573018179
52 61 0.551657214678555552
52 62 -0.191323135025559421
52 63 -0.412882725241015602
53 28 0.106083984145535451
53 46 -0.390506514738869881
53 47 0.209424633384506731
53 48 0.723998481547589945
53 49 0.0313266662904609153
53 50 -0.0610044883438980376
53 51 0.0196217908885266759
53 52 -0.414412295880110526
53 53 1.56545082622752751
53 54 -0.871104323757760479
53 55 0.151436440393361349
53 56 -0.0782413865255359442
53 57 0.0328210577310688659
53 58 -0.716452087288517614
53 64 0.0125718262349998108
53 65 0.23438799187351278
53 66 -0.258454766456531371
53 67 0.00854998322724710366
53 68 -0.305497818953113232
54 28 0.0464704827243445986
54 29 0.041749142193798279
54 33 -0.0565246588943747047
54 46 0.22555002739193114
54 47 -0.569487509349620558
54 48 -0.477820486838253289
54 49 -0.0282910032832923326
54 50 0.066257140939277509
54 51 0.0216010593976100895
54 52 -0.215023082797652532
54 53 -0.871104323757760479
54 54 3.31695470815702365
54 59 -0.0126299610942381818
54 60 -0.407145816275725769
54 64 -0.00682094275430018739
54 65 -0.213368726429087024
54 66 0.211469287067359402
54 67 -0.409437864430608867
54 118 0.0337853721478372018
54 121 -0.221325891370748928
54 122 -0.767543124577079516
54 124 0.329524714700326904
54 131 -0.0438989783694498648
54 135 -0.0878232477035275072
54 139 -0.177173230309482788
54 142 -0.227288710222818768
54 143 0.49934562373851249
55 28 -0.0147508309358767714
55 37 0.185182670201443494
55 39 0.0363920288835494071
55 46 -0.0326428293747969139
55 48 0.185535345468298279
55 49 0.00528091292027562179
55 52 0.0821299759509148131
55 53 0.151436440393361349
55 55 1.24666071588281513
55 56 -0.0390839318270438663
55 57 -0.0437556819788223472
55 58 -0.86805107496478473
55 62 -0.599267919726372722
55 63 0.0370666135838347913
55 64 0.0818719115975177769
55 65 0.058786382404043179
55 67 0.0513855182980922087
