% 2604x2604 58740 nonzeros
1 1 4.34912987710852315e-05
1 2 5.58180257048963107e-06
1 3 7.4084775982677282e-06
1 4 -0.000204677773813753667
1 5 -1.649630803758747e-06
1 6 -2.49847004561100887e-06
1 7 -7.1635414419735913e-07
1 8 -0.00015567632637317018
1 9 -2.05968455155951778e-05
1 10 -3.05928301078669471e-05
1 11 1.48003073950173288e-05
1 12 -5.92733624386657088e-06
1 13 -1.46881070572608236e-06
1 14 -6.57622317386633725e-05
1 15 1.13237736598835563e-05
1 16 -3.53841619589292716e-06
1 17 -1.07606998957877892e-06
1 18 -3.98824167427100655e-05
1 19 2.75990166131861393e-05
1 20 -1.85112624941129389e-05
1 21 -6.30184260162898572e-06
1 22 -0.00016323192788189443
1 23 1.93950493416933422e-05
1 24 -6.53893133613560017e-06
1 25 -3.61598178533132718e-06
1 26 -7.01417116614167592e-05
1 27 -1.0233299851587399e-05
2 1 5.58180257048963107e-06
2 2 0.000352754112338204918
2 3 0.000108124254501357268
2 4 -1.32782129587035117e-05
2 5 -1.90246588508193817e-06
2 6 -6.99230182580064594e-07
2 7 -8.29911024452556262e-05
2 8 -2.00043309938538941e-05
2 9 -0.000495783523731723862
2 10 -0.000189131734877287701
2 11 0.000154693289660915091
2 12 -1.43373056470071991e-06
2 13 -0.000152325566823574598
2 14 -0.000289968828474706955
2 28 2.80910008413120148e-05
2 29 3.89277732552951777e-05
2 30 -7.19266374209031852e-05
2 31 -1.53512084023900471e-05
2 32 -2.68198478351495143e-05
2 33 -6.09924764184297683e-06
2 34 -0.000946454161306847222
2 35 -9.66428171427375087e-05
2 36 -0.000159193152818572106
2 37 6.75392814785135711e-05
2 38 -6.36549967040628679e-05
2 39 -1.20131565019634865e-05
2 40 -0.000310490079350797055
2 41 -1.44348761913740881e-05
2 42 -0.000289283302345163379
2 43 -0.000671288239336462677
2 44 -5.03993485194376712e-05
2 45 -0.000464981098780407952
3 1 7.4084775982677282e-06
3 2 0.000108124254501357268
3 3 0.000829947952647717372
3 4 -1.35703238693222541e-05
3 5 -6.3172625279332308e-07
3 6 -4.01103202328542387e-06
3 7 -9.71251542356374751e-05
3 8 -2.63852353389516401e-05
3 9 -0.000161077354790911957
3 10 -0.00090874626391471299
3 15 0.000166462723914630368
3 16 -9.48756477423955249e-07
3 17 -0.000210080084196171053
3 18 -0.000230097322286219565
3 29 0.000211657963299697195
3 30 9.78439970411028553e-05
3 32 -1.25533925188969462e-05
3 34 -0.000243207294527268789
3 36 -0.000422789161792120141
3 41 -0.000463315040213629198
3 42 -0.000826541127394743815
3 43 -0.00037047435388373772
3 93 0.000151185844618048078
3 94 0.000190145558800113945
3 95 -6.89523933894849953e-05
3 96 -0.000667425649140174692
3 97 -0.000398430147116283747
3 98 -0.000574129062469799344
3 99 -0.000460142467034015926
3 100 -0.000263852228006133255
3 105 0.000115806287707218057
3 106 0.000423658255238680331
3 107 -0.00053698963718436135
3 108 -0.000195866947790701037
3 109 -0.000643947206284349702
3 110 -0.000520741630183136489
3 111 -0.000625435460941155827
3 112 -0.000134809487000336111
3 113 -0.000293145862257384985
3 114 -0.000484512595357921585
3 115 -2.28324996251591915e-05
3 116 -1.78834943248440363e-05
4 1 -0.000204677773813753667
4 2 -1.32782129587035117e-05
4 3 -1.35703238693222541e-05
4 4 0.00245324760652776766
4 5 1.32604979122375415e-05
4 6 1.86816694590101996e-05
4 7 -1.5324125847661757e-05
4 8 0.000759987196056415948
4 9 0.000385520941776279014
4 10 -3.20262520331483877e-05
4 11 -0.000109042786756966952
4 12 3.11217136647981855e-05
4 13 -4.44257344577328136e-05
4 14 -0.000173876931712925806
4 15 3.75361140888006841e-05
4 16 2.05081014693820715e-05
4 17 -5.71098259481254367e-05
4 18 0.000252419373382013279
4 19 -0.000145763374733291171
4 20 3.71874400863750923e-05
4 21 -0.000192136154743627097
4 22 -0.000351751156219028192
4 23 4.0609787182173717e-05
4 24 3.10975869226457627e-05
4 25 -0.000159234468467334546
4 26 8.82507411782788029e-05
4 27 -0.000258500346449429903
4 30 0.000124272029654754081
4 34 -0.000321067253874795773
4 42 -0.000410540864790954162
4 43 -0.000489569761149648763
4 45 -0.000398672538292851842
4 94 0.000196876298588014465
4 97 -0.000424109080266717522
4 98 -0.000368570090442852565
4 100 -0.000382933058642072766
4 104 -0.000240420597405388808
4 106 8.70027312303583327e-05
4 109 -0.000278951615214586678
4 112 -4.05942676165348265e-05
4 115 -2.59527850869012899e-05
4 116 -0.000103542982246654556
4 451 0.000209014348750301168
4 452 -0.00041611294582294281
4 453 -0.000266372658522380686
4 454 -0.000275792930604957316
4 456 -0.000167874642333354921
4 459 3.22882603892211644e-05
4 460 -0.000104236410840116467
4 462 -9.27709986348822271e-06
4 464 -2.81735527138661266e-05
4 465 -3.61921290287947898e-06
4 522 1.32345903755106319e-06
4 523 -4.76783592589741456e-06
4 524 -5.57883616990253147e-07
4 525 -8.43687524618191377e-08
4 526 -5.25813913049336891e-08
5 1 -1.649630803758747e-06
5 2 -1.90246588508193817e-06
5 3 -6.3172625279332308e-07
5 4 1.32604979122375415e-05
5 5 5.07416818473135371e-07
5 6 1.72841910912685966e-07
5 7 2.07089834147275171e-07
5 8 6.19489141178484299e-06
5 9 7.37992045526740453e-06
5 10 2.48907095983408925e-06
5 11 -1.14643281777424961e-06
5 12 3.56622973336159489e-07
5 13 4.26783255386884909e-07
5 14 4.80370379161377886e-06
6 1 -2.49847004561100887e-06
6 2 -6.99230182580064594e-07
6 3 -4.01103202328542387e-06
6 4 1.86816694590101996e-05
6 5 1.72841910912685966e-07
6 6 1.27149899275852814e-06
6 7 3.42097693720758091e-07
6 8 9.24976886078262292e-06
6 9 2.48907095983408925e-06
6 10 1.76649583986132234e-05
6 15 -1.01539385135591931e-06
6 16 2.60008718293569356e-07
6 17 5.14635742603216281e-07
6 18 3.66829193926617944e-06
7 1 -7.1635414419735913e-07
7 2 -8.29911024452556262e-05
7 3 -9.71251542356374751e-05
7 4 -1.5324125847661757e-05
7 5 2.07089834147275171e-07
7 6 3.42097693720758091e-07
7 7 7.32193004140876269e-05
7 8 2.48907095983408925e-06
7 9 0.000118454706645578357
7 10 0.000174563466818329871
7 29 -1.21488912684539232e-05
7 30 3.48025623717709671e-06
7 32 6.66294585859888649e-06
7 34 0.000204853271192345556
7 36 4.27416217161028514e-05
7 41 1.04259132035531728e-05
7 42 0.000297005286828134736
7 43 0.000231859183671734997
8 1 -0.00015567632637317018
8 2 -2.00043309938538941e-05
8 3 -2.63852353389516401e-05
8 4 0.000759987196056415948
8 5 6.19489141178484299e-06
8 6 9.24976886078262292e-06
8 7 2.48907095983408925e-06
8 8 0.000575162785470795333
8 9 7.3909578267450268e-05
8 10 0.000107798767994536903
8 11 -4.93637943760133618e-05
8 12 2.04551135443735899e-05
8 13 4.80370379161377886e-06
8 14 0.00021422300435129676
8 15 -3.71815302589268437e-05
8 16 1.23525797282059563e-05
8 17 3.66829193926618029e-06
8 18 0.000133133616152390191
8 19 -8.67978711299409987e-05
8 20 5.47618907485851615e-05
8 21 1.73259859116173922e-05
8 22 0.000455600626685124166
8 23 -6.13128455897858936e-05
8 24 2.20721878209080113e-05
8 25 1.12253440864429863e-05
8 26 0.000224550784989033096
8 27 2.71329854269292726e-05
9 1 -2.05968455155951778e-05
9 2 -0.000495783523731723862
9 3 -0.000161077354790911957
9 4 0.000385520941776279014
9 5 7.37992045526740453e-06
9 6 2.48907095983408925e-06
9 7 0.000118454706645578357
9 8 7.3909578267450268e-05
9 9 0.00146481211686868141
9 10 0.000466069924704830339
9 11 -0.000210220515139162179
9 12 4.80370379161377886e-06
9 13 0.000191893193185232677
9 14 0.000682979381219181014
9 30 -0.000323228278984715811
9 34 0.000744136279830344611
9 42 0.000231859183671734997
9 43 0.00144457825075367864
9 45 0.000312595602216943452
10 1 -3.05928301078669471e-05
10 2 -0.000189131734877287701
10 3 -0.00090874626391471299
10 4 -3.20262520331483877e-05
10 5 2.48907095983408925e-06
10 6 1.76649583986132234e-05
10 7 0.000174563466818329871
10 8 0.000107798767994536903
10 9 0.000466069924704830339
10 10 0.00583115678106357199
10 15 -0.000257821588063754088
10 16 3.66829193926618029e-06
10 17 0.000312916342337774716
10 18 0.000658891335013962959
10 30 -0.00044701156666957626
10 34 0.00023185918367173497
10 42 0.00134752804001321861
10 43 0.00126739501819878551
10 94 -0.000467425777106537802
10 97 0.000313278193746718164
10 98 0.00126495317568110061
10 100 0.00105551745080766221
10 106 -0.000383843059824750111
10 109 0.00109611134517160428
10 112 0.000135717639236107178
10 115 9.37603656709619452e-05
10 116 0.000573975103392119091
11 1 1.48003073950173288e-05
11 2 0.000154693289660915091
11 4 -0.000109042786756966952
11 5 -1.14643281777424961e-06
11 8 -4.93637943760133618e-05
11 9 -0.000210220515139162179
11 11 0.00158196167290552037
11 12 -1.07889533295137119e-05
11 13 -0.00016782444378041282
11 14 -0.000377980865206659447
11 23 0.00020173591657745687
11 24 -2.82230716847611364e-06
11 25 -0.000422697495798333251
11 26 -0.000330382930927147376
11 30 4.96180092812394038e-05
11 34 -0.000331810282909032229
11 37 4.97507721956676617e-05
11 38 -3.77898406467233616e-05
11 40 -0.000460164177551725378
11 43 -0.000257408937678564988
11 44 -0.00063253111587350207
11 45 -0.000335203288104114143
11 370 1.4800307395017339e-05
11 371 0.000154693289660915009
11 372 -0.000109042786756966966
11 373 -1.14643281777425045e-06
11 374 -1.07889533295137187e-05
11 375 -0.000167824443780412765
11 376 -4.93637943760133957e-05
11 377 -0.000210220515139162152
11 378 -0.000377980865206659663
11 383 -2.82230716847611449e-06
11 384 -0.00033038293092714743
11 395 4.96180092812396477e-05
11 397 -3.77898406467233752e-05
11 399 -0.000331810282909031904
11 401 -0.00046016417755172592
11 406 -0.000335203288104114522
11 407 -0.000257408937678564988
11 451 4.14411266466869512e-05
11 452 -0.000412911052828599694
11 453 0.000247722615933755358
11 454 -9.56778789651862243e-05
11 455 -9.56778789651860888e-05
11 459 -0.000169368102681352416
11 460 0.000867306085228551843
11 461 -0.000203001981384309745
11 462 1.88405748157701667e-05
11 463 1.88405748157701396e-05
11 464 4.63390948937200567e-05
11 465 2.98763740493838704e-05
11 466 4.63390948937200025e-05
12 1 -5.92733624386657088e-06
12 2 -1.43373056470071991e-06
12 4 3.11217136647981855e-05
12 5 3.56622973336159489e-07
12 8 2.04551135443735899e-05
12 9 4.80370379161377886e-06
12 11 -1.07889533295137119e-05
12 12 4.31017062309475386e-06
12 13 1.00137874923982504e-06
12 14 5.32519882696736249e-05
12 23 -3.23209097146519082e-06
12 24 8.83452193439623229e-07
12 25 2.47080142715004925e-06
12 26 1.12253440864429863e-05
13 1 -1.46881070572608236e-06
13 2 -0.000152325566823574598
13 4 -4.44257344577328136e-05
13 5 4.26783255386884909e-07
13 8 4.80370379161377886e-06
13 9 0.000191893193185232677
13 11 -0.00016782444378041282
13 12 1.00137874923982504e-06
13 13 0.000177923378882544747
13 14 0.000351389819856322175
13 30 -5.93586839688232118e-05
13 34 0.000348609369790109933
13 37 -3.4655890585259794e-05
13 38 2.37585007153089051e-05
13 40 0.000121132961748657416
13 43 0.000312595602216943561
13 44 4.8977516460737514e-05
13 45 0.000614951001532861377
14 1 -6.57622317386633725e-05
14 2 -0.000289968828474706955
14 4 -0.000173876931712925806
14 5 4.80370379161377886e-06
14 8 0.00021422300435129676
14 9 0.000682979381219181014
14 11 -0.000377980865206659447
14 12 5.32519882696736249e-05
14 13 0.000351389819856322175
14 14 0.0064862502204409778
14 23 -0.000394224106409541645
14 24 1.12253440864429863e-05
14 25 0.000743084601929298481
14 26 0.00108538152684892393
14 30 -0.000446695920662873404
14 34 0.000312595602216943452
14 43 0.0010603567980434778
14 45 0.00134288399927205183
14 451 -0.000377619790078304095
14 452 0.000352607203738010953
14 453 0.000920446551338899451
14 454 0.000579056992224510664
14 459 -0.000145178378963289011
14 460 0.000448641121059896648
14 462 3.52573164224552794e-05
14 464 0.000147490109592223655
14 465 1.49311421244589792e-05
15 1 1.13237736598835563e-05
15 3 0.000166462723914630368
15 4 3.75361140888006841e-05
15 6 -1.01539385135591931e-06
15 8 -3.71815302589268437e-05
15 10 -0.000257821588063754088
15 15 0.000764128248355301588
15 16 -4.70619874603532661e-06
15 17 -0.000212246373350158244
15 18 -0.000775146032128358237
15 19 0.000186813174119835387
15 20 -5.94554792692834692e-06
15 21 -0.000657454998119474249
15 22 -0.00048799286709137735
15 69 1.13237736598835563e-05
15 70 0.00016646272391463026
15 71 3.75361140888005689e-05
15 72 -4.70619874603532577e-06
15 73 -1.01539385135591994e-06
15 74 -0.000212246373350158109
15 75 -3.71815302589268437e-05
15 76 -0.000775146032128358345
15 77 -0.000257821588063753926
15 78 -5.94554792692834692e-06
15 79 -0.000487992867091377729
15 93 0.000106484121850610662
15 94 0.000537736634820865718
15 95 -0.000195088792630866107
15 96 -7.66571263864675569e-05
15 97 -0.00172281504347354263
15 98 -0.000451127769610723734
15 99 -0.000493465948094633732
15 100 -0.000526347998351539819
15 101 -7.66571263864676111e-05
15 102 -0.000451127769610723517
15 103 -0.000526347998351539711
15 104 -0.000621107018144600054
16 1 -3.53841619589292716e-06
16 3 -9.48756477423955249e-07
16 4 2.05081014693820715e-05
16 6 2.60008718293569356e-07
16 8 1.23525797282059563e-05
16 10 3.66829193926618029e-06
16 15 -4.70619874603532661e-06
16 16 1.34107546224580864e-06
16 17 3.81360994739288848e-07
16 18 1.77543526957724083e-05
16 19 -3.5031431452357192e-06
16 20 1.57139623271073814e-06
16 21 2.28398558211201467e-06
16 22 1.73259859116173922e-05
17 1 -1.07606998957877892e-06
17 3 -0.000210080084196171053
17 4 -5.71098259481254367e-05
17 6 5.14635742603216281e-07
17 8 3.66829193926618029e-06
17 10 0.000312916342337774716
17 15 -0.000212246373350158244
17 16 3.81360994739288848e-07
17 17 0.000292095055620479442
17 18 0.000257467810782705669
17 93 -5.39422078197291917e-05
17 94 -0.000141425746669736465
17 95 6.56573995650507492e-05
17 96 8.10668655590158723e-05
17 97 0.000586301790971944636
17 98 0.000691697035960824719
17 99 0.000180131802853377598
17 100 0.000313278193746718164
18 1 -3.98824167427100655e-05
18 3 -0.000230097322286219565
18 4 0.000252419373382013279
18 6 3.66829193926617944e-06
18 8 0.000133133616152390191
18 10 0.000658891335013962959
18 15 -0.000775146032128358237
18 16 1.77543526957724083e-05
18 17 0.000257467810782705669
18 18 0.0026337057985418833
18 19 -0.00029428053129333285
18 20 1.73259859116173922e-05
18 21 0.000571602737007655582
18 22 0.00116331616170315603
18 94 -0.00052649905282112859
18 97 0.0012040334232743268
18 98 0.000313278193746718164
18 100 0.00140851125944397161
18 104 0.000383904649154647045
19 1 2.75990166131861393e-05
19 4 -0.000145763374733291171
19 8 -8.67978711299409987e-05
19 15 0.000186813174119835387
19 16 -3.5031431452357192e-06
19 18 -0.00029428053129333285
19 19 0.00344234464791054722
19 20 -2.53297619473876923e-05
19 21 -0.000237307588979385116
19 22 -7.39269891936879091e-06
19 23 0.000102372031534934334
19 24 -5.70408671044509084e-06
19 26 -0.00033709434597357712
19 27 -0.000222770422097795203
19 69 2.75990166131861291e-05
19 71 -0.000145763374733291198
19 72 -3.50314314523571835e-06
19 75 -8.67978711299409987e-05
19 76 -0.000294280531293333121
19 78 -2.5329761947387672e-05
19 79 -7.39269891936888577e-06
19 88 0.000102372031534934347
19 89 -5.70408671044509592e-06
19 90 -0.000222770422097795149
19 91 -0.000337094345973577337
19 94 2.38559457439368262e-05
19 97 -0.000419440379644247878
19 100 -0.000129617966885873885
19 103 -0.000129617966885873912
19 104 0.000205436823212499554
19 431 6.71259051517572087e-05
19 432 -4.74902209263168128e-05
19 433 -2.48153135232110334e-05
19 434 -6.77130828418071517e-05
19 435 -0.000219853833292955089
19 436 -0.000335257035397482084
19 437 6.58593362825096588e-05
19 440 -2.48153135232110097e-05
19 441 -0.000335257035397481704
19 451 1.93251337830220365e-05
19 452 -0.000324290495179007472
19 454 -7.21472856802428072e-05
19 456 0.000216567519569205017
19 457 -4.3349480305776923e-05
19 514 1.9325133783022233e-05
19 515 -0.000324290495179007472
19 516 0.00021656751956920434
19 517 -7.21472856802429427e-05
19 518 -4.3349480305776923e-05
19 522 -4.22463703085222174e-05
19 523 0.000160590372712768586
19 524 4.13446547949628402e-06
19 525 2.4770096313871856e-06
19 526 1.36237300956807969e-06
19 527 4.13446547949629503e-06
19 528 1.36237300956807842e-06
19 529 1.77556963862329149e-06
20 1 -1.85112624941129389e-05
20 4 3.71874400863750923e-05
20 8 5.47618907485851615e-05
20 15 -5.94554792692834692e-06
20 16 1.57139623271073814e-06
20 18 1.73259859116173922e-05
20 19 -2.53297619473876923e-05
20 20 2.25046127429784132e-05
20 21 7.16879514549727054e-06
20 22 0.000207630004252491957
20 23 -9.14582148674948606e-06
20 24 2.56683096745988164e-06
20 26 2.71329854269292726e-05
20 27 1.16252572497444976e-05
21 1 -6.30184260162898572e-06
21 4 -0.000192136154743627097
21 8 1.73259859116173922e-05
21 15 -0.000657454998119474249
21 16 2.28398558211201467e-06
21 18 0.000571602737007655582
21 19 -0.000237307588979385116
21 20 7.16879514549727054e-06
21 21 0.00149423900041603533
21 22 0.000959027408603744364
21 69 -6.30184260162898741e-06
21 71 -0.000192136154743626988
21 72 2.28398558211201552e-06
21 75 1.73259859116173922e-05
21 76 0.00057160273700765569
21 78 7.16879514549727393e-06
21 79 0.000959027408603745123
21 94 -0.000553095166061534724
21 97 0.00117726179310227068
21 100 0.000383904649154647045
21 103 0.000383904649154647045
21 104 0.00158059507010297503
22 1 -0.00016323192788189443
22 4 -0.000351751156219028192
22 8 0.000455600626685124166
22 15 -0.00048799286709137735
22 16 1.73259859116173922e-05
22 18 0.00116331616170315603
22 19 -7.39269891936879091e-06
22 20 0.000207630004252491957
22 21 0.000959027408603744364
22 22 0.00622866092276749567
22 23 -0.000490423193818091056
22 24 2.71329854269292726e-05
22 26 0.0013132728247291644
22 27 0.00115608482568086996
22 94 -0.000308648098643354624
22 97 0.000383904649154647045
22 100 0.000492281150223324569
22 104 0.000713886411262354631
22 451 -0.000229789104937275468
22 452 0.000314629269427242804
22 454 0.000289025383156679173
22 456 0.000480480096462903401
22 522 -5.66951195160521895e-06
22 523 2.03102354234052513e-05
22 524 2.50563261261785412e-06
22 525 3.463316804854113e-07
22 526 2.18128651114606269e-07
23 1 1.93950493416933422e-05
23 4 4.0609787182173717e-05
23 8 -6.13128455897858936e-05
23 11 0.00020173591657745687
23 12 -3.23209097146519082e-06
23 14 -0.000394224106409541645
23 19 0.000102372031534934334
23 20 -9.14582148674948606e-06
23 22 -0.000490423193818091056
23 23 0.000877156909960065444
23 24 -1.01117434735409463e-05
23 25 -0.000546299773103904552
23 26 -0.00087416253672539931
23 27 -0.000786709295206220165
23 370 1.93950493416933218e-05
23 372 4.06097871821738864e-05
23 374 -3.23209097146519209e-06
23 376 -6.13128455897858258e-05
23 378 -0.000394224106409541808
23 383 -1.01117434735409378e-05
23 384 -0.000874162536725398985
23 385 0.000102372031534934252
23 386 -9.14582148674948437e-06
23 387 -0.000786709295206220057
23 388 -0.000490423193818090948
23 431 7.70034556676461879e-05
23 432 0.000151512273514387729
23 433 -6.62124124128594195e-05
23 434 -3.9793480946408028e-05
23 435 -0.000220793885826902985
23 436 -0.000807490691695683812
23 437 -0.00045164764149264612
23 438 -3.97934809464080009e-05
23 439 -0.000451647641492645903
23 451 0.000530741495395734356
23 452 -0.00087511798020499076
23 453 -0.000479787197181190503
23 454 -0.000276035748671255954
23 455 -0.000276035748671255845
23 456 -0.000349091395785694795
23 457 -9.92242486248354384e-05
23 458 -0.000349091395785694849
24 1 -6.53893133613560017e-06
24 4 3.10975869226457627e-05
24 8 2.20721878209080113e-05
24 11 -2.82230716847611364e-06
24 12 8.83452193439623229e-07
24 14 1.12253440864429863e-05
24 19 -5.70408671044509084e-06
24 20 2.56683096745988164e-06
24 22 2.71329854269292726e-05
24 23 -1.01117434735409463e-05
24 24 3.1794091600252854e-06
24 25 1.65123382117189511e-06
24 26 3.9729919964169729e-05
24 27 4.74178769713570549e-06
25 1 -3.61598178533132718e-06
25 4 -0.000159234468467334546
25 8 1.12253440864429863e-05
25 11 -0.000422697495798333251
25 12 2.47080142715004925e-06
25 14 0.000743084601929298481
25 23 -0.000546299773103904552
25 24 1.65123382117189511e-06
25 25 0.00141868377249667124
25 26 0.000615402250964509835
25 370 -3.61598178533132803e-06
25 372 -0.000159234468467334546
25 374 2.47080142715005052e-06
25 376 1.1225344086442988e-05
25 378 0.000743084601929298915
25 383 1.65123382117189511e-06
25 384 0.000615402250964510052
25 451 -0.000564017797735986526
25 452 0.00124864329365315064
25 453 0.00138239558235833237
25 454 0.000352607203738010953
25 455 0.000352607203738010844
26 1 -7.01417116614167592e-05
26 4 8.82507411782788029e-05
26 8 0.000224550784989033096
26 11 -0.000330382930927147376
26 12 1.12253440864429863e-05
26 14 0.00108538152684892393
26 19 -0.00033709434597357712
26 20 2.71329854269292726e-05
26 22 0.0013132728247291644
26 23 -0.00087416253672539931
26 24 3.9729919964169729e-05
26 25 0.000615402250964509835
26 26 0.00393571134099482151
26 27 0.000849427129991842198
26 451 -0.000591448460934910418
26 452 0.00134788634035045286
26 453 0.000352607203738010953
26 454 0.00106773194604707893
26 456 0.000314629269427242749
27 1 -1.0233299851587399e-05
27 4 -0.000258500346449429903
27 8 2.71329854269292726e-05
27 19 -0.000222770422097795203
27 20 1.16252572497444976e-05
27 22 0.00115608482568086996
27 23 -0.000786709295206220165
27 24 4.74178769713570549e-06
27 26 0.000849427129991842198
27 27 0.00271661968095770773
27 431 -4.50556577793624063e-05
27 432 -0.000340903207832126819
27 433 3.46994916864694469e-05
27 434 6.46558265328634293e-05
27 435 0.000105042450918677439
27 436 0.00101483577741127377
27 437 0.00124761698960160184
27 451 -0.000624546043153887493
27 452 0.0013506015491092805
27 454 0.000314629269427242804
27 456 0.00140020335032265504
27 457 0.000232442258129266627
28 2 2.80910008413120148e-05
28 28 0.000409032344840363224
28 29 0.000136892482929698513
28 30 5.56352246309674847e-05
28 31 -1.55795652408317211e-05
28 32 -6.06937318813789824e-06
28 33 -0.000122702507809842115
28 34 -9.59783154535635749e-05
28 35 -0.000797515537272156612
28 36 -0.000320645867601036523
28 37 0.000179187216668904881
28 38 -1.19540985021907716e-05
28 39 -0.000232759243585758116
28 40 -0.000468404188582996668
28 46 1.07265944811751687e-05
28 47 2.02400923928459063e-05
28 48 -0.000100227422414350055
28 49 -4.47348173732957349e-06
28 50 -9.71090053433883614e-06
28 51 -1.40931854193741287e-06
28 52 -0.000905421846704618097
28 53 -3.82796169035334082e-05
28 54 -7.80376064397096729e-05
28 55 4.70001246232118193e-05
28 56 -2.72099388894483482e-05
28 57 -2.87121331831274993e-06
28 58 -0.000185110650337742908
28 59 -6.60949488370684747e-06
28 60 -0.000316982463971684039
28 61 -0.00073142293893326102
28 62 -3.12976186656304731e-05
28 63 -0.000538463351273163644
29 2 3.89277732552951777e-05
29 3 0.000211657963299697195
29 7 -1.21488912684539232e-05
29 28 0.000136892482929698513
29 29 0.000986088574494479097
29 30 2.84479536291222502e-06
29 31 -5.14372133711855008e-06
29 32 -3.32060223778291974e-05
29 33 -0.000138820292857124594
29 34 -0.000130681432094631022
29 35 -0.000259347434741408396
29 36 -0.000732043738946736846
29 41 -0.000441217182926044145
29 42 -0.000404229818642738974
29 47 0.000226427211103120572
29 48 3.49032849114935687e-05
29 50 -5.64315531436902931e-06
29 52 -0.000256959522458344455
29 54 -0.000392573587517386368
29 59 -0.000389877965304834392
29 60 -0.000845077988290780986
29 61 -0.000330629723359929608
29 105 7.52493628426010008e-05
29 106 0.000179416306754390746
29 107 -0.000188923383328170008
29 108 -0.000816538389218345387
29 109 -0.000497123275049279499
29 110 -0.00015001451814778167
29 111 -0.000406964635539999752
29 112 -9.70428400685313365e-05
29 117 0.000173917766079872494
29 118 0.000335536480275191789
29 119 -0.000487637540391157027
29 120 -0.000130497463796808529
29 121 -0.000428801137013013161
29 122 -0.000538931477518774394
29 123 -0.000676771715725753243
29 124 -0.000182630237631036706
29 125 -0.000326636394501094384
29 126 -0.000466059051746215661
29 127 2.98812119509147192e-05
29 128 4.19290643026428049e-05
30 2 -7.19266374209031852e-05
30 3 9.78439970411028553e-05
30 4 0.000124272029654754081
30 7 3.48025623717709671e-06
30 9 -0.000323228278984715811
30 10 -0.00044701156666957626
30 11 4.96180092812394038e-05
30 13 -5.93586839688232118e-05
30 14 -0.000446695920662873404
30 28 5.56352246309674847e-05
30 29 2.84479536291222502e-06
30 30 0.00136501273129891192
30 31 4.03101377464770515e-05
30 32 5.19415191616608485e-05
30 33 -2.98172663494734988e-05
30 34 0.000668525020422330277
30 35 0.000263606863966026647
30 36 -0.000466496809962816761
30 37 -7.2348879549042586e-05
30 38 2.92584917965615199e-05
30 39 -0.000111803708492740333
30 40 -0.000744212271601040224
30 41 -0.000186646521176769196
30 42 -0.000379470100130695968
30 43 -0.000657978296118398283
30 44 -0.000402706373639009777
30 45 -0.000734708609720169901
30 48 0.000181585808853831953
30 52 -0.000432218054504186864
30 60 -0.000502476007325776994
30 61 -0.000655746328509807918
30 63 -0.000435712276212295324
30 106 0.000190109490715953541
30 109 -0.000388646481426830454
30 110 -0.00033426200089653387
30 112 -0.000248774198041373774
30 116 -4.58493466344679699e-05
30 118 7.30324694024133027e-05
30 121 -0.000241161294723712954
30 124 -3.47359477909552419e-05
30 127 -1.28261960059013514e-05
30 128 -7.37158675633235982e-05
30 459 8.95824156883385657e-05
30 460 -0.000189089963997280579
30 461 -0.000134503913210648441
30 462 -7.10713091020443322e-05
30 464 -1.04792931869715428e-05
30 467 1.32753044101514447e-05
30 468 -4.56967337032955856e-05
30 470 -3.42145380940978927e-06
30 472 -7.84021385635498747e-06
30 473 -7.03843479492627482e-07
31 2 -1.53512084023900471e-05
31 28 -1.55795652408317211e-05
31 29 -5.14372133711855008e-06
31 30 4.03101377464770515e-05
31 31 8.13401162005813164e-06
31 32 2.80134141303974147e-06
31 33 2.86109032044989822e-06
31 34 5.67754000331174825e-05
31 35 5.81044034114653365e-05
31 36 1.96248476374731581e-05
31 37 -8.29414206838775692e-06
31 38 5.56037339757464844e-06
31 39 5.6784893971200791e-06
31 40 3.49361077435824129e-05
32 2 -2.68198478351495143e-05
32 3 -1.25533925188969462e-05
32 7 6.66294585859888649e-06
32 28 -6.06937318813789824e-06
32 29 -3.32060223778291974e-05
32 30 5.19415191616608485e-05
32 31 2.80134141303974147e-06
32 32 2.35061487468988702e-05
32 33 4.71239402248859454e-06
32 34 9.51133565123643305e-05
32 35 1.96248476374731581e-05
32 36 0.000152136797960246526
32 41 1.12349157044392171e-05
32 42 4.27416217161028514e-05
33 2 -6.09924764184297683e-06
33 28 -0.000122702507809842115
33 29 -0.000138820292857124594
33 30 -2.98172663494734988e-05
33 31 2.86109032044989822e-06
33 32 4.71239402248859454e-06
33 33 0.000124829207879565633
33 34 1.96248476374731581e-05
33 35 0.00025289081814397306
33 36 0.000375487683863229369
33 47 -6.1298597780728558e-06
33 48 -1.84500388559592093e-05
33 50 2.44107054549850472e-06
33 52 0.00022390042658890463
33 54 2.1104959639385263e-05
33 59 4.3737496841741385e-06
33 60 0.000343946309615583798
33 61 0.000305813736400317455
34 2 -0.000946454161306847222
34 3 -0.000243207294527268789
34 4 -0.000321067253874795773
34 7 0.000204853271192345556
34 9 0.000744136279830344611
34 10 0.00023185918367173497
34 11 -0.000331810282909032229
34 13 0.000348609369790109933
34 14 0.000312595602216943452
34 28 -9.59783154535635749e-05
34 29 -0.000130681432094631022
34 30 0.000668525020422330277
34 31 5.67754000331174825e-05
34 32 9.51133565123643305e-05
34 33 1.96248476374731581e-05
34 34 0.00329483402697276252
34 35 0.000330681309811546576
34 36 0.000517382700472830172
34 37 -0.000205781436443332741
34 38 0.000196976819801302519
34 39 3.49361077435824129e-05
34 40 0.000876473962096019615
34 41 4.27416217161028514e-05
34 42 0.000790380388357026366
34 43 0.00144025620053383845
34 44 0.00012113296174865743
34 45 0.00115985419941327939
35 2 -9.66428171427375087e-05
35 28 -0.000797515537272156612
35 29 -0.000259347434741408396
35 30 0.000263606863966026647
35 31 5.81044034114653365e-05
35 32 1.96248476374731581e-05
35 33 0.00025289081814397306
35 34 0.000330681309811546576
35 35 0.00264724306395860238
35 36 0.000834548020647099108
35 37 -0.00030647207032136962
35 38 3.49361077435824129e-05
35 39 0.000405999338968660473
35 40 0.0011192002991491732
35 48 -0.000404896255274094798
35 52 0.000972798772240268781
35 60 0.000305813736400317455
35 61 0.00157120854109841753
35 63 0.00039561611091597698
36 2 -0.000159193152818572106
36 3 -0.000422789161792120141
36 7 4.27416217161028514e-05
36 28 -0.000320645867601036523
36 29 -0.000732043738946736846
36 30 -0.000466496809962816761
36 31 1.96248476374731581e-05
36 32 0.000152136797960246526
36 33 0.000375487683863229369
36 34 0.000517382700472830172
36 35 0.000834548020647099108
36 36 0.00714168646566535736
36 41 0.000818558806315287913
36 42 0.00125372540124722731
36 48 -0.000466662555987729772
36 52 0.000305813736400317455
36 60 0.00152314703201084176
36 61 0.00117945446407914656
36 106 -0.000412540027396760889
36 109 0.000357570937906388059
36 110 0.00108966352529705612
36 112 0.000615225203641050914
36 118 -0.000286767697120966639
36 121 0.000900172032090359314
36 124 0.000109316358215854408
36 127 4.63695933831454517e-05
36 128 0.000333991314037647782
37 2 6.75392814785135711e-05
37 11 4.97507721956676617e-05
37 13 -3.4655890585259794e-05
37 28 0.000179187216668904881
37 30 -7.2348879549042586e-05
37 31 -8.29414206838775692e-06
37 34 -0.000205781436443332741
37 35 -0.00030647207032136962
37 37 0.00254065907653746106
37 38 -7.09185070701041952e-05
37 39 -0.000212554597853830703
37 40 -8.13842816937953705e-05
37 44 -0.000480924007957299348
37 45 -0.000428817107004291452
37 48 -3.23268628525123558e-05
37 52 -0.000350030311132448182
37 55 0.00011665176010393382
37 56 -2.14701007817498645e-05
37 58 -0.000493268394262565677
37 61 -0.000212091081686187626
37 62 -0.000538487898426222343
37 63 -0.000210737321477775022
37 371 6.75392814785136253e-05
37 375 -3.46558905852597873e-05
37 394 0.000179187216668904854
37 395 -7.2348879549042586e-05
37 396 -8.29414206838775353e-06
37 397 -7.09185070701043036e-05
37 398 -0.000212554597853830703
37 399 -0.000205781436443332904
37 400 -0.000306472070321369566
37 401 -8.13842816937956957e-05
37 406 -0.000428817107004291777
37 411 -3.23268628525124235e-05
37 413 -2.1470100781749851e-05
37 415 -0.000350030311132448128
37 417 -0.000493268394262565569
37 422 -0.000210737321477775239
37 423 -0.000212091081686187571
37 459 -6.17664258317961125e-05
37 460 -0.000209205625361360962
37 461 0.000465040206354539799
37 462 2.13620415344430701e-06
37 463 2.13620415344430871e-06
37 467 -0.000121023583635565952
37 468 0.000781216056027382003
37 469 -0.000308678089778511612
37 470 -1.37251393145682517e-05
37 471 -1.37251393145682382e-05
37 472 2.91742264413975293e-05
37 473 1.22661566340083107e-05
37 474 2.91742264413975157e-05
38 2 -6.36549967040628679e-05
38 11 -3.77898406467233616e-05
38 13 2.37585007153089051e-05
38 28 -1.19540985021907716e-05
38 30 2.92584917965615199e-05
38 31 5.56037339757464844e-06
38 34 0.000196976819801302519
38 35 3.49361077435824129e-05
38 37 -7.09185070701041952e-05
38 38 7.83611852187397908e-05
38 39 1.29984022647261068e-05
38 40 0.000406394105616231173
38 44 5.52454165836646288e-05
38 45 0.00012113296174865743
39 2 -1.20131565019634865e-05
39 28 -0.000232759243585758116
39 30 -0.000111803708492740333
39 31 5.6784893971200791e-06
39 34 3.49361077435824129e-05
39 35 0.000405999338968660473
39 37 -0.000212554597853830703
39 38 1.29984022647261068e-05
39 39 0.000326753599711319769
39 40 0.000729863575491914839
39 48 -9.18808576763303691e-05
39 52 0.000406056382960774112
39 55 -2.5569314493300646e-05
39 56 1.19289868092949923e-05
39 58 8.21498437408060118e-05
39 61 0.00039561611091597698
39 62 3.15840225770562129e-05
39 63 0.000782922463242204819
40 2 -0.000310490079350797055
40 11 -0.000460164177551725378
40 13 0.000121132961748657416
40 28 -0.000468404188582996668
40 30 -0.000744212271601040224
40 31 3.49361077435824129e-05
40 34 0.000876473962096019615
40 35 0.0011192002991491732
40 37 -8.13842816937953705e-05
40 38 0.000406394105616231173
40 39 0.000729863575491914839
40 40 0.00685531637523930336
40 44 0.00141784440087405067
40 45 0.00147006586760461402
40 48 -0.000409228471213707627
40 52 0.00039561611091597698
40 61 0.000834529749889201819
40 63 0.00128177213894141678
40 459 -0.000166342481624568854
40 460 0.000186763739758762467
40 461 0.00041210496978646375
40 462 0.000138824735058278172
40 467 -5.41289184540096651e-05
40 468 0.000184333979194790151
40 470 1.24932449946118683e-05
40 472 3.45920589054039007e-05
40 473 2.82408012520848615e-06
41 2 -1.44348761913740881e-05
41 3 -0.000463315040213629198
41 7 1.04259132035531728e-05
41 29 -0.000441217182926044145
41 30 -0.000186646521176769196
41 32 1.12349157044392171e-05
41 34 4.27416217161028514e-05
41 36 0.000818558806315287913
41 41 0.0011426769629376719
41 42 0.000781440120016525471
41 105 -0.000133308583114195633
41 106 -0.000489214870061068408
41 107 0.000279072011904699557
41 108 0.000292959140829761669
41 109 0.00124971343133427619
41 110 0.00129695014160198996
41 111 0.000365391920980031725
41 112 0.000357570937906388114
42 2 -0.000289283302345163379
42 3 -0.000826541127394743815
42 4 -0.000410540864790954162
42 7 0.000297005286828134736
42 9 0.000231859183671734997
42 10 0.00134752804001321861
42 29 -0.000404229818642738974
42 30 -0.000379470100130695968
42 32 4.27416217161028514e-05
42 34 0.000790380388357026366
42 36 0.00125372540124722731
42 41 0.000781440120016525471
42 42 0.00508614764031768522
42 43 0.00119445361444154175
42 106 -0.000478470636112504947
42 109 0.00124094565793617584
42 110 0.000357570937906388059
42 112 0.000733271669083186933
42 116 0.000135717639236107178
43 2 -0.000671288239336462677
43 3 -0.00037047435388373772
43 4 -0.000489569761149648763
43 7 0.000231859183671734997
43 9 0.00144457825075367864
43 10 0.00126739501819878551
43 11 -0.000257408937678564988
43 13 0.000312595602216943561
43 14 0.0010603567980434778
43 30 -0.000657978296118398283
43 34 0.00144025620053383845
43 42 0.00119445361444154175
43 43 0.00280738180550842804
43 45 0.000964310033303435112
43 106 -5.43668990009109942e-05
43 109 0.000135717639236107178
43 112 5.42046939987844432e-05
43 116 6.47148520346507369e-05
43 459 -1.2351250296595337e-05
43 460 3.52573164224552794e-05
43 462 7.99938389771183669e-06
43 464 1.04037705446784803e-05
44 2 -5.03993485194376712e-05
44 11 -0.00063253111587350207
44 13 4.8977516460737514e-05
44 30 -0.000402706373639009777
44 34 0.00012113296174865743
44 37 -0.000480924007957299348
44 38 5.52454165836646288e-05
44 40 0.00141784440087405067
44 44 0.00394954090933680602
44 45 0.00135515025977918238
44 371 -5.03993485194376915e-05
44 375 4.89775164607375208e-05
44 395 -0.000402706373639010102
44 397 5.52454165836646898e-05
44 399 0.000121132961748657443
44 401 0.00141784440087405219
44 406 0.00135515025977918412
44 459 -0.000624033993746074978
44 460 0.00129295175869734765
44 461 0.00128054447074324495
44 462 0.00018676373975876244
44 463 0.000186763739758762359
45 2 -0.000464981098780407952
45 4 -0.000398672538292851842
45 9 0.000312595602216943452
45 11 -0.000335203288104114143
45 13 0.000614951001532861377
45 14 0.00134288399927205183
45 30 -0.000734708609720169901
45 34 0.00115985419941327939
45 37 -0.000428817107004291452
45 38 0.00012113296174865743
45 40 0.00147006586760461402
45 43 0.000964310033303435112
45 44 0.00135515025977918238
45 45 0.0054063545797263619
45 459 -0.000234718736768593642
45 460 0.000625596345350530689
45 461 0.000186763739758762467
45 462 0.000209735267724429171
45 464 3.52573164224552794e-05
46 28 1.07265944811751687e-05
46 46 7.45215608412153475e-05
46 47 2.64476992117194002e-05
46 48 -0.000179981697091409942
46 49 -3.93588896074184634e-06
46 50 -1.45195081037703904e-06
46 51 -1.08554162320428004e-05
46 52 -3.96245550280325659e-05
46 53 -0.000251946041560924911
46 54 -9.33296699307384749e-05
46 55 4.5671098088591364e-05
46 56 -2.95777260387899543e-06
46 57 -2.23128417256312823e-05
46 58 -0.000173238414060140596
46 64 6.06175576750916722e-05
46 65 -5.30877657526307944e-05
46 66 -1.94448379951156298e-05
46 67 -0.000347632868218314254
46 68 -4.0342384076016482e-05
47 28 2.02400923928459063e-05
47 29 0.000226427211103120572
47 33 -6.1298597780728558e-06
47 46 2.64476992117194002e-05
47 47 0.000946431924869832485
47 48 0.000132152876349180497
47 49 -1.31088047387721487e-06
47 50 -1.19070915814922419e-05
47 51 -1.50518551276940158e-05
47 52 -7.15267351314713548e-05
47 53 -8.25309885054327253e-05
47 54 -0.00156772481643435713
47 59 -0.000422767158135065805
47 60 -0.000432299629732475885
47 64 0.000228678014024738004
47 65 -1.74872755334839992e-05
47 66 -0.00065873526552506854
47 67 -0.000794910615431362465
47 117 0.000227086394992145749
47 118 0.000399950500246078113
47 119 -0.000144172566610887767
47 120 -0.000630964576637940656
47 121 -0.000586665114846115577
47 122 -0.000923541234998469631
47 123 -0.00063438874543643854
47 124 -0.00027996820612320901
47 129 5.11258681559828692e-05
47 130 6.88915638553580631e-05
47 131 0.000211440146578128292
47 132 -3.61902952146656921e-05
47 133 -5.42190926363460602e-05
47 134 -5.49216962634293595e-06
47 135 -0.00184076957147019855
47 136 -0.00015989264327090824
47 137 -0.000232969048205892699
47 138 -3.00897619560582623e-05
47 139 -0.00084941753971258646
47 140 -3.86200930665181756e-05
47 141 -0.000673091862182005054
47 142 -0.000199850871340368381
47 143 -0.000462876223031298865
48 28 -0.000100227422414350055
48 29 3.49032849114935687e-05
48 30 0.000181585808853831953
48 33 -1.84500388559592093e-05
48 35 -0.000404896255274094798
48 36 -0.000466662555987729772
48 37 -3.23268628525123558e-05
48 39 -9.18808576763303691e-05
48 40 -0.000409228471213707627
48 46 -0.000179981697091409942
48 47 0.000132152876349180497
48 48 0.00239470853319500351
48 49 2.35766085166686636e-05
48 50 4.03235386032350777e-05
48 51 3.6844685218597847e-05
48 52 0.000828227821756435207
48 53 0.000695057517161992711
48 54 -2.05601567712419364e-05
48 55 -3.60943250484928931e-06
48 56 5.58632514399357705e-05
48 57 4.59350388928107654e-05
48 58 -0.000443715722210920858
48 59 -0.000138677518658650073
48 60 -0.000239984442245355271
48 61 -0.000565799615945869906
48 62 -0.000364106166982071833
48 63 -0.000667571088783842632
48 64 -0.000140411304457677176
48 65 3.52261635638110595e-05
48 66 -0.00038784552306425857
48 67 -0.00106219907715837214
48 68 -0.000589959182551408161
48 118 0.000226447182818207196
48 121 -0.000423616529793235789
48 122 -0.000468738066748608658
48 124 -0.000337637560888642775
48 128 -3.26508726542632573e-05
48 131 0.000248517481138044085
48 135 -0.000680131043548756016
48 139 -0.000486588108822566285
48 142 -6.17443080952543026e-05
48 143 -0.000424356377567864154
48 467 0.000123408776074230929
48 468 -0.000189916338866321548
48 469 -0.000255590158095483303
48 470 -0.000116749647860034747
48 472 -3.33242869803597961e-06
48 476 0.000153766325503860822
48 479 -0.000360777945546513705
48 481 -0.000225353522624653104
48 484 -0.000145763832551747547
48 485 -7.8637720432219543e-06
48 530 4.53651207664127072e-06
48 531 -1.92721954046262917e-06
48 532 -1.61246759804678227e-05
48 533 -6.50846285362852561e-07
48 534 -2.7465834290113455e-07
49 28 -4.47348173732957349e-06
49 46 -3.93588896074184634e-06
49 47 -1.31088047387721487e-06
49 48 2.35766085166686636e-05
49 49 1.51035521635736483e-06
49 50 5.16677230830233586e-07
49 51 4.3141269395098157e-07
49 52 1.75005674102167616e-05
49 53 1.48106911612184531e-05
49 54 5.00898533767827464e-06
49 55 -2.36404642867321968e-06
49 56 1.05729779027168354e-06
49 57 8.84179219139192335e-07
49 58 9.58634027483274795e-06
50 28 -9.71090053433883614e-06
50 29 -5.64315531436902931e-06
50 33 2.44107054549850472e-06
50 46 -1.45195081037703904e-06
50 47 -1.19070915814922419e-05
50 48 4.03235386032350777e-05
50 49 5.16677230830233586e-07
50 50 5.45864688818983149e-06
50 51 7.13553366950629273e-07
50 52 3.62924480794090301e-05
50 53 5.00898533767827464e-06
50 54 4.93141906958856731e-05
50 59 3.40034075676648679e-06
50 60 2.1104959639385263e-05
51 28 -1.40931854193741287e-06
51 46 -1.08554162320428004e-05
51 47 -1.50518551276940158e-05
51 48 3.6844685218597847e-05
