% 65x65 1229 nonzeros
1 1 0.450148681230136349
1 2 0.0839211202047290272
1 3 0.0339120767090912156
1 4 0.0566065413289726441
1 5 -0.224721930648353607
1 6 -0.255776327878196041
1 7 0.142298550859346784
1 8 -0.0610907099595148911
1 9 -0.00112958960288493627
1 10 -0.0693572880362772481
1 11 0.0339120767090911462
1 12 -0.255776327878195819
1 13 0.142298550859346645
1 14 -0.0693572880362771371
1 15 0.083921120204729055
1 16 -0.224721930648353579
1 17 0.142298550859346784
1 18 -0.00112958960288493887
1 19 0.0339120767090911948
1 20 -0.255776327878195708
1 21 0.142298550859346562
1 22 -0.0693572880362771926
1 23 0.0839211202047290966
1 24 -0.224721930648353663
1 25 0.142298550859346618
1 26 -0.00112958960288493757
1 27 0.142298550859346645
2 1 0.0839211202047290272
2 2 1.10999880458976152
2 3 0.268437918094752204
2 4 0.186927216707089894
2 5 -0.392618094354581504
2 6 0.137384943144674365
2 7 -0.930302275231045694
2 8 -0.0117952216946189126
2 9 0.378438464455161272
2 10 -0.284771060930383846
2 11 0.268437918094751704
2 12 0.137384943144674282
2 13 -0.930302275231043585
2 14 -0.284771060930383346
2 28 0.451813589025098494
2 29 -0.957695210464515778
2 30 0.583100313085020305
2 31 -0.396690344794158101
2 32 0.583100313085017974
3 1 0.0339120767090912156
3 2 0.268437918094752204
3 3 3.82764120201718594
3 4 0.532756611646362233
3 5 -0.00338256538635419574
3 6 -0.126587625925115271
3 7 -0.882849432747336182
3 8 -0.00418642644290856056
3 9 0.0304588386473611458
3 10 -1.45091677664033325
3 15 0.268437918094752703
3 16 -0.00338256538635436227
3 17 -0.882849432747337848
3 18 0.0304588386473605491
3 28 0.269492765905882337
3 29 -0.138466272440178978
3 30 0.458245657767836989
3 31 -0.237774841184795332
3 33 0.269492765905882892
3 34 -0.138466272440179783
3 35 0.458245657767834991
3 36 -0.237774841184795249
3 38 0.451813589025098494
3 39 -1.51340236690343111
3 40 -0.408208472921758214
3 41 -0.435572973939262365
3 42 -0.435572973939261365
4 1 0.0566065413289726441
4 2 0.186927216707089894
4 3 0.532756611646362233
4 4 0.911363857497346497
4 5 0.00381179089224898109
4 6 -0.0742258249845494378
4 7 -0.271461457000941653
4 8 0.0591611861918298759
4 9 -0.208644656792358774
4 10 -0.490638758787069584
4 11 0.532756611646362344
4 12 -0.07422582498454941
4 13 -0.271461457000941153
4 14 -0.490638758787069973
4 15 0.186927216707090671
4 16 0.0038117908922489464
4 17 -0.271461457000942652
4 18 -0.208644656792359134
4 19 0.532756611646362011
4 20 -0.0742258249845494239
4 21 -0.271461457000942041
4 22 -0.490638758787069418
4 23 0.186927216707090338
4 24 0.00381179089224897892
4 25 -0.271461457000942041
4 26 -0.208644656792358885
4 27 -0.271461457000941597
4 28 0.532756611646361788
4 29 -0.510402527987563026
4 30 0.912855844551232032
4 31 -0.490638758787069418
4 32 0.912855844551231144
4 33 0.532756611646362344
4 34 -0.510402527987564802
4 35 0.912855844551232476
4 36 -0.490638758787069973
4 37 0.912855844551233142
4 38 0.186927216707089949
4 39 -0.510402527987563248
4 40 -0.20864465679235894
4 41 -0.27146145700094193
4 42 -0.271461457000941264
4 43 0.532756611646362122
4 44 -0.510402527987563914
4 45 0.912855844551233586
4 46 -0.490638758787069473
4 47 0.912855844551230478
4 48 0.186927216707090393
4 49 -0.510402527987564358
4 50 -0.208644656792359273
4 51 -0.271461457000941708
4 52 -0.271461457000942374
4 53 0.186927216707089949
4 54 -0.510402527987563248
4 55 -0.208644656792358968
4 56 -0.271461457000942097
4 57 -0.271461457000941153
4 58 0.0566065413289726094
4 59 0.0591611861918298065
4 60 -0.0742258249845493684
4 61 0.00381179089224895898
4 62 0.00381179089224898803
4 63 -0.0742258249845493684
4 64 0.00381179089224898109
4 65 -0.0742258249845493823
5 1 -0.224721930648353607
5 2 -0.392618094354581504
5 3 -0.00338256538635419574
5 4 0.00381179089224898109
5 5 0.855185578375728284
5 6 -0.204080414889769829
5 7 -0.0420394905209857811
5 8 0.0874897575591258303
5 9 0.50347895908624174
5 10 -0.166810559658094965
5 11 -0.00338256538635414022
5 12 -0.204080414889769968
5 13 -0.0420394905209858435
5 14 -0.166810559658095103
6 1 -0.255776327878196041
6 2 0.137384943144674365
6 3 -0.126587625925115271
6 4 -0.0742258249845494378
6 5 -0.204080414889769829
6 6 1.74023617629712057
6 7 -0.61655842585922993
6 8 0.213159859887938175
6 9 -0.446733018217415456
6 10 0.763167574246283342
6 15 0.137384943144674254
6 16 -0.204080414889769524
6 17 -0.616558425859229819
6 18 -0.44673301821741529
7 1 0.142298550859346784
7 2 -0.930302275231045694
7 3 -0.882849432747336182
7 4 -0.271461457000941653
7 5 -0.0420394905209857811
7 6 -0.61655842585922993
7 7 3.20136502195785067
7 8 -0.309242907719533666
7 9 0.0260296746846404997
7 10 0.874696716638138083
7 28 -0.435572973939262031
7 29 0.672992614609119411
7 30 -1.70811828407878785
7 31 0.278762668348026543
8 1 -0.0610907099595148911
8 2 -0.0117952216946189126
8 3 -0.00418642644290856056
8 4 0.0591611861918298759
8 5 0.0874897575591258303
8 6 0.213159859887938175
8 7 -0.309242907719533666
8 8 2.20230073691965389
8 9 -0.299497859603114591
8 10 -0.100141365318010767
8 11 -0.00418642644290843913
8 12 0.213159859887937841
8 13 -0.309242907719533555
8 14 -0.100141365318010947
8 15 -0.011795221694618923
8 16 0.0874897575591258025
8 17 -0.309242907719533611
8 18 -0.299497859603114591
8 19 -0.00418642644290851546
8 20 0.213159859887937897
8 21 -0.309242907719533555
8 22 -0.100141365318010822
8 23 -0.0117952216946190132
8 24 0.0874897575591259691
8 25 -0.309242907719533444
8 26 -0.299497859603114536
8 27 -0.309242907719533611
9 1 -0.00112958960288493627
9 2 0.378438464455161272
9 3 0.0304588386473611458
9 4 -0.208644656792358774
9 5 0.50347895908624174
9 6 -0.446733018217415456
9 7 0.0260296746846404997
9 8 -0.299497859603114591
9 9 2.36692808333549731
9 10 -0.316249422475203379
9 11 0.0304588386473610279
9 12 -0.446733018217415512
9 13 0.0260296746846405205
9 14 -0.316249422475203157
9 28 -0.408208472921757659
9 29 0.38823767806597681
9 30 -0.733714031490346974
9 31 0.160813311679167265
9 32 -0.733714031490347196
10 1 -0.0693572880362772481
10 2 -0.284771060930383846
10 3 -1.45091677664033325
10 4 -0.490638758787069584
10 5 -0.166810559658094965
10 6 0.763167574246283342
10 7 0.874696716638138083
10 8 -0.100141365318010767
10 9 -0.316249422475203379
10 10 1.80382570967703182
10 15 -0.284771060930384734
10 16 -0.166810559658094826
10 17 0.874696716638140193
10 18 -0.316249422475202824
10 28 -0.237774841184794805
10 29 0.278762668348026654
10 30 -1.39591196035885856
10 31 0.230934555826131704
10 33 -0.237774841184795471
10 34 0.27876266834802832
10 35 -1.39591196035885989
10 36 0.230934555826131926
10 38 -0.396690344794158323
10 39 1.25666040886739028
10 40 0.160813311679167237
10 41 0.278762668348027098
10 42 0.278762668348025711
11 1 0.0339120767090911462
11 2 0.268437918094751704
11 4 0.532756611646362344
11 5 -0.00338256538635414022
11 8 -0.00418642644290843913
11 9 0.0304588386473610279
11 11 3.82764120201718727
11 12 -0.126587625925115327
11 13 -0.88284943274733596
11 14 -1.45091677664033414
11 23 0.26843791809475237
11 24 -0.0033825653863541888
11 25 -0.882849432747337071
11 26 0.0304588386473609932
11 28 0.269492765905882059
11 29 -0.138466272440177812
11 31 -0.237774841184794361
11 32 0.458245657767832881
11 43 0.269492765905882781
11 44 -0.138466272440179117
11 45 0.45824565776783821
11 46 -0.237774841184795749
11 48 0.45181358902509916
11 49 -1.5134023669034331
11 50 -0.408208472921758658
11 51 -0.435572973939260644
11 52 -0.435572973939263197
12 1 -0.255776327878195819
12 2 0.137384943144674282
12 4 -0.07422582498454941
12 5 -0.204080414889769968
12 8 0.213159859887937841
12 9 -0.446733018217415512
12 11 -0.126587625925115327
12 12 1.74023617629712035
12 13 -0.616558425859229264
12 14 0.763167574246283564
12 23 0.137384943144674254
12 24 -0.20408041488976994
12 25 -0.616558425859229153
12 26 -0.446733018217415567
13 1 0.142298550859346645
13 2 -0.930302275231043585
13 4 -0.271461457000941153
13 5 -0.0420394905209858435
13 8 -0.309242907719533555
13 9 0.0260296746846405205
13 11 -0.88284943274733596
13 12 -0.616558425859229264
13 13 3.20136502195784711
13 14 0.874696716638137639
13 28 -0.435572973939260422
13 29 0.672992614609115192
13 31 0.278762668348025378
13 32 -1.70811828407878274
14 1 -0.0693572880362771371
14 2 -0.284771060930383346
14 4 -0.490638758787069973
14 5 -0.166810559658095103
14 8 -0.100141365318010947
14 9 -0.316249422475203157
14 11 -1.45091677664033414
14 12 0.763167574246283564
14 13 0.874696716638137639
14 14 1.80382570967703315
14 23 -0.284771060930384456
14 24 -0.166810559658095103
14 25 0.874696716638139748
14 26 -0.316249422475203323
14 28 -0.237774841184794861
14 29 0.2787626683480256
14 31 0.230934555826131482
14 32 -1.39591196035885767
14 43 -0.237774841184795471
14 44 0.278762668348027653
14 45 -1.39591196035886167
14 46 0.230934555826132371
14 48 -0.3966903447941591
14 49 1.25666040886739294
14 50 0.160813311679167625
14 51 0.278762668348026543
14 52 0.278762668348027598
15 1 0.083921120204729055
15 3 0.268437918094752703
15 4 0.186927216707090671
15 6 0.137384943144674254
15 8 -0.011795221694618923
15 10 -0.284771060930384734
15 15 1.10999880458976308
15 16 -0.392618094354581448
15 17 -0.930302275231047249
15 18 0.378438464455161272
15 19 0.268437918094752204
15 20 0.137384943144674254
15 21 -0.930302275231045583
15 22 -0.284771060930384012
15 33 0.451813589025099882
15 34 -0.957695210464519109
15 35 0.58310031308502297
15 36 -0.396690344794159544
15 37 0.583100313085020527
16 1 -0.224721930648353579
16 3 -0.00338256538635436227
16 4 0.0038117908922489464
16 6 -0.204080414889769524
16 8 0.0874897575591258025
16 10 -0.166810559658094826
16 15 -0.392618094354581448
16 16 0.855185578375727951
16 17 -0.0420394905209857811
16 18 0.503478959086241407
16 19 -0.00338256538635425125
16 20 -0.204080414889769801
16 21 -0.0420394905209856562
16 22 -0.166810559658094881
17 1 0.142298550859346784
17 3 -0.882849432747337848
17 4 -0.271461457000942652
17 6 -0.616558425859229819
17 8 -0.309242907719533611
17 10 0.874696716638140193
17 15 -0.930302275231047249
17 16 -0.0420394905209857811
17 17 3.20136502195785511
17 18 0.0260296746846412352
17 33 -0.435572973939263863
17 34 0.672992614609122852
17 35 -1.70811828407879429
17 36 0.278762668348028209
18 1 -0.00112958960288493887
18 3 0.0304588386473605491
18 4 -0.208644656792359134
18 6 -0.44673301821741529
18 8 -0.299497859603114591
18 10 -0.316249422475202824
18 15 0.378438464455161272
18 16 0.503478959086241407
18 17 0.0260296746846412352
18 18 2.3669280833354982
18 19 0.0304588386473608752
18 20 -0.446733018217415179
18 21 0.0260296746846408675
18 22 -0.316249422475202824
18 33 -0.408208472921758214
18 34 0.388237678065977643
18 35 -0.733714031490348084
18 36 0.16081331167916757
18 37 -0.733714031490348417
19 1 0.0339120767090911948
19 4 0.532756611646362011
19 8 -0.00418642644290851546
19 15 0.268437918094752204
19 16 -0.00338256538635425125
19 18 0.0304588386473608752
19 19 3.82764120201718594
19 20 -0.126587625925115355
19 21 -0.882849432747336849
19 22 -1.45091677664033325
19 23 0.268437918094751871
19 24 -0.00338256538635418186
19 26 0.0304588386473607711
19 27 -0.882849432747336071
19 33 0.269492765905882337
19 34 -0.138466272440178728
19 36 -0.237774841184795305
19 37 0.458245657767837045
19 43 0.269492765905882115
19 44 -0.138466272440178506
19 46 -0.237774841184794222
19 47 0.458245657767833992
19 53 0.451813589025098106
19 54 -1.51340236690343088
19 55 -0.408208472921758658
19 56 -0.435572973939262087
19 57 -0.435572973939260588
20 1 -0.255776327878195708
20 4 -0.0742258249845494239
20 8 0.213159859887937897
20 15 0.137384943144674254
20 16 -0.204080414889769801
20 18 -0.446733018217415179
20 19 -0.126587625925115355
20 20 1.74023617629711946
20 21 -0.616558425859229264
20 22 0.763167574246283231
20 23 0.137384943144674171
20 24 -0.204080414889769718
20 26 -0.44673301821741529
20 27 -0.616558425859229153
21 1 0.142298550859346562
21 4 -0.271461457000942041
21 8 -0.309242907719533555
21 15 -0.930302275231045583
21 16 -0.0420394905209856562
21 18 0.0260296746846408675
21 19 -0.882849432747336849
21 20 -0.616558425859229264
21 21 3.20136502195785067
21 22 0.874696716638139082
21 33 -0.435572973939261976
21 34 0.672992614609119744
21 36 0.278762668348026876
21 37 -1.70811828407878896
22 1 -0.0693572880362771926
22 4 -0.490638758787069418
22 8 -0.100141365318010822
22 15 -0.284771060930384012
22 16 -0.166810559658094881
22 18 -0.316249422475202824
22 19 -1.45091677664033325
22 20 0.763167574246283231
22 21 0.874696716638139082
22 22 1.80382570967703137
22 23 -0.28477106093038379
22 24 -0.166810559658094937
22 26 -0.316249422475203046
22 27 0.874696716638138194
22 33 -0.237774841184795138
22 34 0.278762668348027154
22 36 0.230934555826132148
22 37 -1.39591196035885989
22 43 -0.237774841184794944
22 44 0.278762668348026488
22 46 0.230934555826130955
22 47 -1.39591196035885656
22 53 -0.396690344794158434
22 54 1.25666040886739028
22 55 0.160813311679167098
22 56 0.278762668348027209
22 57 0.278762668348025544
23 1 0.0839211202047290966
23 4 0.186927216707090338
23 8 -0.0117952216946190132
23 11 0.26843791809475237
23 12 0.137384943144674254
23 14 -0.284771060930384456
23 19 0.268437918094751871
23 20 0.137384943144674171
23 22 -0.28477106093038379
23 23 1.10999880458976241
23 24 -0.392618094354581615
23 25 -0.93030227523104625
23 26 0.378438464455161383
23 27 -0.930302275231044806
23 43 0.451813589025099716
23 44 -0.957695210464517332
23 45 0.583100313085020971
23 46 -0.396690344794158878
23 47 0.58310031308501975
24 1 -0.224721930648353663
24 4 0.00381179089224897892
24 8 0.0874897575591259691
24 11 -0.0033825653863541888
24 12 -0.20408041488976994
24 14 -0.166810559658095103
24 19 -0.00338256538635418186
24 20 -0.204080414889769718
24 22 -0.166810559658094937
24 23 -0.392618094354581615
24 24 0.855185578375728506
24 25 -0.0420394905209858089
24 26 0.503478959086241629
24 27 -0.0420394905209858852
25 1 0.142298550859346618
25 4 -0.271461457000942041
25 8 -0.309242907719533444
25 11 -0.882849432747337071
25 12 -0.616558425859229153
25 14 0.874696716638139748
25 23 -0.93030227523104625
25 24 -0.0420394905209858089
25 25 3.20136502195785155
25 26 0.0260296746846401875
25 43 -0.435572973939262698
25 44 0.672992614609120743
25 45 -1.70811828407878941
25 46 0.278762668348027431
26 1 -0.00112958960288493757
26 4 -0.208644656792358885
26 8 -0.299497859603114536
26 11 0.0304588386473609932
26 12 -0.446733018217415567
26 14 -0.316249422475203323
26 19 0.0304588386473607711
26 20 -0.44673301821741529
26 22 -0.316249422475203046
26 23 0.378438464455161383
26 24 0.503478959086241629
26 25 0.0260296746846401875
26 26 2.36692808333549776
26 27 0.0260296746846409022
26 43 -0.408208472921757437
26 44 0.388237678065977143
26 45 -0.733714031490348084
26 46 0.160813311679167403
26 47 -0.733714031490346863
27 1 0.142298550859346645
27 4 -0.271461457000941597
27 8 -0.309242907719533611
27 19 -0.882849432747336071
27 20 -0.616558425859229153
27 22 0.874696716638138194
27 23 -0.930302275231044806
27 24 -0.0420394905209858852
27 26 0.0260296746846409022
27 27 3.20136502195784978
27 43 -0.435572973939262198
27 44 0.672992614609118522
27 46 0.278762668348026488
27 47 -1.70811828407878696
28 2 0.451813589025098494
28 3 0.269492765905882337
28 4 0.532756611646361788
28 7 -0.435572973939262031
28 9 -0.408208472921757659
28 10 -0.237774841184794805
28 11 0.269492765905882059
28 13 -0.435572973939260422
28 14 -0.237774841184794861
28 28 3.82764120201718416
28 29 -1.51340236690343088
28 30 0.458245657767836545
28 31 -1.45091677664033325
28 32 0.458245657767834713
28 38 0.268437918094751815
28 39 -0.138466272440178617
28 40 0.0304588386473609793
28 41 -0.882849432747335627
28 48 0.268437918094752148
28 49 -0.138466272440179283
28 50 0.0304588386473605768
28 51 -0.882849432747336849
28 58 0.0339120767090911601
28 59 -0.00418642644290839055
28 60 -0.126587625925115188
28 61 -0.00338256538635423737
28 62 -0.00338256538635421655
29 2 -0.957695210464515778
29 3 -0.138466272440178978
29 4 -0.510402527987563026
29 7 0.672992614609119411
29 9 0.38823767806597681
29 10 0.278762668348026654
29 11 -0.138466272440177812
29 13 0.672992614609115192
29 14 0.2787626683480256
29 28 -1.51340236690343088
29 29 3.03384660238497084
29 30 -1.66191130249838181
29 31 1.25666040886739006
29 32 -1.66191130249837693
30 2 0.583100313085020305
30 3 0.458245657767836989
30 4 0.912855844551232032
30 7 -1.70811828407878785
30 9 -0.733714031490346974
30 10 -1.39591196035885856
30 28 0.458245657767836545
30 29 -1.66191130249838181
30 30 8.00376337059580578
30 31 -1.39591196035885878
30 38 0.583100313085020416
30 39 -1.66191130249838226
30 40 -0.733714031490347751
30 41 -1.70811828407878918
31 2 -0.396690344794158101
31 3 -0.237774841184795332
31 4 -0.490638758787069418
31 7 0.278762668348026543
31 9 0.160813311679167265
31 10 0.230934555826131704
31 11 -0.237774841184794361
31 13 0.278762668348025378
31 14 0.230934555826131482
31 28 -1.45091677664033325
31 29 1.25666040886739006
31 30 -1.39591196035885878
31 31 1.80382570967703137
31 32 -1.39591196035885767
31 38 -0.284771060930384012
31 39 0.27876266834802732
31 40 -0.316249422475202935
31 41 0.87469671663813886
31 48 -0.284771060930383679
31 49 0.27876266834802671
31 50 -0.316249422475202768
31 51 0.874696716638138416
31 58 -0.0693572880362771649
31 59 -0.100141365318011114
31 60 0.763167574246283342
31 61 -0.166810559658094992
31 62 -0.166810559658095076
32 2 0.583100313085017974
32 4 0.912855844551231144
32 9 -0.733714031490347196
32 11 0.458245657767832881
32 13 -1.70811828407878274
32 14 -1.39591196035885767
32 28 0.458245657767834713
32 29 -1.66191130249837693
32 31 -1.39591196035885767
32 32 8.0037633705957969
32 48 0.583100313085019528
32 49 -1.66191130249837937
32 50 -0.733714031490347196
32 51 -1.70811828407878474
33 3 0.269492765905882892
33 4 0.532756611646362344
33 10 -0.237774841184795471
33 15 0.451813589025099882
33 17 -0.435572973939263863
33 18 -0.408208472921758214
33 19 0.269492765905882337
33 21 -0.435572973939261976
33 22 -0.237774841184795138
33 33 3.82764120201718638
33 34 -1.51340236690343422
33 35 0.458245657767836434
33 36 -1.45091677664033414
33 37 0.458245657767837655
33 38 0.268437918094751593
33 39 -0.138466272440177895
33 40 0.0304588386473608336
33 42 -0.882849432747335627
33 53 0.268437918094752148
33 54 -0.138466272440179061
33 55 0.0304588386473607919
33 56 -0.88284943274733696
33 58 0.0339120767090911532
33 59 -0.00418642644290842178
33 61 -0.0033825653863541888
33 63 -0.126587625925115188
33 64 -0.00338256538635421655
34 3 -0.138466272440179783
34 4 -0.510402527987564802
34 10 0.27876266834802832
34 15 -0.957695210464519109
34 17 0.672992614609122852
34 18 0.388237678065977643
34 19 -0.138466272440178728
34 21 0.672992614609119744
34 22 0.278762668348027154
34 33 -1.51340236690343422
34 34 3.03384660238497839
34 35 -1.66191130249838714
34 36 1.25666040886739294
34 37 -1.66191130249838359
35 3 0.458245657767834991
35 4 0.912855844551232476
35 10 -1.39591196035885989
35 15 0.58310031308502297
35 17 -1.70811828407879429
35 18 -0.733714031490348084
35 33 0.458245657767836434
35 34 -1.66191130249838714
35 35 8.00376337059581289
35 36 -1.39591196035885945
35 38 0.58310031308501864
35 39 -1.66191130249837782
35 40 -0.733714031490346641
35 42 -1.7081182840787843
36 3 -0.237774841184795249
36 4 -0.490638758787069973
36 10 0.230934555826131926
36 15 -0.396690344794159544
36 17 0.278762668348028209
36 18 0.16081331167916757
36 19 -0.237774841184795305
36 21 0.278762668348026876
36 22 0.230934555826132148
36 33 -1.45091677664033414
36 34 1.25666040886739294
36 35 -1.39591196035885945
36 36 1.80382570967703226
36 37 -1.39591196035886078
36 38 -0.284771060930383513
36 39 0.278762668348025822
36 40 -0.316249422475202935
36 42 0.874696716638138194
36 53 -0.284771060930384123
36 54 0.278762668348027487
36 55 -0.316249422475202768
36 56 0.874696716638139193
36 58 -0.0693572880362771371
36 59 -0.100141365318010933
36 61 -0.166810559658094881
36 63 0.76316757424628312
36 64 -0.166810559658095048
37 4 0.912855844551233142
37 15 0.583100313085020527
37 18 -0.733714031490348417
37 19 0.458245657767837045
37 21 -1.70811828407878896
37 22 -1.39591196035885989
37 33 0.458245657767837655
37 34 -1.66191130249838359
37 36 -1.39591196035886078
37 37 8.00376337059581289
37 53 0.583100313085020305
37 54 -1.66191130249838248
37 55 -0.733714031490348528
37 56 -1.70811828407878852
38 3 0.451813589025098494
38 4 0.186927216707089949
38 10 -0.396690344794158323
38 28 0.268437918094751815
38 30 0.583100313085020416
38 31 -0.284771060930384012
38 33 0.268437918094751593
38 35 0.58310031308501864
38 36 -0.284771060930383513
38 38 1.10999880458976152
38 39 -0.957695210464516222
38 40 0.378438464455161605
38 41 -0.93030227523104525
38 42 -0.930302275231043918
38 58 0.0839211202047291382
38 59 -0.0117952216946189629
38 60 0.137384943144674199
38 61 -0.392618094354581615
38 63 0.137384943144674171
39 3 -1.51340236690343111
39 4 -0.510402527987563248
39 10 1.25666040886739028
39 28 -0.138466272440178617
39 30 -1.66191130249838226
39 31 0.27876266834802732
39 33 -0.138466272440177895
39 35 -1.66191130249837782
39 36 0.278762668348025822
39 38 -0.957695210464516222
39 39 3.03384660238497084
39 40 0.388237678065976588
39 41 0.672992614609119744
39 42 0.672992614609116524
40 3 -0.408208472921758214
40 4 -0.20864465679235894
40 10 0.160813311679167237
40 28 0.0304588386473609793
40 30 -0.733714031490347751
40 31 -0.316249422475202935
40 33 0.0304588386473608336
40 35 -0.733714031490346641
40 36 -0.316249422475202935
40 38 0.378438464455161605
40 39 0.388237678065976588
40 40 2.3669280833354982
40 41 0.0260296746846407911
40 42 0.0260296746846405934
40 58 -0.00112958960288498137
40 59 -0.29949785960311448
40 60 -0.446733018217415512
40 61 0.503478959086241407
40 63 -0.446733018217415456
41 3 -0.435572973939262365
41 4 -0.27146145700094193
41 10 0.278762668348027098
41 28 -0.882849432747335627
41 30 -1.70811828407878918
41 31 0.87469671663813886
41 38 -0.93030227523104525
41 39 0.672992614609119744
41 40 0.0260296746846407911
41 41 3.20136502195784978
41 58 0.142298550859346645
41 59 -0.3092429077195335
41 60 -0.616558425859229264
41 61 -0.0420394905209858644
42 3 -0.435572973939261365
42 4 -0.271461457000941264
42 10 0.278762668348025711
42 33 -0.882849432747335627
42 35 -1.7081182840787843
42 36 0.874696716638138194
42 38 -0.930302275231043918
42 39 0.672992614609116524
42 40 0.0260296746846405934
42 42 3.20136502195784711
42 58 0.14229855085934659
42 59 -0.3092429077195335
42 61 -0.0420394905209858852
42 63 -0.616558425859229042
43 4 0.532756611646362122
43 11 0.269492765905882781
43 14 -0.237774841184795471
43 19 0.269492765905882115
43 22 -0.237774841184794944
43 23 0.451813589025099716
43 25 -0.435572973939262698
43 26 -0.408208472921757437
43 27 -0.435572973939262198
43 43 3.82764120201718683
43 44 -1.51340236690343333
43 45 0.4582456577678371
43 46 -1.45091677664033392
43 47 0.45824565776783549
43 48 0.268437918094752426
43 49 -0.138466272440178784
43 50 0.0304588386473608752
43 52 -0.882849432747337515
43 53 0.26843791809475176
43 54 -0.138466272440178423
43 55 0.0304588386473609168
43 57 -0.882849432747335516
43 58 0.0339120767090911601
43 59 -0.00418642644290841137
43 62 -0.00338256538635422349
43 64 -0.0033825653863541888
43 65 -0.126587625925115188
44 4 -0.510402527987563914
44 11 -0.138466272440179117
44 14 0.278762668348027653
44 19 -0.138466272440178506
44 22 0.278762668348026488
44 23 -0.957695210464517332
44 25 0.672992614609120743
44 26 0.388237678065977143
44 27 0.672992614609118522
44 43 -1.51340236690343333
44 44 3.03384660238497439
44 45 -1.66191130249838448
44 46 1.25666040886739161
44 47 -1.66191130249837893
45 4 0.912855844551233586
45 11 0.45824565776783821
45 14 -1.39591196035886167
45 23 0.583100313085020971
45 25 -1.70811828407878941
45 26 -0.733714031490348084
45 43 0.4582456577678371
45 44 -1.66191130249838448
45 45 8.00376337059581999
45 46 -1.39591196035886167
45 48 0.583100313085021971
45 49 -1.66191130249838692
45 50 -0.733714031490348861
45 52 -1.70811828407879185
46 4 -0.490638758787069473
46 11 -0.237774841184795749
46 14 0.230934555826132371
46 19 -0.237774841184794222
46 22 0.230934555826130955
46 23 -0.396690344794158878
46 25 0.278762668348027431
46 26 0.160813311679167403
46 27 0.278762668348026488
46 43 -1.45091677664033392
46 44 1.25666040886739161
46 45 -1.39591196035886167
46 46 1.80382570967703137
46 47 -1.3959119603588559
46 48 -0.284771060930384456
46 49 0.27876266834802782
46 50 -0.316249422475203101
46 52 0.87469671663813986
46 53 -0.284771060930383235
46 54 0.278762668348025655
46 55 -0.316249422475203157
46 57 0.874696716638137084
46 58 -0.0693572880362771649
46 59 -0.1001413653180111
46 62 -0.166810559658095131
46 64 -0.166810559658095103
46 65 0.763167574246283564
47 4 0.912855844551230478
47 19 0.458245657767833992
47 22 -1.39591196035885656
47 23 0.58310031308501975
47 26 -0.733714031490346863
47 27 -1.70811828407878696
47 43 0.45824565776783549
47 44 -1.66191130249837893
47 46 -1.3959119603588559
47 47 8.0037633705957969
47 53 0.583100313085018751
47 54 -1.66191130249837804
47 55 -0.733714031490346308
47 57 -1.7081182840787843
48 4 0.186927216707090393
48 11 0.45181358902509916
48 14 -0.3966903447941591
48 28 0.268437918094752148
48 31 -0.284771060930383679
48 32 0.583100313085019528
48 43 0.268437918094752426
48 45 0.583100313085021971
48 46 -0.284771060930384456
48 48 1.10999880458976241
48 49 -0.95769521046451811
48 50 0.378438464455161439
48 51 -0.93030227523104414
48 52 -0.930302275231046694
48 58 0.0839211202047291244
48 59 -0.0117952216946191329
48 60 0.137384943144674282
48 62 -0.392618094354581837
48 65 0.137384943144674282
49 4 -0.510402527987564358
49 11 -1.5134023669034331
49 14 1.25666040886739294
49 28 -0.138466272440179283
49 31 0.27876266834802671
49 32 -1.66191130249837937
49 43 -0.138466272440178784
49 45 -1.66191130249838692
49 46 0.27876266834802782
49 48 -0.95769521046451811
49 49 3.03384660238497617
49 50 0.388237678065977088
49 51 0.672992614609117523
49 52 0.67299261460912152
50 4 -0.208644656792359273
50 11 -0.408208472921758658
50 14 0.160813311679167625
50 28 0.0304588386473605768
50 31 -0.316249422475202768
50 32 -0.733714031490347196
50 43 0.0304588386473608752
50 45 -0.733714031490348861
50 46 -0.316249422475203101
50 48 0.378438464455161439
50 49 0.388237678065977088
50 50 2.36692808333549909
50 51 0.0260296746846409924
50 52 0.026029674684640982
50 58 -0.00112958960288489941
50 59 -0.299497859603114425
50 60 -0.446733018217415678
50 62 0.503478959086241629
50 65 -0.446733018217415678
51 4 -0.271461457000941708
51 11 -0.435572973939260644
51 14 0.278762668348026543
51 28 -0.882849432747336849
51 31 0.874696716638138416
51 32 -1.70811828407878474
51 48 -0.93030227523104414
51 49 0.672992614609117523
51 50 0.0260296746846409924
51 51 3.20136502195784711
51 58 0.14229855085934659
51 59 -0.309242907719533666
51 60 -0.616558425859229375
51 62 -0.0420394905209857395
52 4 -0.271461457000942374
52 11 -0.435572973939263197
52 14 0.278762668348027598
52 43 -0.882849432747337515
52 45 -1.70811828407879185
52 46 0.87469671663813986
52 48 -0.930302275231046694
52 49 0.67299261460912152
52 50 0.026029674684640982
52 52 3.20136502195785466
52 58 0.142298550859346756
52 59 -0.309242907719533611
52 62 -0.0420394905209858852
52 65 -0.616558425859229708
53 4 0.186927216707089949
53 19 0.451813589025098106
53 22 -0.396690344794158434
53 33 0.268437918094752148
53 36 -0.284771060930384123
53 37 0.583100313085020305
53 43 0.26843791809475176
53 46 -0.284771060930383235
53 47 0.583100313085018751
53 53 1.10999880458976175
53 54 -0.957695210464516444
53 55 0.378438464455161383
53 56 -0.930302275231045694
53 57 -0.930302275231043918
53 58 0.0839211202047290689
53 59 -0.0117952216946189212
53 63 0.137384943144674504
53 64 -0.392618094354581615
53 65 0.137384943144674337
54 4 -0.510402527987563248
54 19 -1.51340236690343088
54 22 1.25666040886739028
54 33 -0.138466272440179061
54 36 0.278762668348027487
54 37 -1.66191130249838248
54 43 -0.138466272440178423
54 46 0.278762668348025655
54 47 -1.66191130249837804
54 53 -0.957695210464516444
54 54 3.03384660238497172
54 55 0.388237678065976366
54 56 0.672992614609119855
54 57 0.672992614609117079
55 4 -0.208644656792358968
55 19 -0.408208472921758658
55 22 0.160813311679167098
55 33 0.0304588386473607919
55 36 -0.316249422475202768
55 37 -0.733714031490348528
55 43 0.0304588386473609168
55 46 -0.316249422475203157
55 47 -0.733714031490346308
55 53 0.378438464455161383
55 54 0.388237678065976366
55 55 2.3669280833354982
55 56 0.0260296746846412873
55 57 0.0260296746846409924
55 58 -0.00112958960288500132
55 59 -0.299497859603114591
55 63 -0.446733018217415678
55 64 0.503478959086241851
55 65 -0.446733018217415567
56 4 -0.271461457000942097
56 19 -0.435572973939262087
56 22 0.278762668348027209
56 33 -0.88284943274733696
56 36 0.874696716638139193
56 37 -1.70811828407878852
56 53 -0.930302275231045694
56 54 0.672992614609119855
56 55 0.0260296746846412873
56 56 3.20136502195785067
56 58 0.142298550859346701
56 59 -0.309242907719533555
56 63 -0.616558425859230042
56 64 -0.0420394905209855868
57 4 -0.271461457000941153
57 19 -0.435572973939260588
57 22 0.278762668348025544
57 43 -0.882849432747335516
57 46 0.874696716638137084
57 47 -1.7081182840787843
57 53 -0.930302275231043918
57 54 0.672992614609117079
57 55 0.0260296746846409924
57 57 3.20136502195784622
57 58 0.142298550859346534
57 59 -0.309242907719533444
57 64 -0.0420394905209856215
57 65 -0.616558425859229153
58 4 0.0566065413289726094
58 28 0.0339120767090911601
58 31 -0.0693572880362771649
58 33 0.0339120767090911532
58 36 -0.0693572880362771371
58 38 0.0839211202047291382
58 40 -0.00112958960288498137
58 41 0.142298550859346645
58 42 0.14229855085934659
58 43 0.0339120767090911601
58 46 -0.0693572880362771649
58 48 0.0839211202047291244
58 50 -0.00112958960288489941
58 51 0.14229855085934659
58 52 0.142298550859346756
58 53 0.0839211202047290689
58 55 -0.00112958960288500132
58 56 0.142298550859346701
58 57 0.142298550859346534
58 58 0.450148681230136627
58 59 -0.0610907099595145719
58 60 -0.25577632787819593
58 61 -0.224721930648353774
58 62 -0.224721930648353718
58 63 -0.25577632787819593
58 64 -0.224721930648353663
58 65 -0.25577632787819593
59 4 0.0591611861918298065
59 28 -0.00418642644290839055
59 31 -0.100141365318011114
59 33 -0.00418642644290842178
59 36 -0.100141365318010933
59 38 -0.0117952216946189629
59 40 -0.29949785960311448
59 41 -0.3092429077195335
59 42 -0.3092429077195335
59 43 -0.00418642644290841137
59 46 -0.1001413653180111
59 48 -0.0117952216946191329
59 50 -0.299497859603114425
59 51 -0.309242907719533666
59 52 -0.309242907719533611
59 53 -0.0117952216946189212
59 55 -0.299497859603114591
59 56 -0.309242907719533555
59 57 -0.309242907719533444
59 58 -0.0610907099595145719
59 59 2.20230073691965389
59 60 0.213159859887937675
59 61 0.0874897575591259413
59 62 0.0874897575591262744
59 63 0.213159859887937925
59 64 0.0874897575591258858
59 65 0.213159859887937647
60 4 -0.0742258249845493684
60 28 -0.126587625925115188
60 31 0.763167574246283342
60 38 0.137384943144674199
60 40 -0.446733018217415512
60 41 -0.616558425859229264
60 48 0.137384943144674282
60 50 -0.446733018217415678
60 51 -0.616558425859229375
60 58 -0.25577632787819593
60 59 0.213159859887937675
60 60 1.7402361762971208
60 61 -0.204080414889769857
60 62 -0.204080414889769995
61 4 0.00381179089224895898
61 28 -0.00338256538635423737
61 31 -0.166810559658094992
61 33 -0.0033825653863541888
61 36 -0.166810559658094881
61 38 -0.392618094354581615
61 40 0.503478959086241407
61 41 -0.0420394905209858644
61 42 -0.0420394905209858852
61 58 -0.224721930648353774
61 59 0.0874897575591259413
61 60 -0.204080414889769857
61 61 0.855185578375728506
61 63 -0.204080414889769746
62 4 0.00381179089224898803
62 28 -0.00338256538635421655
62 31 -0.166810559658095076
62 43 -0.00338256538635422349
62 46 -0.166810559658095131
62 48 -0.392618094354581837
62 50 0.503478959086241629
62 51 -0.0420394905209857395
62 52 -0.0420394905209858852
62 58 -0.224721930648353718
62 59 0.0874897575591262744
62 60 -0.204080414889769995
62 62 0.85518557837572895
62 65 -0.204080414889769995
63 4 -0.0742258249845493684
63 33 -0.126587625925115188
63 36 0.76316757424628312
63 38 0.137384943144674171
63 40 -0.446733018217415456
63 42 -0.616558425859229042
63 53 0.137384943144674504
63 55 -0.446733018217415678
63 56 -0.616558425859230042
63 58 -0.25577632787819593
63 59 0.213159859887937925
63 61 -0.204080414889769746
63 63 1.7402361762971208
63 64 -0.204080414889770079
64 4 0.00381179089224898109
64 33 -0.00338256538635421655
64 36 -0.166810559658095048
64 43 -0.0033825653863541888
64 46 -0.166810559658095103
64 53 -0.392618094354581615
64 55 0.503478959086241851
64 56 -0.0420394905209855868
64 57 -0.0420394905209856215
64 58 -0.224721930648353663
64 59 0.0874897575591258858
64 63 -0.204080414889770079
64 64 0.855185578375728728
64 65 -0.204080414889770106
65 4 -0.0742258249845493823
65 43 -0.126587625925115188
65 46 0.763167574246283564
65 48 0.137384943144674282
65 50 -0.446733018217415678
65 52 -0.616558425859229708
65 53 0.137384943144674337
65 55 -0.446733018217415567
65 57 -0.616558425859229153
65 58 -0.25577632787819593
65 59 0.213159859887937647
65 62 -0.204080414889769995
65 64 -0.204080414889770106
65 65 1.74023617629712102
