% 65x65 1229 nonzeros
1 1 0.0128476376149479835
1 2 0.00338946301802798503
1 3 0.00131967998092855977
1 4 0.0144095929129808217
1 5 -0.00677934078993999018
1 6 -0.00999394881152939132
1 7 -0.00434245270394771534
1 8 -0.0285147018269814936
1 9 -0.00982009113332715788
1 10 -0.010913483906159838
1 11 0.00131967998092855955
1 12 -0.00999394881152938785
1 13 -0.00434245270394771621
1 14 -0.0109134839061598363
1 15 0.00338946301802798503
1 16 -0.00677934078993999018
1 17 -0.00434245270394771794
1 18 -0.00982009113332715788
1 19 0.00131967998092856064
1 20 -0.00999394881152938959
1 21 -0.00434245270394771621
1 22 -0.010913483906159838
1 23 0.00338946301802798503
1 24 -0.00677934078993999018
1 25 -0.00434245270394771447
1 26 -0.00982009113332715788
1 27 -0.00434245270394771794
2 1 0.00338946301802798503
2 2 0.0114414103621404833
2 3 0.000120025437066505496
2 4 0.00726976358323075389
2 5 -0.00584200847605334528
2 6 -0.00377818972428259738
2 7 -0.0127688111446587222
2 8 -0.00859529847219477408
2 9 -0.00766835281614809509
2 10 -0.00805484159030787732
2 11 0.00012002543706651032
2 12 -0.00377818972428259781
2 13 -0.0127688111446587309
2 14 -0.00805484159030787905
2 28 -0.00145121885062222023
2 29 -0.0149059599931187694
2 30 -0.00847750971461450412
2 31 -0.00617425078934056258
2 32 -0.00847750971461451279
3 1 0.00131967998092855977
3 2 0.000120025437066505496
3 3 0.0836454877857760598
3 4 0.00627440228231213211
3 5 -0.00233919021320353523
3 6 -0.000677234567133498016
3 7 0.000568547578566035985
3 8 -0.00744223075438328781
3 9 -0.0084047507233272218
3 10 0.00231929577013885967
3 15 0.000120025437066508369
3 16 -0.00233919021320353696
3 17 0.000568547578566027962
3 18 -0.00840475072332723047
3 28 -0.00710424715221254915
3 29 -0.00646145758111208238
3 30 0.00743659545593442113
3 31 -0.0052171103650667924
3 33 -0.00710424715221255783
3 34 -0.00646145758111209365
3 35 0.00743659545593440725
3 36 -0.00521711036506680281
3 38 -0.00145121885062223085
3 39 0.00565907507397899433
3 40 -0.0087775444218897436
3 41 -0.00613376101862941198
3 42 -0.00613376101862942585
4 1 0.0144095929129808217
4 2 0.00726976358323075389
4 3 0.00627440228231213211
4 4 0.0720609142898525623
4 5 -0.00788925007022576313
4 6 -0.0113402173091348875
4 7 -0.015374122981299955
4 8 -0.0367238575964216746
4 9 -0.0285574887465454008
4 10 -0.0280319772641868283
4 11 0.00627440228231214512
4 12 -0.0113402173091348875
4 13 -0.0153741229812999602
4 14 -0.0280319772641868525
4 15 0.00726976358323075476
4 16 -0.00788925007022576313
4 17 -0.0153741229812999723
4 18 -0.0285574887465454147
4 19 0.00627440228231212951
4 20 -0.0113402173091348875
4 21 -0.0153741229812999619
4 22 -0.0280319772641868213
4 23 0.00726976358323075562
4 24 -0.00788925007022576313
4 25 -0.0153741229812999688
4 26 -0.0285574887465454147
4 27 -0.0153741229812999584
4 28 0.00627440228231213645
4 29 -0.0168850616287539446
4 30 -0.0113449947371018125
4 31 -0.0280319772641868387
4 32 -0.011344994737101842
4 33 0.00627440228231213471
4 34 -0.016885061628753955
4 35 -0.011344994737101835
4 36 -0.0280319772641868387
4 37 -0.0113449947371018142
4 38 0.00726976358323074782
4 39 -0.0168850616287539272
4 40 -0.0285574887465454078
4 41 -0.015374122981299948
4 42 -0.0153741229812999654
4 43 0.00627440228231213298
4 44 -0.0168850616287539584
4 45 -0.0113449947371018454
4 46 -0.0280319772641868387
4 47 -0.0113449947371018073
4 48 0.00726976358323076256
4 49 -0.0168850616287539793
4 50 -0.0285574887465454355
4 51 -0.0153741229812999775
4 52 -0.0153741229812999723
4 53 0.00726976358323074175
4 54 -0.0168850616287539099
4 55 -0.0285574887465454043
4 56 -0.0153741229812999636
4 57 -0.0153741229812999446
4 58 0.01440959291298082
4 59 -0.0367238575964216815
4 60 -0.0113402173091348892
4 61 -0.00788925007022576487
4 62 -0.00788925007022576834
4 63 -0.0113402173091348875
4 64 -0.00788925007022576487
4 65 -0.0113402173091348892
5 1 -0.00677934078993999018
5 2 -0.00584200847605334528
5 3 -0.00233919021320353523
5 4 -0.00788925007022576313
5 5 0.0148654092103053317
5 6 0.00548269322359654868
5 7 0.00661121918292678634
5 8 0.0194649637820896344
5 9 0.0219145491043543986
5 10 0.00675206665137571306
5 11 -0.0023391902132035361
5 12 0.00548269322359655129
5 13 0.00661121918292678721
5 14 0.00675206665137571393
6 1 -0.00999394881152939132
6 2 -0.00377818972428259738
6 3 -0.000677234567133498016
6 4 -0.0113402173091348875
6 5 0.00548269322359654868
6 6 0.0316127557470564091
6 7 0.00948921820508490978
6 8 0.0240607628242849106
6 9 0.00675206665137571306
6 10 0.031003269127838011
6 15 -0.00377818972428259911
6 16 0.00548269322359655215
6 17 0.00948921820508491498
6 18 0.0067520666513757148
7 1 -0.00434245270394771534
7 2 -0.0127688111446587222
7 3 0.000568547578566035985
7 4 -0.015374122981299955
7 5 0.00661121918292678634
7 6 0.00948921820508490978
7 7 0.06224123676499424
7 8 0.00675206665137571219
7 9 0.0334275725232039203
7 10 0.0327277542571652313
7 28 -0.00613376101862942412
7 29 0.0178123289648082946
7 30 0.0218444332318131346
7 31 0.00737810823467471063
8 1 -0.0285147018269814936
8 2 -0.00859529847219477408
8 3 -0.00744223075438328781
8 4 -0.0367238575964216746
8 5 0.0194649637820896344
8 6 0.0240607628242849106
8 7 0.00675206665137571219
8 8 0.135399713566218993
8 9 0.0233266459082924239
8 10 0.0232072960183348082
8 11 -0.00744223075438328607
8 12 0.0240607628242849071
8 13 0.0067520666513757148
8 14 0.0232072960183348082
8 15 -0.00859529847219477755
8 16 0.0194649637820896379
8 17 0.0067520666513757148
8 18 0.0233266459082924274
8 19 -0.00744223075438328781
8 20 0.0240607628242849071
8 21 0.00675206665137571393
8 22 0.0232072960183348082
8 23 -0.00859529847219477755
8 24 0.0194649637820896379
8 25 0.00675206665137571133
8 26 0.0233266459082924274
8 27 0.00675206665137571566
9 1 -0.00982009113332715788
9 2 -0.00766835281614809509
9 3 -0.0084047507233272218
9 4 -0.0285574887465454008
9 5 0.0219145491043543986
9 6 0.00675206665137571306
9 7 0.0334275725232039203
9 8 0.0233266459082924239
9 9 0.0943248290985004012
9 10 0.0187890097412197615
9 11 -0.00840475072332722527
9 12 0.0067520666513757148
9 13 0.0334275725232039342
9 14 0.0187890097412197685
9 28 -0.00877754442188974013
9 29 0.0365689956319379256
9 30 0.00737810823467471063
9 31 0.0151473739531111668
9 32 0.0073781082346747193
10 1 -0.010913483906159838
10 2 -0.00805484159030787732
10 3 0.00231929577013885967
10 4 -0.0280319772641868283
10 5 0.00675206665137571306
10 6 0.031003269127838011
10 7 0.0327277542571652313
10 8 0.0232072960183348082
10 9 0.0187890097412197615
10 10 0.062799262455200705
10 15 -0.00805484159030788426
10 16 0.0067520666513757148
10 17 0.0327277542571652591
10 18 0.0187890097412197823
10 28 -0.00521711036506679326
10 29 0.00737810823467471063
10 30 0.0183679937349877954
10 31 0.00611222499091775527
10 33 -0.00521711036506680541
10 34 0.00737810823467472364
10 35 0.0183679937349878336
10 36 0.00611222499091776915
10 38 -0.0061742507893405487
10 39 0.0313624083668395254
10 40 0.0151473739531111616
10 41 0.00737810823467469935
10 42 0.00737810823467471757
11 1 0.00131967998092855955
11 2 0.00012002543706651032
11 4 0.00627440228231214512
11 5 -0.0023391902132035361
11 8 -0.00744223075438328607
11 9 -0.00840475072332722527
11 11 0.0836454877857760737
11 12 -0.000677234567133498016
11 13 0.000568547578566025251
11 14 0.00231929577013884492
11 23 0.000120025437066510862
11 24 -0.00233919021320353566
11 25 0.000568547578566023191
11 26 -0.00840475072332723221
11 28 -0.00710424715221255089
11 29 -0.00646145758111209279
11 31 -0.00521711036506680801
11 32 0.00743659545593437082
11 43 -0.00710424715221256303
11 44 -0.00646145758111210406
11 45 0.00743659545593440552
11 46 -0.00521711036506680888
11 48 -0.00145121885062222326
11 49 0.00565907507397897178
11 50 -0.00877754442188975748
11 51 -0.00613376101862943973
11 52 -0.00613376101862943106
12 1 -0.00999394881152938785
12 2 -0.00377818972428259781
12 4 -0.0113402173091348875
12 5 0.00548269322359655129
12 8 0.0240607628242849071
12 9 0.0067520666513757148
12 11 -0.000677234567133498016
12 12 0.0316127557470564091
12 13 0.00948921820508490978
12 14 0.0310032691278380075
12 23 -0.00377818972428259695
12 24 0.00548269322359654955
12 25 0.00948921820508490631
12 26 0.00675206665137571133
13 1 -0.00434245270394771621
13 2 -0.0127688111446587309
13 4 -0.0153741229812999602
13 5 0.00661121918292678721
13 8 0.0067520666513757148
13 9 0.0334275725232039342
13 11 0.000568547578566025251
13 12 0.00948921820508490978
13 13 0.0622412367649942816
13 14 0.0327277542571652452
13 28 -0.00613376101862942585
13 29 0.0178123289648083119
13 31 0.00737810823467471844
13 32 0.0218444332318131519
14 1 -0.0109134839061598363
14 2 -0.00805484159030787905
14 4 -0.0280319772641868525
14 5 0.00675206665137571393
14 8 0.0232072960183348082
14 9 0.0187890097412197685
14 11 0.00231929577013884492
14 12 0.0310032691278380075
14 13 0.0327277542571652452
14 14 0.0627992624552007606
14 23 -0.00805484159030788252
14 24 0.00675206665137571133
14 25 0.0327277542571652452
14 26 0.0187890097412197754
14 28 -0.00521711036506680541
14 29 0.0073781082346747167
14 31 0.00611222499091777175
14 32 0.0183679937349878405
14 43 -0.00521711036506680888
14 44 0.00737810823467472971
14 45 0.0183679937349878475
14 46 0.00611222499091777435
14 48 -0.00617425078934057472
14 49 0.0313624083668396364
14 50 0.0151473739531111998
14 51 0.00737810823467472884
14 52 0.00737810823467472537
15 1 0.00338946301802798503
15 3 0.000120025437066508369
15 4 0.00726976358323075476
15 6 -0.00377818972428259911
15 8 -0.00859529847219477755
15 10 -0.00805484159030788426
15 15 0.0114414103621404868
15 16 -0.00584200847605334615
15 17 -0.0127688111446587378
15 18 -0.00766835281614809162
15 19 0.000120025437066504466
15 20 -0.00377818972428259781
15 21 -0.0127688111446587205
15 22 -0.00805484159030787732
15 33 -0.00145121885062222868
15 34 -0.0149059599931187746
15 35 -0.00847750971461451799
15 36 -0.00617425078934056432
15 37 -0.00847750971461449544
16 1 -0.00677934078993999018
16 3 -0.00233919021320353696
16 4 -0.00788925007022576313
16 6 0.00548269322359655215
16 8 0.0194649637820896379
16 10 0.0067520666513757148
16 15 -0.00584200847605334615
16 16 0.0148654092103053317
16 17 0.00661121918292678981
16 18 0.0219145491043543986
16 19 -0.00233919021320353696
16 20 0.00548269322359655042
16 21 0.00661121918292678894
16 22 0.00675206665137571306
17 1 -0.00434245270394771794
17 3 0.000568547578566027962
17 4 -0.0153741229812999723
17 6 0.00948921820508491498
17 8 0.0067520666513757148
17 10 0.0327277542571652591
17 15 -0.0127688111446587378
17 16 0.00661121918292678981
17 17 0.0622412367649943093
17 18 0.0334275725232039481
17 33 -0.00613376101862943453
17 34 0.0178123289648083258
17 35 0.0218444332318131797
17 36 0.00737810823467472364
18 1 -0.00982009113332715788
18 3 -0.00840475072332723047
18 4 -0.0285574887465454147
18 6 0.0067520666513757148
18 8 0.0233266459082924274
18 10 0.0187890097412197823
18 15 -0.00766835281614809162
18 16 0.0219145491043543986
18 17 0.0334275725232039481
18 18 0.0943248290985004428
18 19 -0.008404750723327227
18 20 0.0067520666513757148
18 21 0.0334275725232039342
18 22 0.0187890097412197685
18 33 -0.00877754442188974707
18 34 0.0365689956319379672
18 35 0.00737810823467472364
18 36 0.0151473739531111824
18 37 0.00737810823467470976
19 1 0.00131967998092856064
19 4 0.00627440228231212951
19 8 -0.00744223075438328781
19 15 0.000120025437066504466
19 16 -0.00233919021320353696
19 18 -0.008404750723327227
19 19 0.0836454877857760321
19 20 -0.00067723456713350116
19 21 0.000568547578566042057
19 22 0.00231929577013886574
19 23 0.000120025437066507772
19 24 -0.0023391902132035374
19 26 -0.00840475072332722353
19 27 0.000568547578566027528
19 33 -0.00710424715221256477
19 34 -0.00646145758111208585
19 36 -0.0052171103650667976
19 37 0.00743659545593443588
19 43 -0.00710424715221255956
19 44 -0.00646145758111208411
19 46 -0.00521711036506679326
19 47 0.00743659545593443327
19 53 -0.00145121885062223606
19 54 0.00565907507397901167
19 55 -0.0087775444218897436
19 56 -0.00613376101862942238
19 57 -0.00613376101862941198
20 1 -0.00999394881152938959
20 4 -0.0113402173091348875
20 8 0.0240607628242849071
20 15 -0.00377818972428259781
20 16 0.00548269322359655042
20 18 0.0067520666513757148
20 19 -0.00067723456713350116
20 20 0.0316127557470564091
20 21 0.00948921820508491151
20 22 0.0310032691278380075
20 23 -0.00377818972428259868
20 24 0.00548269322359655129
20 26 0.00675206665137571566
20 27 0.00948921820508491325
21 1 -0.00434245270394771621
21 4 -0.0153741229812999619
21 8 0.00675206665137571393
21 15 -0.0127688111446587205
21 16 0.00661121918292678894
21 18 0.0334275725232039342
21 19 0.000568547578566042057
21 20 0.00948921820508491151
21 21 0.0622412367649942608
21 22 0.0327277542571652313
21 33 -0.00613376101862941545
21 34 0.0178123289648082911
21 36 0.00737810823467470803
21 37 0.0218444332318130999
22 1 -0.010913483906159838
22 4 -0.0280319772641868213
22 8 0.0232072960183348082
22 15 -0.00805484159030787732
22 16 0.00675206665137571306
22 18 0.0187890097412197685
22 19 0.00231929577013886574
22 20 0.0310032691278380075
22 21 0.0327277542571652313
22 22 0.0627992624552006912
22 23 -0.00805484159030787905
22 24 0.0067520666513757148
22 26 0.0187890097412197719
22 27 0.0327277542571652383
22 33 -0.0052171103650667924
22 34 0.00737810823467470803
22 36 0.00611222499091775874
22 37 0.018367993734987785
22 43 -0.0052171103650667898
22 44 0.00737810823467471063
22 46 0.0061122249909177544
22 47 0.018367993734987785
22 53 -0.00617425078934054003
22 54 0.0313624083668394837
22 55 0.0151473739531111512
22 56 0.00737810823467470803
22 57 0.00737810823467469762
23 1 0.00338946301802798503
23 4 0.00726976358323075562
23 8 -0.00859529847219477755
23 11 0.000120025437066510862
23 12 -0.00377818972428259695
23 14 -0.00805484159030788252
23 19 0.000120025437066507772
23 20 -0.00377818972428259868
23 22 -0.00805484159030787905
23 23 0.0114414103621404886
23 24 -0.00584200847605334701
23 25 -0.0127688111446587378
23 26 -0.00766835281614809509
23 27 -0.0127688111446587257
23 43 -0.00145121885062222651
23 44 -0.0149059599931187781
23 45 -0.00847750971461452667
23 46 -0.00617425078934056605
23 47 -0.00847750971461449718
24 1 -0.00677934078993999018
24 4 -0.00788925007022576313
24 8 0.0194649637820896379
24 11 -0.00233919021320353566
24 12 0.00548269322359654955
24 14 0.00675206665137571133
24 19 -0.0023391902132035374
24 20 0.00548269322359655129
24 22 0.0067520666513757148
24 23 -0.00584200847605334701
24 24 0.0148654092103053317
24 25 0.00661121918292678634
24 26 0.0219145491043543986
24 27 0.00661121918292679068
25 1 -0.00434245270394771447
25 4 -0.0153741229812999688
25 8 0.00675206665137571133
25 11 0.000568547578566023191
25 12 0.00948921820508490631
25 14 0.0327277542571652452
25 23 -0.0127688111446587378
25 24 0.00661121918292678634
25 25 0.0622412367649943093
25 26 0.0334275725232039481
25 43 -0.00613376101862943453
25 44 0.0178123289648083397
25 45 0.0218444332318131797
25 46 0.00737810823467472971
26 1 -0.00982009113332715788
26 4 -0.0285574887465454147
26 8 0.0233266459082924274
26 11 -0.00840475072332723221
26 12 0.00675206665137571133
26 14 0.0187890097412197754
26 19 -0.00840475072332722353
26 20 0.00675206665137571566
26 22 0.0187890097412197719
26 23 -0.00766835281614809509
26 24 0.0219145491043543986
26 25 0.0334275725232039481
26 26 0.0943248290985004428
26 27 0.0334275725232039342
26 43 -0.00877754442188975054
26 44 0.0365689956319379672
26 45 0.00737810823467473058
26 46 0.0151473739531111824
26 47 0.00737810823467471063
27 1 -0.00434245270394771794
27 4 -0.0153741229812999584
27 8 0.00675206665137571566
27 19 0.000568547578566027528
27 20 0.00948921820508491325
27 22 0.0327277542571652383
27 23 -0.0127688111446587257
27 24 0.00661121918292679068
27 26 0.0334275725232039342
27 27 0.0622412367649942677
27 43 -0.00613376101862942065
27 44 0.0178123289648082946
27 46 0.00737810823467471063
27 47 0.0218444332318131172
28 2 -0.00145121885062222023
28 3 -0.00710424715221254915
28 4 0.00627440228231213645
28 7 -0.00613376101862942412
28 9 -0.00877754442188974013
28 10 -0.00521711036506679326
28 11 -0.00710424715221255089
28 13 -0.00613376101862942585
28 14 -0.00521711036506680541
28 28 0.0836454877857760043
28 29 0.00565907507397896397
28 30 0.00743659545593437256
28 31 0.00231929577013884405
28 32 0.00743659545593439511
28 38 0.000120025437066505658
28 39 -0.00646145758111207284
28 40 -0.00840475072332722006
28 41 0.000568547578566027962
28 48 0.000120025437066510185
28 49 -0.00646145758111210146
28 50 -0.00840475072332723568
28 51 0.0005685475785660233
28 58 0.00131967998092855912
28 59 -0.00744223075438328607
28 60 -0.000677234567133495522
28 61 -0.00233919021320353696
28 62 -0.00233919021320353783
29 2 -0.0149059599931187694
29 3 -0.00646145758111208238
29 4 -0.0168850616287539446
29 7 0.0178123289648082946
29 9 0.0365689956319379256
29 10 0.00737810823467471063
29 11 -0.00646145758111209279
29 13 0.0178123289648083119
29 14 0.0073781082346747167
29 28 0.00565907507397896397
29 29 0.0757155516279075097
29 30 0.0224998263567784546
29 31 0.0313624083668395739
29 32 0.0224998263567784858
30 2 -0.00847750971461450412
30 3 0.00743659545593442113
30 4 -0.0113449947371018125
30 7 0.0218444332318131346
30 9 0.00737810823467471063
30 10 0.0183679937349877954
30 28 0.00743659545593437256
30 29 0.0224998263567784546
30 30 0.0847317063999148412
30 31 0.018367993734987792
30 38 -0.00847750971461449197
30 39 0.0224998263567784233
30 40 0.00737810823467469935
30 41 0.0218444332318131068
31 2 -0.00617425078934056258
31 3 -0.0052171103650667924
31 4 -0.0280319772641868387
31 7 0.00737810823467471063
31 9 0.0151473739531111668
31 10 0.00611222499091775527
31 11 -0.00521711036506680801
31 13 0.00737810823467471844
31 14 0.00611222499091777175
31 28 0.00231929577013884405
31 29 0.0313624083668395739
31 30 0.018367993734987792
31 31 0.0627992624552007328
31 32 0.0183679937349878475
31 38 -0.00805484159030787211
31 39 0.00737810823467469935
31 40 0.0187890097412197615
31 41 0.0327277542571652175
31 48 -0.00805484159030788599
31 49 0.00737810823467472884
31 50 0.0187890097412197858
31 51 0.0327277542571652591
31 58 -0.0109134839061598345
31 59 0.0232072960183348012
31 60 0.031003269127838004
31 61 0.00675206665137571393
31 62 0.00675206665137571653
32 2 -0.00847750971461451279
32 4 -0.011344994737101842
32 9 0.0073781082346747193
32 11 0.00743659545593437082
32 13 0.0218444332318131519
32 14 0.0183679937349878405
32 28 0.00743659545593439511
32 29 0.0224998263567784858
32 31 0.0183679937349878475
32 32 0.0847317063999150633
32 48 -0.00847750971461453014
32 49 0.0224998263567785205
32 50 0.00737810823467473058
32 51 0.0218444332318132005
33 3 -0.00710424715221255783
33 4 0.00627440228231213471
33 10 -0.00521711036506680541
33 15 -0.00145121885062222868
33 17 -0.00613376101862943453
33 18 -0.00877754442188974707
33 19 -0.00710424715221256477
33 21 -0.00613376101862941545
33 22 -0.0052171103650667924
33 33 0.0836454877857760598
33 34 0.00565907507397898912
33 35 0.00743659545593440031
33 36 0.0023192957701388588
33 37 0.00743659545593443501
33 38 0.00012002543706650658
33 39 -0.00646145758111209105
33 40 -0.00840475072332723047
33 42 0.000568547578566029697
33 53 0.000120025437066502812
33 54 -0.00646145758111207977
33 55 -0.008404750723327227
33 56 0.000568547578566037611
33 58 0.00131967998092855868
33 59 -0.00744223075438328521
33 61 -0.0023391902132035361
33 63 -0.000677234567133495956
33 64 -0.0023391902132035361
34 3 -0.00646145758111209365
34 4 -0.016885061628753955
34 10 0.00737810823467472364
34 15 -0.0149059599931187746
34 17 0.0178123289648083258
34 18 0.0365689956319379672
34 19 -0.00646145758111208585
34 21 0.0178123289648082911
34 22 0.00737810823467470803
34 33 0.00565907507397898912
34 34 0.0757155516279075513
34 35 0.0224998263567784962
34 36 0.0313624083668395948
34 37 0.0224998263567784476
35 3 0.00743659545593440725
35 4 -0.011344994737101835
35 10 0.0183679937349878336
35 15 -0.00847750971461451799
35 17 0.0218444332318131797
35 18 0.00737810823467472364
35 33 0.00743659545593440031
35 34 0.0224998263567784962
35 35 0.0847317063999149106
35 36 0.0183679937349878267
35 38 -0.00847750971461450932
35 39 0.0224998263567784754
35 40 0.00737810823467471844
35 42 0.0218444332318131484
36 3 -0.00521711036506680281
36 4 -0.0280319772641868387
36 10 0.00611222499091776915
36 15 -0.00617425078934056432
36 17 0.00737810823467472364
36 18 0.0151473739531111824
36 19 -0.0052171103650667976
36 21 0.00737810823467470803
36 22 0.00611222499091775874
36 33 0.0023192957701388588
36 34 0.0313624083668395948
36 35 0.0183679937349878267
36 36 0.0627992624552007328
36 37 0.0183679937349877989
36 38 -0.00805484159030787905
36 39 0.0073781082346747167
36 40 0.0187890097412197754
36 42 0.0327277542571652452
36 53 -0.00805484159030787732
36 54 0.00737810823467470803
36 55 0.0187890097412197754
36 56 0.0327277542571652452
36 58 -0.0109134839061598328
36 59 0.0232072960183348012
36 61 0.00675206665137571306
36 63 0.031003269127838004
36 64 0.00675206665137571393
37 4 -0.0113449947371018142
37 15 -0.00847750971461449544
37 18 0.00737810823467470976
37 19 0.00743659545593443588
37 21 0.0218444332318130999
37 22 0.018367993734987785
37 33 0.00743659545593443501
37 34 0.0224998263567784476
37 36 0.0183679937349877989
37 37 0.0847317063999147441
37 53 -0.00847750971461449891
37 54 0.0224998263567784441
37 55 0.00737810823467471063
37 56 0.0218444332318131242
38 3 -0.00145121885062223085
38 4 0.00726976358323074782
38 10 -0.0061742507893405487
38 28 0.000120025437066505658
38 30 -0.00847750971461449197
38 31 -0.00805484159030787211
38 33 0.00012002543706650658
38 35 -0.00847750971461450932
38 36 -0.00805484159030787905
38 38 0.0114414103621404781
38 39 -0.0149059599931187382
38 40 -0.00766835281614807775
38 41 -0.0127688111446587135
38 42 -0.0127688111446587274
38 58 0.00338946301802798373
38 59 -0.00859529847219477408
38 60 -0.00377818972428259738
38 61 -0.00584200847605334701
38 63 -0.00377818972428259695
39 3 0.00565907507397899433
39 4 -0.0168850616287539272
39 10 0.0313624083668395254
39 28 -0.00646145758111207284
39 30 0.0224998263567784233
39 31 0.00737810823467469935
39 33 -0.00646145758111209105
39 35 0.0224998263567784754
39 36 0.0073781082346747167
39 38 -0.0149059599931187382
39 39 0.0757155516279073848
39 40 0.0365689956319379117
39 41 0.0178123289648082668
39 42 0.0178123289648083119
40 3 -0.0087775444218897436
40 4 -0.0285574887465454078
40 10 0.0151473739531111616
40 28 -0.00840475072332722006
40 30 0.00737810823467469935
40 31 0.0187890097412197615
40 33 -0.00840475072332723047
40 35 0.00737810823467471844
40 36 0.0187890097412197754
40 38 -0.00766835281614807775
40 39 0.0365689956319379117
40 40 0.0943248290985004567
40 41 0.0334275725232039203
40 42 0.0334275725232039481
40 58 -0.00982009113332715788
40 59 0.0233266459082924239
40 60 0.00675206665137571393
40 61 0.0219145491043544055
40 63 0.00675206665137571306
41 3 -0.00613376101862941198
41 4 -0.015374122981299948
41 10 0.00737810823467469935
41 28 0.000568547578566027962
41 30 0.0218444332318131068
41 31 0.0327277542571652175
41 38 -0.0127688111446587135
41 39 0.0178123289648082668
41 40 0.0334275725232039203
41 41 0.0622412367649942261
41 58 -0.00434245270394771621
41 59 0.00675206665137571393
41 60 0.00948921820508491151
41 61 0.00661121918292678981
42 3 -0.00613376101862942585
42 4 -0.0153741229812999654
42 10 0.00737810823467471757
42 33 0.000568547578566029697
42 35 0.0218444332318131484
42 36 0.0327277542571652452
42 38 -0.0127688111446587274
42 39 0.0178123289648083119
42 40 0.0334275725232039481
42 42 0.0622412367649942955
42 58 -0.00434245270394771534
42 59 0.00675206665137571306
42 61 0.00661121918292678808
42 63 0.00948921820508490978
43 4 0.00627440228231213298
43 11 -0.00710424715221256303
43 14 -0.00521711036506680888
43 19 -0.00710424715221255956
43 22 -0.0052171103650667898
43 23 -0.00145121885062222651
43 25 -0.00613376101862943453
43 26 -0.00877754442188975054
43 27 -0.00613376101862942065
43 43 0.0836454877857760737
43 44 0.00565907507397898218
43 45 0.00743659545593441072
43 46 0.00231929577013886227
43 47 0.0074365954559344194
43 48 0.000120025437066507718
43 49 -0.00646145758111210146
43 50 -0.00840475072332723394
43 52 0.000568547578566032624
43 53 0.000120025437066501511
43 54 -0.00646145758111207023
43 55 -0.00840475072332721659
43 57 0.000568547578566043791
43 58 0.00131967998092855782
43 59 -0.00744223075438328434
43 62 -0.0023391902132035374
43 64 -0.00233919021320353523
43 65 -0.000677234567133492811
44 4 -0.0168850616287539584
44 11 -0.00646145758111210406
44 14 0.00737810823467472971
44 19 -0.00646145758111208411
44 22 0.00737810823467471063
44 23 -0.0149059599931187781
44 25 0.0178123289648083397
44 26 0.0365689956319379672
44 27 0.0178123289648082946
44 43 0.00565907507397898218
44 44 0.0757155516279075652
44 45 0.0224998263567785239
44 46 0.0313624083668395948
44 47 0.0224998263567784476
45 4 -0.0113449947371018454
45 11 0.00743659545593440552
45 14 0.0183679937349878475
45 23 -0.00847750971461452667
45 25 0.0218444332318131797
45 26 0.00737810823467473058
45 43 0.00743659545593441072
45 44 0.0224998263567785239
45 45 0.0847317063999150355
45 46 0.0183679937349878475
45 48 -0.00847750971461452146
45 49 0.0224998263567785066
45 50 0.00737810823467472624
45 52 0.0218444332318131693
46 4 -0.0280319772641868387
46 11 -0.00521711036506680888
46 14 0.00611222499091777435
46 19 -0.00521711036506679326
46 22 0.0061122249909177544
46 23 -0.00617425078934056605
46 25 0.00737810823467472971
46 26 0.0151473739531111824
46 27 0.00737810823467471063
46 43 0.00231929577013886227
46 44 0.0313624083668395948
46 45 0.0183679937349878475
46 46 0.0627992624552007328
46 47 0.018367993734987785
46 48 -0.00805484159030788426
46 49 0.00737810823467472537
46 50 0.0187890097412197823
46 52 0.032727754257165266
46 53 -0.00805484159030786864
46 54 0.00737810823467469762
46 55 0.0187890097412197546
46 57 0.0327277542571652105
46 58 -0.0109134839061598328
46 59 0.0232072960183348012
46 62 0.00675206665137571653
46 64 0.00675206665137570959
46 65 0.031003269127838004
47 4 -0.0113449947371018073
47 19 0.00743659545593443327
47 22 0.018367993734987785
47 23 -0.00847750971461449718
47 26 0.00737810823467471063
47 27 0.0218444332318131172
47 43 0.0074365954559344194
47 44 0.0224998263567784476
47 46 0.018367993734987785
47 47 0.0847317063999146608
47 53 -0.0084775097146144885
47 54 0.0224998263567784164
47 55 0.00737810823467469849
47 57 0.0218444332318130999
48 4 0.00726976358323076256
48 11 -0.00145121885062222326
48 14 -0.00617425078934057472
48 28 0.000120025437066510185
48 31 -0.00805484159030788599
48 32 -0.00847750971461453014
48 43 0.000120025437066507718
48 45 -0.00847750971461452146
48 46 -0.00805484159030788426
48 48 0.0114414103621404972
48 49 -0.0149059599931187971
48 50 -0.00766835281614809943
48 51 -0.0127688111446587448
48 52 -0.0127688111446587378
48 58 0.00338946301802798503
48 59 -0.00859529847219477755
48 60 -0.00377818972428259868
48 62 -0.00584200847605334962
48 65 -0.00377818972428259955
49 4 -0.0168850616287539793
49 11 0.00565907507397897178
49 14 0.0313624083668396364
49 28 -0.00646145758111210146
49 31 0.00737810823467472884
49 32 0.0224998263567785205
49 43 -0.00646145758111210146
49 45 0.0224998263567785066
49 46 0.00737810823467472537
49 48 -0.0149059599931187971
49 49 0.0757155516279076624
49 50 0.0365689956319380088
49 51 0.0178123289648083431
49 52 0.0178123289648083327
50 4 -0.0285574887465454355
50 11 -0.00877754442188975748
50 14 0.0151473739531111998
50 28 -0.00840475072332723568
50 31 0.0187890097412197858
50 32 0.00737810823467473058
50 43 -0.00840475072332723394
50 45 0.00737810823467472624
50 46 0.0187890097412197823
50 48 -0.00766835281614809943
50 49 0.0365689956319380088
50 50 0.0943248290985005261
50 51 0.0334275725232039689
50 52 0.033427572523203955
50 58 -0.00982009113332716135
50 59 0.0233266459082924343
50 60 0.0067520666513757174
50 62 0.0219145491043544159
50 65 0.0067520666513757174
51 4 -0.0153741229812999775
51 11 -0.00613376101862943973
51 14 0.00737810823467472884
51 28 0.0005685475785660233
51 31 0.0327277542571652591
51 32 0.0218444332318132005
51 48 -0.0127688111446587448
51 49 0.0178123289648083431
51 50 0.0334275725232039689
51 51 0.0622412367649943371
51 58 -0.00434245270394771794
51 59 0.0067520666513757174
51 60 0.00948921820508491498
51 62 0.00661121918292679155
52 4 -0.0153741229812999723
52 11 -0.00613376101862943106
52 14 0.00737810823467472537
52 43 0.000568547578566032624
52 45 0.0218444332318131693
52 46 0.032727754257165266
52 48 -0.0127688111446587378
52 49 0.0178123289648083327
52 50 0.033427572523203955
52 52 0.0622412367649943232
52 58 -0.00434245270394771794
52 59 0.0067520666513757174
52 62 0.00661121918292679155
52 65 0.00948921820508491672
53 4 0.00726976358323074175
53 19 -0.00145121885062223606
53 22 -0.00617425078934054003
53 33 0.000120025437066502812
53 36 -0.00805484159030787732
53 37 -0.00847750971461449891
53 43 0.000120025437066501511
53 46 -0.00805484159030786864
53 47 -0.0084775097146144885
53 53 0.0114414103621404712
53 54 -0.0149059599931187156
53 55 -0.00766835281614806907
53 56 -0.0127688111446587205
53 57 -0.0127688111446587066
53 58 0.0033894630180279833
53 59 -0.00859529847219477408
53 63 -0.00377818972428259738
53 64 -0.00584200847605334615
53 65 -0.00377818972428259608
54 4 -0.0168850616287539099
54 19 0.00565907507397901167
54 22 0.0313624083668394837
54 33 -0.00646145758111207977
54 36 0.00737810823467470803
54 37 0.0224998263567784441
54 43 -0.00646145758111207023
54 46 0.00737810823467469762
54 47 0.0224998263567784164
54 53 -0.0149059599931187156
54 54 0.0757155516279072738
54 55 0.0365689956319378839
54 56 0.0178123289648082911
54 57 0.0178123289648082633
55 4 -0.0285574887465454043
55 19 -0.0087775444218897436
55 22 0.0151473739531111512
55 33 -0.008404750723327227
55 36 0.0187890097412197754
55 37 0.00737810823467471063
55 43 -0.00840475072332721659
55 46 0.0187890097412197546
55 47 0.00737810823467469849
55 53 -0.00766835281614806907
55 54 0.0365689956319378839
55 55 0.094324829098500429
55 56 0.0334275725232039411
55 57 0.0334275725232039064
55 58 -0.00982009113332715441
55 59 0.0233266459082924205
55 63 0.00675206665137571393
55 64 0.0219145491043544055
55 65 0.00675206665137570959
56 4 -0.0153741229812999636
56 19 -0.00613376101862942238
56 22 0.00737810823467470803
56 33 0.000568547578566037611
56 36 0.0327277542571652452
56 37 0.0218444332318131242
56 53 -0.0127688111446587205
56 54 0.0178123289648082911
56 55 0.0334275725232039411
56 56 0.0622412367649942816
56 58 -0.00434245270394771534
56 59 0.00675206665137571393
56 63 0.00948921820508490978
56 64 0.00661121918292678721
57 4 -0.0153741229812999446
57 19 -0.00613376101862941198
57 22 0.00737810823467469762
57 43 0.000568547578566043791
57 46 0.0327277542571652105
57 47 0.0218444332318130999
57 53 -0.0127688111446587066
57 54 0.0178123289648082633
57 55 0.0334275725232039064
57 57 0.0622412367649942122
57 58 -0.00434245270394771361
57 59 0.00675206665137570959
57 64 0.00661121918292678461
57 65 0.00948921820508490631
58 4 0.01440959291298082
58 28 0.00131967998092855912
58 31 -0.0109134839061598345
58 33 0.00131967998092855868
58 36 -0.0109134839061598328
58 38 0.00338946301802798373
58 40 -0.00982009113332715788
58 41 -0.00434245270394771621
58 42 -0.00434245270394771534
58 43 0.00131967998092855782
58 46 -0.0109134839061598328
58 48 0.00338946301802798503
58 50 -0.00982009113332716135
58 51 -0.00434245270394771794
58 52 -0.00434245270394771794
58 53 0.0033894630180279833
58 55 -0.00982009113332715441
58 56 -0.00434245270394771534
58 57 -0.00434245270394771361
58 58 0.01284763761494798
58 59 -0.0285147018269814832
58 60 -0.00999394881152938785
58 61 -0.00677934078993999104
58 62 -0.00677934078993999364
58 63 -0.00999394881152938612
58 64 -0.00677934078993999018
58 65 -0.00999394881152938959
59 4 -0.0367238575964216815
59 28 -0.00744223075438328607
59 31 0.0232072960183348012
59 33 -0.00744223075438328521
59 36 0.0232072960183348012
59 38 -0.00859529847219477408
59 40 0.0233266459082924239
59 41 0.00675206665137571393
59 42 0.00675206665137571306
59 43 -0.00744223075438328434
59 46 0.0232072960183348012
59 48 -0.00859529847219477755
59 50 0.0233266459082924343
59 51 0.0067520666513757174
59 52 0.0067520666513757174
59 53 -0.00859529847219477408
59 55 0.0233266459082924205
59 56 0.00675206665137571393
59 57 0.00675206665137570959
59 58 -0.0285147018269814832
59 59 0.13539971356621891
59 60 0.0240607628242849036
59 61 0.0194649637820896379
59 62 0.0194649637820896448
59 63 0.0240607628242849036
59 64 0.0194649637820896379
59 65 0.0240607628242849036
60 4 -0.0113402173091348892
60 28 -0.000677234567133495522
60 31 0.031003269127838004
60 38 -0.00377818972428259738
60 40 0.00675206665137571393
60 41 0.00948921820508491151
60 48 -0.00377818972428259868
60 50 0.0067520666513757174
60 51 0.00948921820508491498
60 58 -0.00999394881152938785
60 59 0.0240607628242849036
60 60 0.0316127557470564091
60 61 0.00548269322359655042
60 62 0.00548269322359655302
61 4 -0.00788925007022576487
61 28 -0.00233919021320353696
61 31 0.00675206665137571393
61 33 -0.0023391902132035361
61 36 0.00675206665137571306
61 38 -0.00584200847605334701
61 40 0.0219145491043544055
61 41 0.00661121918292678981
61 42 0.00661121918292678808
61 58 -0.00677934078993999104
61 59 0.0194649637820896379
61 60 0.00548269322359655042
61 61 0.0148654092103053387
61 63 0.00548269322359655042
62 4 -0.00788925007022576834
62 28 -0.00233919021320353783
62 31 0.00675206665137571653
62 43 -0.0023391902132035374
62 46 0.00675206665137571653
62 48 -0.00584200847605334962
62 50 0.0219145491043544159
62 51 0.00661121918292679155
62 52 0.00661121918292679155
62 58 -0.00677934078993999364
62 59 0.0194649637820896448
62 60 0.00548269322359655302
62 62 0.0148654092103053456
62 65 0.00548269322359655302
63 4 -0.0113402173091348875
63 33 -0.000677234567133495956
63 36 0.031003269127838004
63 38 -0.00377818972428259695
63 40 0.00675206665137571306
63 42 0.00948921820508490978
63 53 -0.00377818972428259738
63 55 0.00675206665137571393
63 56 0.00948921820508490978
63 58 -0.00999394881152938612
63 59 0.0240607628242849036
63 61 0.00548269322359655042
63 63 0.0316127557470564091
63 64 0.00548269322359655042
64 4 -0.00788925007022576487
64 33 -0.0023391902132035361
64 36 0.00675206665137571393
64 43 -0.00233919021320353523
64 46 0.00675206665137570959
64 53 -0.00584200847605334615
64 55 0.0219145491043544055
64 56 0.00661121918292678721
64 57 0.00661121918292678461
64 58 -0.00677934078993999018
64 59 0.0194649637820896379
64 63 0.00548269322359655042
64 64 0.0148654092103053387
64 65 0.00548269322359654782
65 4 -0.0113402173091348892
65 43 -0.000677234567133492811
65 46 0.031003269127838004
65 48 -0.00377818972428259955
65 50 0.0067520666513757174
65 52 0.00948921820508491672
65 53 -0.00377818972428259608
65 55 0.00675206665137570959
65 57 0.00948921820508490631
65 58 -0.00999394881152938959
65 59 0.0240607628242849036
65 62 0.00548269322359655302
65 64 0.00548269322359654782
65 65 0.0316127557470564091
