% 1864x1864 20048 nonzeros
1 1 0.0419703595616748304
1 2 -0.0160906299885480754
1 3 -0.00175884451780926993
1 4 0.0185005287883389033
1 5 -0.000897831536375143712
1 6 -0.023341146090702064
1 7 0.00624700425109494216
1 8 -0.0246294404676741241
2 1 -0.0160906299885480754
2 2 0.334299564472784194
2 3 -0.195252026688600977
2 4 0.0793790646047471821
2 5 -0.184018751994181051
2 9 -0.0994526760283694217
2 10 -0.012755551432795208
2 11 0.12368272296625149
2 12 -0.0297917159112880796
3 1 -0.00175884451780926993
3 2 -0.195252026688600977
3 3 1.39340732558789338
3 4 -0.33697950556510925
3 6 -0.241817571301837397
3 10 -0.392539364951822289
3 11 -0.00427696034884901197
3 32 -0.449922179142276946
3 33 0.0908926136543431046
3 34 -0.0443524023067504505
3 35 0.182598915580819199
4 1 0.0185005287883389033
4 2 0.0793790646047471821
4 3 -0.33697950556510925
4 4 3.40414002475227528
4 5 -0.686931655473132063
4 6 0.0154583925197478104
4 7 -0.631889941749137263
4 8 -0.0950795900235373859
4 11 -0.645292870703873533
4 33 -0.677667448328193145
4 35 -0.0748853537967010263
4 175 -0.359180989065175593
4 176 -0.0151009958273460258
4 189 0.00553033986709653563
5 1 -0.000897831536375143712
5 2 -0.184018751994181051
5 4 -0.686931655473132063
5 5 2.98913040876883285
5 8 -0.581810914197143592
5 11 -0.107571511025478572
5 12 -0.598707126761260033
5 139 -0.484706261639542446
5 152 -0.0311194558008778092
5 158 -0.475389319201863614
5 159 -0.0450068564775452581
5 175 0.103644347828238198
5 176 0.103384927510328933
6 1 -0.023341146090702064
6 3 -0.241817571301837397
6 4 0.0154583925197478104
6 6 0.574956173547549687
6 7 -0.270683473890089399
6 26 -0.023341146090702064
6 27 -0.241817571301837425
6 28 0.0154583925197478208
6 32 -0.0214510418140821599
6 33 0.216578991902205059
7 1 0.00624700425109494216
7 4 -0.631889941749137263
7 6 -0.270683473890089399
7 7 3.30344965483115427
7 8 -0.612093151867156848
7 26 0.00624700425109493696
7 28 -0.631889941749137263
7 31 -0.612093151867156848
7 33 -0.122833815574668964
7 155 -0.041105731658691913
7 174 -0.455067512895376058
7 175 0.0101950157017264339
7 188 0.0101950157017264686
7 189 0.0413230265146184231
8 1 -0.0246294404676741241
8 4 -0.0950795900235373859
8 5 -0.581810914197143592
8 7 -0.612093151867156848
8 8 2.07425624572523581
8 151 -0.00336149828897015085
8 152 -0.290903982491833357
8 153 -0.481746823341335229
8 155 -0.350446782690045866
8 158 0.00345019857597125487
8 174 0.0797218131987425388
8 175 0.282643925867747114
9 2 -0.0994526760283694217
9 9 0.607177451129636281
9 10 -0.31622184573274803
9 11 0.172271518340506802
9 12 -0.262038212816115279
9 13 -0.142448988192014542
9 14 -0.0225064311771658518
9 15 0.154003044983822085
9 16 -0.0907838605075520361
10 2 -0.012755551432795208
10 3 -0.392539364951822289
10 9 -0.31622184573274803
10 10 1.89615256984383973
10 11 -0.327069492699727848
10 14 -0.440150278425083752
10 15 -0.0434253508969493635
10 34 -0.580019038736496961
10 35 0.147138668363128999
10 36 -0.0557647567163326308
10 37 0.124654441384987325
11 2 0.12368272296625149
11 3 -0.00427696034884901197
11 4 -0.645292870703873533
11 5 -0.107571511025478572
11 9 0.172271518340506802
11 10 -0.327069492699727848
11 11 2.92855096554494132
11 12 -0.742346438811727238
11 15 -0.602309045489229811
11 35 -0.569256877282867668
11 37 -0.0481314704312381103
11 176 -0.172000136717849555
11 177 -0.00625040334085811763
12 2 -0.0297917159112880796
12 5 -0.598707126761260033
12 9 -0.262038212816115279
12 11 -0.742346438811727238
12 12 3.37050091241308225
12 15 -0.117601290733500494
12 16 -0.516938493556593159
12 136 -0.589928152281554152
12 139 -0.075936669728927278
12 159 -0.441023109206001795
12 160 -0.108297562645792045
12 176 0.0926303553059311252
12 177 0.019477504733746747
13 9 -0.142448988192014542
13 13 0.641931212034513976
13 14 -0.348708223802324691
13 15 0.24961471105339636
13 16 -0.259206306981459578
13 17 -0.100433555254085496
13 18 -0.0203706551222570809
13 19 0.105368562700549534
13 20 -0.125746756436318469
14 9 -0.0225064311771658518
14 10 -0.440150278425083752
14 13 -0.348708223802324691
14 14 2.00356507248537197
14 15 -0.297937750527946521
14 18 -0.390737291377744211
14 19 -0.0940709672778825973
14 36 -0.641218442767548469
14 37 0.205980438785828279
14 38 -0.0528709516695255732
14 39 0.0786548257540215928
15 9 0.154003044983822085
15 10 -0.0434253508969493635
15 11 -0.602309045489229811
15 12 -0.117601290733500494
15 13 0.24961471105339636
15 14 -0.297937750527946521
15 15 2.64894264767229393
15 16 -0.786649263859848347
15 19 -0.563247895599813475
15 37 -0.51661648065600585
15 39 -0.0465327823639244825
15 177 -0.0750813235979614357
15 178 -0.00315921998433185561
16 9 -0.0907838605075520361
16 12 -0.516938493556593159
16 13 -0.259206306981459578
16 15 -0.786649263859848347
16 16 3.4715942886521578
16 19 -0.108306723080710238
16 20 -0.454169858618292011
16 136 -0.119919722541093288
16 143 -0.627641447387911722
16 160 -0.408616280880298333
16 161 -0.15727917946296191
16 177 0.0644253116307893642
16 178 -0.00650846340622684809
17 13 -0.100433555254085496
17 17 0.402873523045683024
17 18 -0.265207538266783449
17 19 0.286600219719347571
17 20 -0.226166322397867992
17 21 -0.0163695454169466119
17 22 -0.00454379148250006869
17 23 -0.0243821915836850769
17 24 -0.0523707983631619273
18 13 -0.0203706551222570809
18 14 -0.390737291377744211
18 17 -0.265207538266783449
18 18 1.66118145299388686
18 19 -0.255004341900706866
18 22 -0.244771250914497501
18 23 -0.167250581504556628
18 38 -0.613565786730146057
18 39 0.27966314338624032
18 40 -0.0353743206271976904
18 41 0.0514371700637623053
19 13 0.105368562700549534
19 14 -0.0940709672778825973
19 15 -0.563247895599813475
19 16 -0.108306723080710238
19 17 0.286600219719347571
19 18 -0.255004341900706866
19 19 2.82134345566119471
19 20 -0.879058557641710148
19 23 -0.537043961776184742
19 39 -0.584546189306467512
19 41 -0.0795410518022918733
19 178 -0.0874320611891527683
19 179 -0.0250604885061711385
20 13 -0.125746756436318469
20 16 -0.454169858618292011
20 17 -0.226166322397867992
20 19 -0.879058557641710148
20 20 3.43326075286838117
20 23 -0.0147880567456436275
20 24 -0.470549917325775946
20 143 -0.142085923158466909
20 147 -0.603361584891285441
20 161 -0.407104069456192708
20 163 -0.165434649298203285
20 178 0.10039404180980363
20 179 -0.0451890987084289791
21 17 -0.0163695454169466119
21 21 0.0560797607627296218
21 22 -0.037900613284648485
21 23 0.0529311016315994892
21 24 -0.0388911942763099788
21 25 -0.0158495094164240388
22 17 -0.00454379148250006869
22 18 -0.244771250914497501
22 21 -0.037900613284648485
22 22 0.778047823200231803
22 23 -0.196190526113380587
22 25 -0.21383080417297734
22 40 -0.420315768544390123
22 41 0.362374711483519296
22 42 -0.0238710097777132327
22 43 -0.0045004915680556595
22 44 0.00550172117441180553
23 17 -0.0243821915836850769
23 18 -0.167250581504556628
23 19 -0.537043961776184742
23 20 -0.0147880567456436275
23 21 0.0529311016315994892
23 22 -0.196190526113380587
23 23 3.53458391991950771
23 24 -0.883097893424455549
23 25 -0.323782456145374375
23 41 -0.84324685098474772
23 44 -0.0676154013744856841
23 179 -0.232552377914447855
23 180 -0.254644192682254078
23 190 -0.0429205313018909615
24 17 -0.0523707983631619273
24 20 -0.470549917325775946
24 21 -0.0388911942763099788
24 23 -0.883097893424455549
24 24 2.75245919057024668
24 25 -0.146748627888429295
24 147 -0.116412621994981591
24 162 -0.468200780726459598
24 163 -0.44576150311868612
24 165 -0.340722444451385886
24 166 -0.154057033039267294
24 179 0.316277886743095149
24 180 0.0480757372955709084
25 21 -0.0158495094164240388
25 22 -0.21383080417297734
25 23 -0.323782456145374375
25 24 -0.146748627888429295
25 25 3.23304875291299121
25 42 -0.0360790059239597324
25 44 -0.969188386478939568
25 45 -0.0917929317933467576
25 165 -0.716369349131837696
25 180 -0.32553602228057571
25 182 -0.270557731408675561
25 183 -0.228417160855199475
25 190 0.132098868631942451
25 191 -0.0269956360491940724
26 6 -0.023341146090702064
26 7 0.00624700425109493696
26 26 0.0419703595616748235
26 27 -0.00175884451780927015
26 28 0.0185005287883389102
26 29 -0.0160906299885480719
26 30 -0.000897831536375144363
26 31 -0.0246294404676741172
27 6 -0.241817571301837425
27 26 -0.00175884451780927015
27 27 1.39340732558789315
27 28 -0.33697950556510925
27 29 -0.195252026688600977
27 32 -0.449922179142276946
27 33 0.0908926136543431046
27 46 -0.392539364951822289
27 47 -0.00427696034884900503
27 50 -0.0443524023067504505
27 51 0.182598915580819199
28 6 0.0154583925197478208
28 7 -0.631889941749137263
28 26 0.0185005287883389102
28 27 -0.33697950556510925
28 28 3.40414002475227528
28 29 0.0793790646047471821
28 30 -0.686931655473132063
28 31 -0.0950795900235373859
28 33 -0.677667448328193145
28 47 -0.645292870703873644
28 51 -0.0748853537967010402
28 188 -0.359180989065175649
28 189 0.00553033986709653824
28 200 -0.0151009958273460292
29 26 -0.0160906299885480719
29 27 -0.195252026688600977
29 28 0.0793790646047471821
29 29 0.334299564472784194
29 30 -0.184018751994181051
29 46 -0.0127555514327952028
29 47 0.12368272296625149
29 48 -0.0994526760283694217
29 49 -0.0297917159112880761
30 26 -0.000897831536375144363
30 28 -0.686931655473132063
30 29 -0.184018751994181051
30 30 2.98913040876883285
30 31 -0.581810914197143703
30 47 -0.107571511025478586
30 49 -0.598707126761260033
30 171 -0.0311194558008778058
30 185 -0.475389319201863614
30 186 -0.484706261639542446
30 188 0.103644347828238198
30 199 -0.0450068564775452581
30 200 0.103384927510328933
31 7 -0.612093151867156848
31 26 -0.0246294404676741172
31 28 -0.0950795900235373859
31 30 -0.581810914197143703
31 31 2.07425624572523581
31 155 -0.350446782690045922
31 169 -0.00336149828897015085
31 170 -0.481746823341335229
31 171 -0.290903982491833357
31 174 0.0797218131987425388
31 185 0.00345019857597124099
31 188 0.282643925867747059
32 3 -0.449922179142276946
32 6 -0.0214510418140821599
32 27 -0.449922179142276946
32 32 2.30148003051565953
32 33 -0.320597302817531626
32 34 -0.599118086902136304
32 35 0.0382625147833420276
32 50 -0.599118086902136193
32 51 0.0382625147833420276
32 52 -0.0617422122929749823
32 53 0.12386602893107157
33 3 0.0908926136543431046
33 4 -0.677667448328193145
33 6 0.216578991902205059
33 7 -0.122833815574668964
33 27 0.0908926136543431046
33 28 -0.677667448328193145
33 32 -0.320597302817531626
33 33 2.49069582356318753
33 35 -0.50721139821810568
33 51 -0.50721139821810568
33 53 -0.0253538546392945707
33 189 -0.0505173766499856236
34 3 -0.0443524023067504505
34 10 -0.580019038736496961
34 32 -0.599118086902136304
34 34 2.83224198327013887
34 35 -0.268676470467950179
34 36 -0.65080390752815831
34 37 -0.0298992411333933519
34 52 -0.74625996651378057
34 53 0.0654068456371816043
34 54 -0.060500548289731608
34 55 0.0819808329710771805
35 3 0.182598915580819199
35 4 -0.0748853537967010263
35 10 0.147138668363128999
35 11 -0.569256877282867668
35 32 0.0382625147833420276
35 33 -0.50721139821810568
35 34 -0.268676470467950179
35 35 1.76631573428823363
35 37 -0.369027595370108208
35 53 -0.335806383559956456
35 55 -0.00945175431983450755
36 10 -0.0557647567163326308
36 14 -0.641218442767548469
36 34 -0.65080390752815831
36 36 2.99987757771235719
36 37 -0.218296670645257318
36 38 -0.60319594890382644
36 39 -0.0942344029517457743
36 54 -0.837105521373079253
36 55 0.106773448367455392
36 56 -0.0439876414404539035
36 57 0.037956266246590202
37 10 0.124654441384987325
37 11 -0.0481314704312381103
37 14 0.205980438785828279
37 15 -0.51661648065600585
37 34 -0.0298992411333933519
37 35 -0.369027595370108208
37 36 -0.218296670645257318
37 37 1.43079174018825617
37 39 -0.319585499220756408
37 55 -0.253862902439162152
37 57 -0.0060067604631504623
38 14 -0.0528709516695255732
38 18 -0.613565786730146057
38 36 -0.60319594890382644
38 38 2.75269463213201115
38 39 -0.17340737078077717
38 40 -0.452159545746236069
38 41 -0.15360833096101642
38 56 -0.849551060651112522
38 57 0.172181439243693446
38 58 -0.0216359508269552137
38 59 -0.00488112510610887
39 14 0.0786548257540215928
39 15 -0.0465327823639244825
39 18 0.27966314338624032
39 19 -0.584546189306467512
39 36 -0.0942344029517457743
39 37 -0.319585499220756408
39 38 -0.17340737078077717
39 39 1.52359180712941411
39 41 -0.362624471130291559
39 57 -0.290875852001527047
39 59 -0.0101032085141861336
40 18 -0.0353743206271976904
40 22 -0.420315768544390123
40 38 -0.452159545746236069
40 40 1.94328660889357319
40 41 -0.124838476130797668
40 43 -0.198930612379418892
40 44 -0.229549674656111535
40 58 -0.713305303720774164
40 59 0.256507701799741195
40 60 -0.00731551027240374963
40 61 -0.0180050986159845106
41 18 0.0514371700637623053
41 19 -0.0795410518022918733
41 22 0.362374711483519296
41 23 -0.84324685098474772
41 38 -0.15360833096101642
41 39 -0.362624471130291559
41 40 -0.124838476130797668
41 41 2.1724074537479896
41 44 -0.472247101655438706
41 59 -0.511828423563255641
41 61 -0.0382846290674315817
42 22 -0.0238710097777132327
42 25 -0.0360790059239597324
42 42 0.0606150693515526418
42 43 -0.0346333915382756319
42 44 0.0569557149538248222
42 45 -0.022987377065428867
43 22 -0.0045004915680556595
43 40 -0.198930612379418892
43 42 -0.0346333915382756319
43 43 0.501330670987096272
43 44 -0.152102506929342463
43 45 -0.0664823801708115808
43 60 -0.236910786355681413
43 61 0.318062412866486066
43 62 -0.125832914911996552
44 22 0.00550172117441180553
44 23 -0.0676154013744856841
44 25 -0.969188386478939568
44 40 -0.229549674656111535
44 41 -0.472247101655438706
44 42 0.0569557149538248222
44 43 -0.152102506929342463
44 44 3.65310448233300455
44 45 -0.393001147369395565
44 61 -1.06927086423817741
44 62 0.176547207772625059
44 190 -0.0848187094112874129
44 191 -0.309397028141378705
44 201 -0.144918305979308937
45 25 -0.0917929317933467576
45 42 -0.022987377065428867
45 43 -0.0664823801708115808
45 44 -0.393001147369395565
45 45 2.6379070703770604
45 62 -1.12921202518056241
45 182 -0.626357784289200525
45 191 -0.207185805567398129
45 192 -0.403230890043624224
45 201 0.379144796184299471
45 202 -0.043206888755055968
45 203 -0.019848190776177492
45 204 -0.0137464455503584493
46 27 -0.392539364951822289
46 29 -0.0127555514327952028
46 46 1.89615256984383973
46 47 -0.327069492699727848
46 48 -0.31622184573274803
46 50 -0.58001903873649685
46 51 0.147138668363128999
46 63 -0.440150278425083807
46 64 -0.0434253508969493635
46 67 -0.0557647567163326377
46 68 0.124654441384987325
47 27 -0.00427696034884900503
47 28 -0.645292870703873644
47 29 0.12368272296625149
47 30 -0.107571511025478586
47 46 -0.327069492699727848
47 47 2.92855096554494088
47 48 0.172271518340506802
47 49 -0.742346438811727238
47 51 -0.569256877282867446
47 64 -0.602309045489229811
47 68 -0.0481314704312381034
47 200 -0.1720001367178495
47 211 -0.0062504033408581185
48 29 -0.0994526760283694217
48 46 -0.31622184573274803
48 47 0.172271518340506802
48 48 0.607177451129636281
48 49 -0.262038212816115224
48 63 -0.0225064311771658553
48 64 0.154003044983822113
48 65 -0.142448988192014514
48 66 -0.0907838605075520499
49 29 -0.0297917159112880761
49 30 -0.598707126761260033
49 47 -0.742346438811727238
49 48 -0.262038212816115224
49 49 3.37050091241308181
49 64 -0.117601290733500494
49 66 -0.516938493556593159
49 186 -0.0759366697289272918
49 194 -0.589928152281554263
49 199 -0.441023109206001795
49 200 0.0926303553059311252
49 210 -0.108297562645792045
49 211 0.0194775047337467436
50 27 -0.0443524023067504505
50 32 -0.599118086902136193
50 46 -0.58001903873649685
50 50 2.83224198327013887
50 51 -0.268676470467950235
50 52 -0.746259966513780681
50 53 0.0654068456371815904
50 67 -0.650803907528158421
50 68 -0.0298992411333933658
50 69 -0.0605005482897316219
50 70 0.0819808329710771944
51 27 0.182598915580819199
51 28 -0.0748853537967010402
51 32 0.0382625147833420276
51 33 -0.50721139821810568
51 46 0.147138668363128999
51 47 -0.569256877282867446
51 50 -0.268676470467950235
51 51 1.76631573428823341
51 53 -0.335806383559956456
51 68 -0.369027595370108208
51 70 -0.00945175431983450755
52 32 -0.0617422122929749823
52 34 -0.74625996651378057
52 50 -0.746259966513780681
52 52 3.4173973787496621
52 53 -0.198236887679646923
52 54 -0.817570554247615489
52 55 -0.0173864083022134512
52 69 -0.817570554247615489
52 70 -0.0173864083022134547
52 71 -0.0340161245694391573
52 72 0.0390317039196189375
53 32 0.12386602893107157
53 33 -0.0253538546392945707
53 34 0.0654068456371816043
53 35 -0.335806383559956456
53 50 0.0654068456371815904
53 51 -0.335806383559956456
53 52 -0.198236887679646923
53 53 1.00351399376891059
53 55 -0.180954557794462595
53 70 -0.180954557794462595
53 72 -0.00108108894656597969
54 34 -0.060500548289731608
54 36 -0.837105521373079253
54 52 -0.817570554247615489
54 54 3.6480041126552547
54 55 -0.137099061808359485
54 56 -0.784445392647393991
54 57 -0.0883065791864615229
54 71 -0.940845301460628392
54 72 0.0216713639582913446
54 73 0.00876021815430270273
54 74 -0.0125627357545795033
55 34 0.0819808329710771805
55 35 -0.00945175431983450755
55 36 0.106773448367455392
55 37 -0.253862902439162152
55 52 -0.0173864083022134512
55 53 -0.180954557794462595
55 54 -0.137099061808359485
55 55 0.618224649645145563
55 57 -0.127257626024260578
55 72 -0.0808204994300378982
55 74 -0.000146120865347592265
56 36 -0.0439876414404539035
56 38 -0.849551060651112522
56 54 -0.784445392647393991
56 56 3.46648837364602347
56 57 -0.0822124273341480888
56 58 -0.629812969843048909
56 59 -0.158293864744742413
56 73 -0.987663340762794828
56 74 0.0815120238073703818
56 75 0.0397869672988745912
56 76 -0.0518206673285732666
57 36 0.037956266246590202
57 37 -0.0060067604631504623
57 38 0.172181439243693446
57 39 -0.290875852001527047
57 54 -0.0883065791864615229
57 55 -0.127257626024260578
57 56 -0.0822124273341480888
57 57 0.658511437536422939
57 59 -0.179905656085294879
57 74 -0.0940655158731396601
57 76 -1.87260587242703974e-05
58 38 -0.0216359508269552137
58 40 -0.713305303720774164
58 56 -0.629812969843048909
58 58 2.71283514588478658
58 59 -0.0146646087475293084
58 60 -0.336582958413205957
58 61 -0.24308004971215616
58 75 -0.872119027832785942
58 76 0.142909181755014242
58 77 0.0323924015795215292
58 78 -0.0569358601228668743
59 38 -0.00488112510610887
59 39 -0.0101032085141861336
59 40 0.256507701799741195
59 41 -0.511828423563255641
59 56 -0.158293864744742413
59 57 -0.179905656085294879
59 58 -0.0146646087475293084
59 59 1.24597042534520597
59 61 -0.338669839994496902
59 76 -0.287940398236659956
59 78 0.00380899784732686639
60 40 -0.00731551027240374963
60 43 -0.236910786355681413
60 58 -0.336582958413205957
60 60 1.02818250815390044
60 61 0.0128195284570926937
60 62 -0.210093187734279263
60 77 -0.38290489063133426
60 78 0.23932868388375439
60 79 -0.106523387087843036
61 40 -0.0180050986159845106
61 41 -0.0382846290674315817
61 43 0.318062412866486066
61 44 -1.06927086423817741
61 58 -0.24308004971215616
61 59 -0.338669839994496902
61 60 0.0128195284570926937
61 61 2.85046866992151982
61 62 -0.597401476624022987
61 78 -0.911578397111972416
61 79 0.150765341045330736
61 201 -0.0408837179599021092
61 212 -0.0749418789662864154
62 43 -0.125832914911996552
62 44 0.176547207772625059
62 45 -1.12921202518056241
62 60 -0.210093187734279263
62 61 -0.597401476624022987
62 62 3.74466433873720117
62 79 -1.18413515503604239
62 201 -0.168543371069502929
62 203 -0.145657280568028735
62 204 -0.434654370559192815
62 212 0.11780449914537626
62 213 0.0329735708754493734
62 214 -0.0764598348470238443
63 46 -0.440150278425083807
63 48 -0.0225064311771658553
63 63 2.00356507248537152
63 64 -0.297937750527946466
63 65 -0.348708223802324691
63 67 -0.641218442767548469
63 68 0.205980438785828279
63 80 -0.390737291377744211
63 81 -0.0940709672778825834
63 84 -0.0528709516695255871
63 85 0.0786548257540215928
64 46 -0.0434253508969493635
64 47 -0.602309045489229811
64 48 0.154003044983822113
64 49 -0.117601290733500494
64 63 -0.297937750527946466
64 64 2.64894264767229304
64 65 0.24961471105339636
64 66 -0.786649263859848458
64 68 -0.51661648065600585
64 81 -0.563247895599813475
64 85 -0.0465327823639244686
64 211 -0.0750813235979614357
64 221 -0.00315921998433185474
65 48 -0.142448988192014514
65 63 -0.348708223802324691
65 64 0.24961471105339636
65 65 0.641931212034513865
65 66 -0.259206306981459578
65 80 -0.0203706551222570774
65 81 0.105368562700549548
65 82 -0.100433555254085496
65 83 -0.125746756436318469
66 48 -0.0907838605075520499
66 49 -0.516938493556593159
66 64 -0.786649263859848458
66 65 -0.259206306981459578
66 66 3.47159428865215824
66 81 -0.108306723080710238
66 83 -0.454169858618292122
66 194 -0.119919722541093302
66 206 -0.627641447387911833
66 210 -0.408616280880298333
66 211 0.0644253116307893781
66 220 -0.157279179462961854
66 221 -0.00650846340622684635
67 46 -0.0557647567163326377
67 50 -0.650803907528158421
67 63 -0.641218442767548469
67 67 2.99987757771235719
67 68 -0.218296670645257318
67 69 -0.837105521373079142
67 70 0.106773448367455392
67 84 -0.60319594890382644
67 85 -0.0942344029517457743
67 86 -0.0439876414404538965
67 87 0.0379562662465901951
68 46 0.124654441384987325
68 47 -0.0481314704312381034
68 50 -0.0298992411333933658
68 51 -0.369027595370108208
68 63 0.205980438785828279
68 64 -0.51661648065600585
68 67 -0.218296670645257318
68 68 1.43079174018825617
68 70 -0.253862902439162152
68 85 -0.319585499220756408
68 87 -0.0060067604631504623
69 50 -0.0605005482897316219
69 52 -0.817570554247615489
69 67 -0.837105521373079142
69 69 3.64800411265525515
69 70 -0.137099061808359485
69 71 -0.94084530146062828
69 72 0.0216713639582913377
69 86 -0.784445392647393991
69 87 -0.0883065791864615229
69 88 0.00876021815430272008
69 89 -0.0125627357545795033
70 50 0.0819808329710771944
70 51 -0.00945175431983450755
70 52 -0.0173864083022134547
70 53 -0.180954557794462595
70 67 0.106773448367455392
70 68 -0.253862902439162152
70 69 -0.137099061808359485
70 70 0.618224649645145563
70 72 -0.0808204994300378982
70 87 -0.127257626024260578
70 89 -0.000146120865347592265
71 52 -0.0340161245694391573
71 54 -0.940845301460628392
71 69 -0.94084530146062828
71 71 3.94249405760568949
71 72 -0.0740988412768376348
71 73 -0.931268219009327325
71 74 -0.0470574711658967235
71 88 -0.931268219009327214
71 89 -0.0470574711658967235
71 90 0.0780172792516264924
71 91 -0.0740543877393338157
72 52 0.0390317039196189375
72 53 -0.00108108894656597969
72 54 0.0216713639582913446
72 55 -0.0808204994300378982
72 69 0.0216713639582913377
72 70 -0.0808204994300378982
72 71 -0.0740988412768376348
72 72 0.197842668439081049
72 74 -0.0216980855959016325
72 89 -0.021698085595901629
73 54 0.00876021815430270273
73 56 -0.987663340762794828
73 71 -0.931268219009327325
73 73 3.80101974490293903
73 74 -0.00918308211506374365
73 75 -0.77060700010783878
73 76 -0.132905619198168734
73 90 -0.995449669973784479
73 91 0.00577422659882069044
73 92 0.112989129664650273
73 93 -0.101466388153734571
74 54 -0.0125627357545795033
74 55 -0.000146120865347592265
74 56 0.0815120238073703818
74 57 -0.0940655158731396601
74 71 -0.0470574711658967235
74 72 -0.0216980855959016325
74 73 -0.00918308211506374365
74 74 0.20992017620961656
74 76 -0.0807178145169845374
74 91 -0.0265412695177151617
74 93 0.000539895387641589597
75 56 0.0397869672988745912
75 58 -0.872119027832785942
75 73 -0.77060700010783878
75 75 3.01911938972950544
75 76 0.0950296253610757174
75 77 -0.422839676569987444
75 78 -0.258534590160915512
75 92 -0.864242738771177743
75 93 0.0310737677568568571
75 94 0.0681331924569262143
75 95 -0.0647999091605334088
76 56 -0.0518206673285732666
76 57 -1.87260587242703974e-05
76 58 0.142909181755014242
76 59 -0.287940398236659956
76 73 -0.132905619198168734
76 74 -0.0807178145169845374
76 75 0.0950296253610757174
76 76 0.785216378633527667
76 78 -0.270588163612714649
76 93 -0.216557125941629403
76 95 0.017393329143837271
77 58 0.0323924015795215292
77 60 -0.38290489063133426
77 75 -0.422839676569987444
77 77 1.16887859327262023
77 78 0.165851435522920365
77 79 -0.213458855468318637
77 94 -0.315610833800126223
77 95 0.1114207509649556
77 96 -0.143728924870251351
78 58 -0.0569358601228668743
78 59 0.00380899784732686639
78 60 0.23932868388375439
78 61 -0.911578397111972416
78 75 -0.258534590160915512
78 76 -0.270588163612714649
78 77 0.165851435522920365
78 78 2.50420267466027413
78 79 -0.680492946350630401
78 95 -0.902224047987407185
78 96 0.248065544435787821
78 212 -0.00726503756327145228
78 222 -0.0736382934402848299
79 60 -0.106523387087843036
79 61 0.150765341045330736
79 62 -1.18413515503604239
79 77 -0.213458855468318637
79 78 -0.680492946350630401
79 79 3.94668129287222014
79 96 -1.21341033132962806
79 212 -0.0281854783825939183
79 213 -0.229009174005214755
79 214 -0.516521075519419171
79 222 0.0367296023889350579
79 223 0.0925682194473383679
79 224 -0.0550080525741339435
80 63 -0.390737291377744211
80 65 -0.0203706551222570774
80 80 1.66118145299388664
80 81 -0.255004341900706866
80 82 -0.265207538266783449
80 84 -0.613565786730146057
80 85 0.27966314338624032
80 97 -0.244771250914497529
80 98 -0.1672505815045566
80 101 -0.0353743206271976834
80 102 0.0514371700637622983
81 63 -0.0940709672778825834
81 64 -0.563247895599813475
81 65 0.105368562700549548
81 66 -0.108306723080710238
81 80 -0.255004341900706866
81 81 2.82134345566119471
81 82 0.286600219719347571
81 83 -0.879058557641710148
81 85 -0.584546189306467512
81 98 -0.537043961776184742
81 102 -0.0795410518022918733
81 221 -0.0874320611891527683
81 229 -0.025060488506171142
82 65 -0.100433555254085496
82 80 -0.265207538266783449
82 81 0.286600219719347571
82 82 0.40287352304568308
82 83 -0.226166322397867964
82 97 -0.00454379148250006696
82 98 -0.0243821915836850631
82 99 -0.0163695454169466154
82 100 -0.0523707983631619273
83 65 -0.125746756436318469
83 66 -0.454169858618292122
83 81 -0.879058557641710148
83 82 -0.226166322397867964
83 83 3.43326075286838162
83 98 -0.0147880567456436136
83 100 -0.47054991732577589
83 206 -0.142085923158466909
83 216 -0.603361584891285441
83 220 -0.407104069456192652
83 221 0.100394041809803644
83 227 -0.165434649298203285
83 229 -0.045189098708428993
84 63 -0.0528709516695255871
84 67 -0.60319594890382644
84 80 -0.613565786730146057
84 84 2.75269463213201115
84 85 -0.173407370780777198
84 86 -0.849551060651112522
84 87 0.172181439243693502
84 101 -0.452159545746236069
84 102 -0.153608330961016393
84 103 -0.0216359508269551998
84 104 -0.00488112510610888908
85 63 0.0786548257540215928
85 64 -0.0465327823639244686
85 67 -0.0942344029517457743
85 68 -0.319585499220756408
85 80 0.27966314338624032
85 81 -0.584546189306467512
85 84 -0.173407370780777198
85 85 1.52359180712941433
85 87 -0.290875852001527102
85 102 -0.362624471130291615
85 104 -0.0101032085141861336
86 67 -0.0439876414404538965
86 69 -0.784445392647393991
86 84 -0.849551060651112522
86 86 3.46648837364602258
86 87 -0.0822124273341481165
86 88 -0.987663340762794939
86 89 0.0815120238073703818
86 103 -0.629812969843048909
86 104 -0.158293864744742357
86 105 0.0397869672988745704
86 106 -0.0518206673285732597
87 67 0.0379562662465901951
87 68 -0.0060067604631504623
87 69 -0.0883065791864615229
87 70 -0.127257626024260578
87 84 0.172181439243693502
87 85 -0.290875852001527102
87 86 -0.0822124273341481165
87 87 0.658511437536422828
87 89 -0.0940655158731396601
87 104 -0.179905656085294852
87 106 -1.87260587242699637e-05
88 69 0.00876021815430272008
88 71 -0.931268219009327214
88 86 -0.987663340762794939
88 88 3.80101974490293903
88 89 -0.009183082115063761
88 90 -0.995449669973784479
88 91 0.00577422659882068871
88 105 -0.770607000107838669
88 106 -0.132905619198168762
88 107 0.112989129664650273
88 108 -0.101466388153734585
89 69 -0.0125627357545795033
89 70 -0.000146120865347592265
89 71 -0.0470574711658967235
89 72 -0.021698085595901629
89 86 0.0815120238073703818
89 87 -0.0940655158731396601
89 88 -0.009183082115063761
89 89 0.209920176209616616
89 91 -0.0265412695177151825
89 106 -0.0807178145169845512
89 108 0.000539895387641589489
90 71 0.0780172792516264924
90 73 -0.995449669973784479
90 88 -0.995449669973784479
90 90 3.637489068612064
90 91 0.0807244466996344806
90 92 -0.810269105020283043
90 93 -0.107990506007540524
90 107 -0.810269105020283043
90 108 -0.10799050600754051
90 109 0.128314520367895035
90 110 -0.0971267529280033931
91 71 -0.0740543877393338157
91 73 0.00577422659882069044
91 74 -0.0265412695177151617
91 88 0.00577422659882068871
91 89 -0.0265412695177151825
91 90 0.0807244466996344806
91 91 0.226308403741851322
91 93 -0.0983653157921266091
91 108 -0.0983653157921266091
91 110 0.00528625471989023401
92 73 0.112989129664650273
92 75 -0.864242738771177743
92 90 -0.810269105020283043
92 92 2.68814908286638898
92 93 0.24129136907100926
92 94 -0.366055680385530102
92 95 -0.277399529411546941
92 109 -0.600145739876102535
92 110 -0.121395802041578418
92 111 0.0267242288326996653
92 112 -0.0296452149285296729
93 73 -0.101466388153734571
93 74 0.000539895387641589597
93 75 0.0310737677568568571
93 76 -0.216557125941629403
93 90 -0.107990506007540524
93 91 -0.0983653157921266091
93 92 0.24129136907100926
93 93 0.891038756436949075
93 95 -0.359271711018726514
93 110 -0.346944706011411752
93 112 0.0666519642727126105
94 75 0.0681331924569262143
94 77 -0.315610833800126223
94 92 -0.366055680385530102
94 94 0.727884247761860337
94 95 0.246745276499123922
94 96 -0.121298357894939826
94 111 -0.0667667605819274312
94 112 -0.0160864456741500184
94 113 -0.156944638381236873
95 75 -0.0647999091605334088
95 76 0.017393329143837271
95 77 0.1114207509649556
95 78 -0.902224047987407185
95 92 -0.277399529411546941
95 93 -0.359271711018726514
95 94 0.246745276499123922
95 95 2.89127274981955562
95 96 -0.827261283000967351
95 112 -1.06249213820706645
95 113 0.413369710681844915
95 222 -0.0245184499206834959
95 230 -0.162234748402386109
96 77 -0.143728924870251351
96 78 0.248065544435787821
96 79 -1.21341033132962806
96 94 -0.121298357894939826
96 95 -0.827261283000967351
96 96 3.75758115254969205
96 113 -1.0352844028559387
96 222 0.0666929330809782894
96 223 -0.161991057178853815
96 224 -0.53102088573534989
96 230 -0.0269129806217411963
96 231 -0.0114314065787877867
97 80 -0.244771250914497529
97 82 -0.00454379148250006696
97 97 0.778047823200231803
97 98 -0.196190526113380587
97 99 -0.0379006132846484711
97 101 -0.420315768544390123
97 102 0.362374711483519296
97 114 -0.213830804172977312
97 115 -0.00450049156805566036
97 116 0.00550172117441179165
97 117 -0.0238710097777132188
98 80 -0.1672505815045566
98 81 -0.537043961776184742
98 82 -0.0243821915836850631
98 83 -0.0147880567456436136
98 97 -0.196190526113380587
98 98 3.53458391991950682
98 99 0.0529311016315994892
98 100 -0.88309789342445566
98 102 -0.843246850984747942
98 114 -0.323782456145374375
98 116 -0.0676154013744856702
98 229 -0.232552377914447855
98 237 -0.254644192682254022
98 238 -0.0429205313018909754
99 82 -0.0163695454169466154
99 97 -0.0379006132846484711
99 98 0.0529311016315994892
99 99 0.0560797607627296218
99 100 -0.0388911942763099788
99 114 -0.0158495094164240354
100 82 -0.0523707983631619273
100 83 -0.47054991732577589
100 98 -0.88309789342445566
100 99 -0.0388911942763099788
100 100 2.75245919057024713
100 114 -0.146748627888429267
100 216 -0.116412621994981577
100 227 -0.44576150311868612
100 228 -0.468200780726459598
100 229 0.316277886743095205
100 233 -0.340722444451385886
100 234 -0.154057033039267294
100 237 0.0480757372955708806
101 80 -0.0353743206271976834
101 84 -0.452159545746236069
101 97 -0.420315768544390123
101 101 1.94328660889357341
101 102 -0.12483847613079764
101 103 -0.713305303720774164
101 104 0.256507701799741139
101 115 -0.198930612379418864
101 116 -0.229549674656111591
101 118 -0.00731551027240375309
101 119 -0.0180050986159845036
102 80 0.0514371700637622983
102 81 -0.0795410518022918733
102 84 -0.153608330961016393
102 85 -0.362624471130291615
102 97 0.362374711483519296
102 98 -0.843246850984747942
102 101 -0.12483847613079764
102 102 2.17240745374799005
102 104 -0.51182842356325553
102 116 -0.472247101655438706
102 119 -0.0382846290674315679
103 84 -0.0216359508269551998
103 86 -0.629812969843048909
103 101 -0.713305303720774164
103 103 2.71283514588478658
103 104 -0.0146646087475292945
103 105 -0.872119027832785942
103 106 0.14290918175501427
103 118 -0.336582958413206013
103 119 -0.24308004971215616
103 120 0.0323924015795215223
103 121 -0.0569358601228668604
104 84 -0.00488112510610888908
104 85 -0.0101032085141861336
104 86 -0.158293864744742357
104 87 -0.179905656085294852
104 101 0.256507701799741139
104 102 -0.51182842356325553
104 103 -0.0146646087475292945
104 104 1.24597042534520597
104 106 -0.287940398236659956
104 119 -0.338669839994496846
104 121 0.00380899784732685945
105 86 0.0397869672988745704
105 88 -0.770607000107838669
105 103 -0.872119027832785942
105 105 3.01911938972950544
105 106 0.0950296253610757174
105 107 -0.864242738771177743
105 108 0.0310737677568568849
105 120 -0.422839676569987499
105 121 -0.258534590160915512
105 122 0.0681331924569262282
105 123 -0.0647999091605334226
106 86 -0.0518206673285732597
106 87 -1.87260587242699637e-05
106 88 -0.132905619198168762
106 89 -0.0807178145169845512
106 103 0.14290918175501427
106 104 -0.287940398236659956
106 105 0.0950296253610757174
106 106 0.785216378633527445
106 108 -0.216557125941629403
106 121 -0.270588163612714538
106 123 0.0173933291438372606
107 88 0.112989129664650273
107 90 -0.810269105020283043
107 105 -0.864242738771177743
107 107 2.68814908286638898
107 108 0.241291369071009176
107 109 -0.600145739876102535
107 110 -0.121395802041578404
107 122 -0.366055680385530102
107 123 -0.277399529411546886
107 124 0.026724228832699648
107 125 -0.029645214928529659
108 88 -0.101466388153734585
108 89 0.000539895387641589489
108 90 -0.10799050600754051
108 91 -0.0983653157921266091
108 105 0.0310737677568568849
108 106 -0.216557125941629403
108 107 0.241291369071009176
108 108 0.891038756436948964
108 110 -0.346944706011411752
108 123 -0.359271711018726458
108 125 0.0666519642727125966
109 90 0.128314520367895035
109 92 -0.600145739876102535
109 107 -0.600145739876102535
109 109 1.31541767519181274
109 110 0.43650180052055304
109 111 -0.0706262495383279398
109 112 -0.16626432136485475
109 124 -0.0706262495383279121
109 125 -0.16626432136485475
109 126 -0.206161374521690532
110 90 -0.0971267529280033931
110 91 0.00528625471989023401
110 92 -0.121395802041578418
110 93 -0.346944706011411752
110 107 -0.121395802041578404
110 108 -0.346944706011411752
110 109 0.43650180052055304
110 110 1.94954217287162246
110 112 -0.836515371425073373
110 125 -0.836515371425073373
110 126 0.368052585595361692
110 239 -0.0525443018232971334
111 92 0.0267242288326996653
111 94 -0.0667667605819274312
111 109 -0.0706262495383279398
111 111 0.115955315748217061
111 112 0.0511870290954933305
111 113 -0.0179271417947961566
111 126 -0.0147638792609693613
111 127 -0.0237825425003891609
112 92 -0.0296452149285296729
112 93 0.0666519642727126105
112 94 -0.0160864456741500184
112 95 -1.06249213820706645
112 109 -0.16626432136485475
112 110 -0.836515371425073373
112 111 0.0511870290954933305
112 112 4.01310725031176752
112 113 -0.895795227705924124
112 126 -1.10074162444175649
112 127 0.383725676579243113
112 230 -0.152517027894237489
112 239 -0.0582972169631151838
112 240 -0.19631733165450882
113 94 -0.156944638381236873
113 95 0.413369710681844915
113 96 -1.0352844028559387
113 111 -0.0179271417947961566
113 112 -0.895795227705924124
113 113 2.52557095025273881
113 127 -0.49584343965613531
113 230 0.244789800325727031
113 231 -0.346595657962620207
113 240 -0.0191711204863450752
113 241 -0.216168832417313883
114 97 -0.213830804172977312
114 98 -0.323782456145374375
114 99 -0.0158495094164240354
114 100 -0.146748627888429267
114 114 3.23304875291299121
114 116 -0.969188386478939679
114 117 -0.0360790059239597255
114 128 -0.0917929317933467437
114 233 -0.716369349131837696
114 237 -0.325536022280575654
114 238 0.132098868631942451
114 243 -0.270557731408675561
114 244 -0.228417160855199475
114 246 -0.026995636049194062
115 97 -0.00450049156805566036
115 101 -0.198930612379418864
115 115 0.501330670987096161
115 116 -0.152102506929342463
115 117 -0.0346333915382756319
115 118 -0.236910786355681413
115 119 0.318062412866485955
115 128 -0.0664823801708115947
115 129 -0.12583291491199658
116 97 0.00550172117441179165
116 98 -0.0676154013744856702
116 101 -0.229549674656111591
116 102 -0.472247101655438706
116 114 -0.969188386478939679
116 115 -0.152102506929342463
116 116 3.65310448233300455
116 117 0.0569557149538248222
116 119 -1.06927086423817719
116 128 -0.393001147369395509
116 129 0.176547207772625059
116 238 -0.0848187094112874407
116 246 -0.309397028141378705
116 247 -0.144918305979308909
117 97 -0.0238710097777132188
117 114 -0.0360790059239597255
117 115 -0.0346333915382756319
117 116 0.0569557149538248222
117 117 0.0606150693515526348
117 128 -0.022987377065428867
118 101 -0.00731551027240375309
118 103 -0.336582958413206013
118 115 -0.236910786355681413
118 118 1.02818250815390044
118 119 0.0128195284570927145
118 120 -0.38290489063133426
118 121 0.239328683883754445
118 129 -0.210093187734279208
118 130 -0.106523387087843036
119 101 -0.0180050986159845036
119 102 -0.0382846290674315679
119 103 -0.24308004971215616
119 104 -0.338669839994496846
119 115 0.318062412866485955
119 116 -1.06927086423817719
119 118 0.0128195284570927145
119 119 2.8504686699215207
119 121 -0.911578397111972416
119 129 -0.597401476624023209
119 130 0.150765341045330792
119 247 -0.040883717959902123
119 248 -0.0749418789662864154
120 103 0.0323924015795215223
120 105 -0.422839676569987499
120 118 -0.38290489063133426
120 120 1.16887859327262023
120 121 0.165851435522920365
120 122 -0.315610833800126167
120 123 0.111420750964955573
120 130 -0.213458855468318609
120 131 -0.143728924870251323
121 103 -0.0569358601228668604
121 104 0.00380899784732685945
121 105 -0.258534590160915512
121 106 -0.270588163612714538
121 118 0.239328683883754445
121 119 -0.911578397111972416
121 120 0.165851435522920365
121 121 2.50420267466027413
121 123 -0.902224047987407296
121 130 -0.680492946350630512
121 131 0.248065544435787766
121 248 -0.00726503756327145055
121 249 -0.0736382934402848299
122 105 0.0681331924569262282
122 107 -0.366055680385530102
122 120 -0.315610833800126167
122 122 0.727884247761860226
122 123 0.246745276499123922
122 124 -0.0667667605819274035
122 125 -0.0160864456741500184
122 131 -0.12129835789493984
122 132 -0.156944638381236845
123 105 -0.0647999091605334226
123 106 0.0173933291438372606
123 107 -0.277399529411546886
123 108 -0.359271711018726458
123 120 0.111420750964955573
123 121 -0.902224047987407296
123 122 0.246745276499123922
123 123 2.89127274981955562
123 125 -1.06249213820706623
123 131 -0.827261283000967351
123 132 0.413369710681844971
123 249 -0.0245184499206835028
123 250 -0.162234748402386109
124 107 0.026724228832699648
124 109 -0.0706262495383279121
124 122 -0.0667667605819274035
124 124 0.115955315748217019
124 125 0.0511870290954933374
124 126 -0.014763879260969363
124 132 -0.0179271417947961531
124 133 -0.0237825425003891609
125 107 -0.029645214928529659
125 108 0.0666519642727125966
125 109 -0.16626432136485475
125 110 -0.836515371425073373
125 122 -0.0160864456741500184
125 123 -1.06249213820706623
125 124 0.0511870290954933374
125 125 4.01310725031176663
125 126 -1.10074162444175627
125 132 -0.895795227705924124
125 133 0.383725676579243169
125 239 -0.0582972169631151838
125 250 -0.152517027894237489
125 251 -0.19631733165450882
126 109 -0.206161374521690532
126 110 0.368052585595361692
126 111 -0.0147638792609693613
126 112 -1.10074162444175649
126 124 -0.014763879260969363
126 125 -1.10074162444175627
126 126 3.47922438654833677
126 127 -0.478459286013705909
126 133 -0.478459286013705909
126 239 0.133055568999126322
126 240 -0.20665122855949572
126 251 -0.20665122855949572
126 252 -0.172939130069280134
127 111 -0.0237825425003891609
