% 1864x1864 20048 nonzeros
1 1 1.37976009675552035e-06
1 2 1.50121565575867217e-07
1 3 1.42165836839434259e-07
1 4 2.81212510812222338e-05
1 5 9.24372322009872557e-07
1 6 2.36863898432149774e-07
1 7 1.98075059049173468e-06
1 8 8.73155556763689873e-07
2 1 1.50121565575867217e-07
2 2 9.22317432243417896e-05
2 3 1.73214819673078156e-05
2 4 0.000165710376372861843
2 5 6.7019033722685685e-05
2 9 6.39266726335892868e-06
2 10 6.43216027884670866e-06
2 11 0.000399816088829669364
2 12 4.319148036444836e-05
3 1 1.42165836839434259e-07
3 2 1.73214819673078156e-05
3 3 0.0013041572452105795
3 4 0.000655095266487967613
3 6 3.48975464634274278e-05
3 10 0.000140557602100978697
3 11 0.000561192571784010184
3 32 0.000189683248702156234
3 33 0.000608523938813385025
3 34 0.000113890904346411934
3 35 0.00106093080635387567
4 1 2.81212510812222338e-05
4 2 0.000165710376372861843
4 3 0.000655095266487967613
4 4 0.0050532639486409129
4 5 0.000818114336597631922
4 6 0.000242956316922052792
4 7 0.000828499179059874902
4 8 0.000538873133140804631
4 11 0.000703936392740466509
4 33 0.000617642635144110869
4 35 0.000224788586405291041
4 175 0.000289244735991142784
4 176 2.63264420680615579e-05
4 189 6.2142502568892727e-06
5 1 9.24372322009872557e-07
5 2 6.7019033722685685e-05
5 4 0.000818114336597631922
5 5 0.00436327011190927247
5 8 0.000412419965148759764
5 11 0.000758785559858133046
5 12 0.000731631760084490304
5 139 0.000269702704426237692
5 152 4.48584220554020034e-05
5 158 0.000769491714815281804
5 159 0.000555201333370327829
5 175 0.00040553750915545535
5 176 0.00031221745385357966
6 1 2.36863898432149774e-07
6 3 3.48975464634274278e-05
6 4 0.000242956316922052792
6 6 0.000280637675083887151
6 7 0.000194590897893580578
6 26 2.36863898432149774e-07
6 27 3.48975464634274278e-05
6 28 0.000242956316922052792
6 32 2.33754361885121138e-05
6 33 0.000702906919275048656
7 1 1.98075059049173468e-06
7 4 0.000828499179059874902
7 6 0.000194590897893580578
7 7 0.00478783093402693725
7 8 0.000497865948918931826
7 26 1.98075059049173468e-06
7 28 0.000828499179059874902
7 31 0.000497865948918931826
7 33 0.000647967831804894872
7 155 0.000103645038675901702
7 174 0.000700512515671242175
7 175 0.000316619244197749287
7 188 0.000316619244197749287
7 189 7.90507885314122277e-05
8 1 8.73155556763689873e-07
8 4 0.000538873133140804631
8 5 0.000412419965148759764
8 7 0.000497865948918931826
8 8 0.00252726729921080124
8 151 8.12210099353947679e-07
8 152 6.17567656267335713e-05
8 153 0.000709681043433984257
8 155 9.485073975840811e-05
8 158 0.00063997570290093655
8 174 0.000631449834151746013
8 175 0.000896549330863326494
9 2 6.39266726335892868e-06
9 9 0.000318678831567656559
9 10 6.31055294411464685e-05
9 11 0.000412938120186005851
9 12 0.00023754508314667065
9 13 1.52360890429332113e-05
9 14 1.65147039105194231e-05
9 15 0.000698649144410329369
9 16 0.000116517543755152961
10 2 6.43216027884670866e-06
10 3 0.000140557602100978697
10 9 6.31055294411464685e-05
10 10 0.002249534681723312
10 11 0.000831264603444328539
10 14 0.000225747943583458295
10 15 0.000678153458224353776
10 34 0.00037174455929943318
10 35 0.000687123827286553268
10 36 0.000208162092243770419
10 37 0.00107292738694000694
11 2 0.000399816088829669364
11 3 0.000561192571784010184
11 4 0.000703936392740466509
11 5 0.000758785559858133046
11 9 0.000412938120186005851
11 10 0.000831264603444328539
11 11 0.00448015879337758036
11 12 0.00084500693844090076
11 15 0.000504844835826696219
11 35 0.000325884090215681794
11 37 9.43968374848117877e-05
11 176 3.89442815272558518e-05
11 177 8.45657427672987424e-07
12 2 4.319148036444836e-05
12 5 0.000731631760084490304
12 9 0.00023754508314667065
12 11 0.00084500693844090076
12 12 0.00521321880530100853
12 15 0.000679384757352054116
12 16 0.000889000980834366993
12 136 0.00048929326813510973
12 139 0.000186106156716287662
12 159 0.000675215936015340925
12 160 0.00039912823069298539
12 176 0.000130709657699320365
12 177 5.92066972668312707e-05
13 9 1.52360890429332113e-05
13 13 0.000360689795731240098
13 14 7.57474967503733167e-05
13 15 0.000500290162099434593
13 16 0.000295326796501463958
13 17 9.07649272300810294e-06
13 18 1.06488904388107664e-05
13 19 0.000695775461675291569
13 20 8.91120194433533502e-05
14 9 1.65147039105194231e-05
14 10 0.000225747943583458295
14 13 7.57474967503733167e-05
14 14 0.00254718228399223538
14 15 0.00091582767200672102
14 18 0.000202400399215488724
14 19 0.000715466753170297502
14 36 0.000443302811759107435
14 37 0.000701969992489491837
14 38 0.000191674880601097109
14 39 0.00110425589284340094
15 9 0.000698649144410329369
15 10 0.000678153458224353776
15 11 0.000504844835826696219
15 12 0.000679384757352054116
15 13 0.000500290162099434593
15 14 0.00091582767200672102
15 15 0.0040601533667883891
15 16 0.000841487442258717199
15 19 0.000491921203048277501
15 37 0.00022762014774068887
15 39 7.9553207866657171e-05
15 177 3.49786994230930003e-06
15 178 7.54450104655262454e-08
16 9 0.000116517543755152961
16 12 0.000889000980834366993
16 13 0.000295326796501463958
16 15 0.000841487442258717199
16 16 0.00569137098557389622
16 19 0.000707666142678127258
16 20 0.000949041293153115033
16 136 0.000325739481218946221
16 143 0.000575332224886553837
16 160 0.000598519568492058055
16 161 0.000390667768258012307
16 177 3.213587693879723e-05
16 178 3.97413404284103195e-05
17 13 9.07649272300810294e-06
17 17 0.000132891440384214933
17 18 2.97599416694907198e-05
17 19 0.000392697882986968493
17 20 0.000135815736316298907
17 21 3.05728494369266675e-07
17 22 3.97004917721212573e-07
17 23 0.000321418021156743205
17 24 5.15005706511514782e-06
18 13 1.06488904388107664e-05
18 14 0.000202400399215488724
18 17 2.97599416694907198e-05
18 18 0.00192638240497871628
18 19 0.000962105390349356562
18 22 7.51087006460308173e-05
18 23 0.000615445404499353988
18 38 0.000331403620120208897
18 39 0.000773631971002049701
18 40 6.92538518259059775e-05
18 41 0.00115998654327456184
19 13 0.000695775461675291569
19 14 0.000715466753170297502
19 15 0.000491921203048277501
19 16 0.000707666142678127258
19 17 0.000392697882986968493
19 18 0.000962105390349356562
19 19 0.00466396706847624527
19 20 0.000978218965996223433
19 23 0.000743869966169750626
19 39 0.000279847545837335677
19 41 0.000170995496958272153
19 178 4.8769242431032006e-06
19 179 1.9991301704713099e-06
20 13 8.91120194433533502e-05
20 16 0.000949041293153115033
20 17 0.000135815736316298907
20 19 0.000978218965996223433
20 20 0.00591999400042009065
20 23 0.000926503951694400765
20 24 0.000791732153165682138
20 143 0.000309142085402525101
20 147 0.000453549562453443118
20 161 0.00071278883268061327
20 163 0.000612575428053657484
20 178 6.28641403353159996e-05
20 179 0.000234554233331400334
21 17 3.05728494369266675e-07
21 21 2.49534568590605683e-06
21 22 5.62488978840020839e-07
21 23 4.02202910509034416e-05
21 24 2.6875866619912023e-06
21 25 4.48510630666413085e-06
22 17 3.97004917721212573e-07
22 18 7.51087006460308173e-05
22 21 5.62488978840020839e-07
22 22 0.000549669307224790772
22 23 0.000614613012409222703
22 25 7.4547297506099525e-05
22 40 9.13677749325161409e-05
22 41 0.000727468867197934767
22 42 7.94360284073225891e-07
22 43 7.69335218684313097e-07
22 44 0.000669195323948157395
23 17 0.000321418021156743205
23 18 0.000615445404499353988
23 19 0.000743869966169750626
23 20 0.000926503951694400765
23 21 4.02202910509034416e-05
23 22 0.000614613012409222703
23 23 0.00672261193891297501
23 24 0.00107991415204658362
23 25 0.00122870316077669062
23 41 0.000604719460556777809
23 44 0.000764776547248003096
23 179 8.98389762752761187e-05
23 180 0.000180440625137207652
23 190 1.86943078524128201e-05
24 17 5.15005706511514782e-06
24 20 0.000791732153165682138
24 21 2.6875866619912023e-06
24 23 0.00107991415204658362
24 24 0.0046197689798020249
24 25 0.00053472233814304878
24 147 0.000131151865859478983
24 162 0.000157692640676871873
24 163 0.00103850976431793464
24 165 0.000295076310481420865
24 166 0.000859907449503289115
24 179 0.000363687784176015588
24 180 0.000987716587351223458
25 21 4.48510630666413085e-06
25 22 7.4547297506099525e-05
25 23 0.00122870316077669062
25 24 0.00053472233814304878
25 25 0.00625000112597090193
25 42 5.52249197308781748e-06
25 44 0.00130215133300694698
25 45 0.000528230471733981822
25 165 0.000371831793342014896
25 180 0.000896142234635799559
25 182 0.000347581073409635052
25 183 0.000976265455125366896
25 190 0.000138327021348684829
25 191 0.00100997986676054532
26 6 2.36863898432149774e-07
26 7 1.98075059049173468e-06
26 26 1.37976009675552035e-06
26 27 1.42165836839434259e-07
26 28 2.81212510812222304e-05
26 29 1.50121565575867191e-07
26 30 9.24372322009872451e-07
26 31 8.73155556763689873e-07
27 6 3.48975464634274278e-05
27 26 1.42165836839434259e-07
27 27 0.0013041572452105795
27 28 0.000655095266487967613
27 29 1.73214819673078122e-05
27 32 0.000189683248702156234
27 33 0.000608523938813385025
27 46 0.000140557602100978697
27 47 0.000561192571784010076
27 50 0.000113890904346411934
27 51 0.00106093080635387567
28 6 0.000242956316922052792
28 7 0.000828499179059874902
28 26 2.81212510812222304e-05
28 27 0.000655095266487967613
28 28 0.00505326394864091203
28 29 0.000165710376372861816
28 30 0.000818114336597631922
28 31 0.000538873133140804631
28 33 0.000617642635144110869
28 47 0.000703936392740466509
28 51 0.000224788586405291014
28 188 0.000289244735991142784
28 189 6.21425025688927101e-06
28 200 2.63264420680615579e-05
29 26 1.50121565575867191e-07
29 27 1.73214819673078122e-05
29 28 0.000165710376372861816
29 29 9.22317432243418168e-05
29 30 6.7019033722685685e-05
29 46 6.43216027884670866e-06
29 47 0.000399816088829669418
29 48 6.39266726335892868e-06
29 49 4.31914803644483668e-05
30 26 9.24372322009872451e-07
30 28 0.000818114336597631922
30 29 6.7019033722685685e-05
30 30 0.0043632701119092716
30 31 0.00041241996514875971
30 47 0.000758785559858133046
30 49 0.000731631760084490304
30 171 4.48584220554019899e-05
30 185 0.000769491714815281587
30 186 0.000269702704426237638
30 188 0.000405537509155455404
30 199 0.000555201333370327721
30 200 0.00031221745385357966
31 7 0.000497865948918931826
31 26 8.73155556763689873e-07
31 28 0.000538873133140804631
31 30 0.00041241996514875971
31 31 0.00252726729921080168
31 155 9.485073975840811e-05
31 169 8.12210099353947785e-07
31 170 0.000709681043433984366
31 171 6.17567656267335713e-05
31 174 0.000631449834151746013
31 185 0.00063997570290093655
31 188 0.000896549330863326602
32 3 0.000189683248702156234
32 6 2.33754361885121138e-05
32 27 0.000189683248702156234
32 32 0.00308593742821910424
32 33 0.000850457795419230908
32 34 0.000455340721400021467
32 35 0.000666359847090353965
32 50 0.000455340721400021358
32 51 0.000666359847090353965
32 52 0.000380821465612776896
32 53 0.000934608105198028749
33 3 0.000608523938813385025
33 4 0.000617642635144110869
33 6 0.000702906919275048656
33 7 0.000647967831804894872
33 27 0.000608523938813385025
33 28 0.000617642635144110869
33 32 0.000850457795419230908
33 33 0.00357341990200515805
33 35 0.000251102068745994041
33 51 0.000251102068745994041
33 53 3.65955543997041074e-05
33 189 3.92791868507586792e-06
34 3 0.000113890904346411934
34 10 0.00037174455929943318
34 32 0.000455340721400021467
34 34 0.00440598240169541317
34 35 0.000838178575609453626
34 36 0.000643168137164994592
34 37 0.000590835762250478073
34 52 0.000754150498337409513
34 53 0.000509297062704832347
34 54 0.000635700294308812132
34 55 0.000687045210684057066
35 3 0.00106093080635387567
35 4 0.000224788586405291041
35 10 0.000687123827286553268
35 11 0.000325884090215681794
35 32 0.000666359847090353965
35 33 0.000251102068745994041
35 34 0.000838178575609453626
35 35 0.00207469528513813109
35 37 0.000115337295118592199
35 53 7.45868893292863679e-05
35 55 6.71517264896691985e-06
36 10 0.000208162092243770419
36 14 0.000443302811759107435
36 34 0.000643168137164994592
36 36 0.00495742759625974853
36 37 0.000826189591521698553
36 38 0.000643922731840941044
36 39 0.000611569878135187137
36 54 0.000889237330602914156
36 55 0.000408039740693654104
36 56 0.000639885250757708844
36 57 0.000686135347819988675
37 10 0.00107292738694000694
37 11 9.43968374848117877e-05
37 14 0.000701969992489491837
37 15 0.00022762014774068887
37 34 0.000590835762250478073
37 35 0.000115337295118592199
37 36 0.000826189591521698553
37 37 0.00147786497953838179
37 39 9.38289302416806794e-05
37 55 2.98676669119751622e-05
37 57 3.57771228449125089e-06
38 14 0.000191674880601097109
38 18 0.000331403620120208897
38 36 0.000643922731840941044
38 38 0.00450174902232527811
38 39 0.000964410115429253684
38 40 0.00040997293658864072
38 41 0.000786738320579791054
38 56 0.000778295435567698149
38 57 0.00052208362893885489
38 58 0.000343440868841835261
38 59 0.00099621831423272111
39 14 0.00110425589284340094
39 15 7.9553207866657171e-05
39 18 0.000773631971002049701
39 19 0.000279847545837335677
39 36 0.000611569878135187137
39 37 9.38289302416806794e-05
39 38 0.000964410115429253684
39 39 0.00172605671050870039
39 41 0.000175846284434705887
39 57 3.79431014985149074e-05
39 59 1.2400869896474752e-05
40 18 6.92538518259059775e-05
40 22 9.13677749325161409e-05
40 38 0.00040997293658864072
40 40 0.00264605030418621923
40 41 0.00121082992316784172
40 43 6.46106510347497305e-05
40 44 0.000762500408708318973
40 58 0.000386697777719711522
40 59 0.000836971612713260276
40 60 3.96491989538934052e-05
40 61 0.00123087091273529946
41 18 0.00115998654327456184
41 19 0.000170995496958272153
41 22 0.000727468867197934767
41 23 0.000604719460556777809
41 38 0.000786738320579791054
41 39 0.000175846284434705887
41 40 0.00121082992316784172
41 41 0.00330847252235902736
41 44 0.000596523853579094621
41 59 0.000148895677081606646
41 61 0.000130298442799982734
42 22 7.94360284073225891e-07
42 25 5.52249197308781748e-06
42 42 3.54652734698499909e-06
42 43 5.57616684319893773e-07
42 44 5.16469304039454831e-05
42 45 3.43539154962947498e-06
43 22 7.69335218684313097e-07
43 40 6.46106510347497305e-05
43 42 5.57616684319893773e-07
43 43 0.000260243145572285409
43 44 0.000466329591277630726
43 45 7.61908285185198319e-06
43 60 2.65939867542021188e-05
43 61 0.000617848028754272561
43 62 0.000213572802507234853
44 22 0.000669195323948157395
44 23 0.000764776547248003096
44 25 0.00130215133300694698
44 40 0.000762500408708318973
44 41 0.000596523853579094621
44 42 5.16469304039454831e-05
44 43 0.000466329591277630726
44 44 0.0075309306600105418
44 45 0.00125741400132772471
44 61 0.000792442125879981433
44 62 0.00112600390106176078
44 190 1.93844051876591438e-05
44 191 0.000243844317423921192
44 201 0.000143684642862272599
45 25 0.000528230471733981822
45 42 3.43539154962947498e-06
45 43 7.61908285185198319e-06
45 44 0.00125741400132772471
45 45 0.00456967877729158502
45 62 0.000849852518525231007
45 182 0.000197725266367148629
45 191 0.00146044121220059784
45 192 0.000774583345113232392
45 201 0.000663805533324747597
45 202 1.16888185288699741e-05
45 203 1.42114764276298727e-05
45 204 0.00144650754525015132
46 27 0.000140557602100978697
46 29 6.43216027884670866e-06
46 46 0.002249534681723312
46 47 0.000831264603444328539
46 48 6.31055294411464685e-05
46 50 0.00037174455929943318
46 51 0.000687123827286553268
46 63 0.000225747943583458295
46 64 0.000678153458224353884
46 67 0.000208162092243770446
46 68 0.00107292738694000694
47 27 0.000561192571784010076
47 28 0.000703936392740466509
47 29 0.000399816088829669418
47 30 0.000758785559858133046
47 46 0.000831264603444328539
47 47 0.00448015879337758036
47 48 0.000412938120186005851
47 49 0.00084500693844090076
47 51 0.000325884090215681794
47 64 0.000504844835826696219
47 68 9.43968374848117877e-05
47 200 3.89442815272558518e-05
47 211 8.45657427672987424e-07
48 29 6.39266726335892868e-06
48 46 6.31055294411464685e-05
48 47 0.000412938120186005851
48 48 0.000318678831567656559
48 49 0.000237545083146670623
48 63 1.65147039105194231e-05
48 64 0.000698649144410329369
48 65 1.52360890429332113e-05
48 66 0.000116517543755152961
49 29 4.31914803644483668e-05
49 30 0.000731631760084490304
49 47 0.00084500693844090076
49 48 0.000237545083146670623
49 49 0.00521321880530100853
49 64 0.000679384757352054116
49 66 0.000889000980834366993
49 186 0.000186106156716287662
49 194 0.000489293268135109621
49 199 0.000675215936015340925
49 200 0.000130709657699320365
49 210 0.00039912823069298539
49 211 5.92066972668312707e-05
50 27 0.000113890904346411934
50 32 0.000455340721400021358
50 46 0.00037174455929943318
50 50 0.00440598240169541317
50 51 0.000838178575609453409
50 52 0.000754150498337409622
50 53 0.000509297062704832347
50 67 0.000643168137164994592
50 68 0.000590835762250478073
50 69 0.000635700294308812132
50 70 0.000687045210684057066
51 27 0.00106093080635387567
51 28 0.000224788586405291014
51 32 0.000666359847090353965
51 33 0.000251102068745994041
51 46 0.000687123827286553268
51 47 0.000325884090215681794
51 50 0.000838178575609453409
51 51 0.00207469528513813022
51 53 7.45868893292863679e-05
51 68 0.000115337295118592172
51 70 6.7151726489669207e-06
52 32 0.000380821465612776896
52 34 0.000754150498337409513
52 50 0.000754150498337409622
52 52 0.00593850858819696629
52 53 0.000625961321393922942
52 54 0.00101364561940258356
52 55 0.000287748976603600069
52 69 0.00101364561940258356
52 70 0.000287748976603600069
52 71 0.00104741812714578223
52 72 0.000260781578533172888
53 32 0.000934608105198028749
53 33 3.65955543997041074e-05
53 34 0.000509297062704832347
53 35 7.45868893292863679e-05
53 50 0.000509297062704832347
53 51 7.45868893292863679e-05
53 52 0.000625961321393922942
53 53 0.000763546174543074151
53 55 1.50710557538525695e-05
53 70 1.50710557538525678e-05
53 72 2.09441217840180685e-07
54 34 0.000635700294308812132
54 36 0.000889237330602914156
54 52 0.00101364561940258356
54 54 0.00667339069432451668
54 55 0.000449504055345811035
54 56 0.00105378152054670616
54 57 0.000255316075262950826
54 71 0.00119328408887962867
54 72 0.000111641998258387435
54 73 0.00109340096428001826
54 74 0.000215074592851495971
55 34 0.000687045210684057066
55 35 6.71517264896691985e-06
55 36 0.000408039740693654104
55 37 2.98676669119751622e-05
55 52 0.000287748976603600069
55 53 1.50710557538525695e-05
55 54 0.000449504055345811035
55 55 0.000318335139354935246
55 57 7.49356919408133081e-06
55 72 1.28410689490455044e-06
55 74 1.73594801884199257e-08
56 36 0.000639885250757708844
56 38 0.000778295435567698149
56 54 0.00105378152054670616
56 56 0.00641633961110787011
56 57 0.000579213197314303431
56 58 0.000795576593369269397
56 59 0.000518692475201015216
56 73 0.00110421818851778181
56 74 0.000210869749829094597
56 75 0.000655024930492762629
56 76 0.000674459404875462232
57 36 0.000686135347819988675
57 37 3.57771228449125089e-06
57 38 0.00052208362893885489
57 39 3.79431014985149074e-05
57 54 0.000255316075262950826
57 55 7.49356919408133081e-06
57 56 0.000579213197314303431
57 57 0.000380958898753784375
57 59 2.40454067568767068e-05
57 74 1.74257661259026711e-06
57 76 4.05301748045568464e-07
58 38 0.000343440868841835261
58 40 0.000386697777719711522
58 56 0.000795576593369269397
58 58 0.00463388854290674307
58 59 0.00111446518523818983
58 60 0.000253493263914025379
58 61 0.000940174129459359683
58 75 0.000647288323983855789
58 76 0.00066902363800054078
58 77 0.000116685050412774282
58 78 0.00123268787790267341
59 38 0.00099621831423272111
59 39 1.2400869896474752e-05
59 40 0.000836971612713260276
59 41 0.000148895677081606646
59 56 0.000518692475201015216
59 57 2.40454067568767068e-05
59 58 0.00111446518523818983
59 59 0.00129295752120089946
59 61 0.0001911998507562007
59 76 3.32367515360276628e-05
59 78 2.56626609289597337e-05
60 40 3.96491989538934052e-05
60 43 2.65939867542021188e-05
60 58 0.000253493263914025379
60 60 0.000992906428328730987
60 61 0.00121622508150189077
60 62 0.000178285020676062077
60 77 7.35662469447067961e-05
60 78 0.000921451320716085631
60 79 0.000572489752532578597
61 40 0.00123087091273529946
61 41 0.000130298442799982734
61 43 0.000617848028754272561
61 44 0.000792442125879981433
61 58 0.000940174129459359683
61 59 0.0001911998507562007
61 60 0.00121622508150189077
61 61 0.0051084567556898856
61 62 0.0012811662193755746
61 78 0.000416810015038348702
61 79 0.000869721361186570618
61 201 4.05518828336612121e-06
61 212 1.01342357419330934e-05
62 43 0.000213572802507234853
62 44 0.00112600390106176078
62 45 0.000849852518525231007
62 60 0.000178285020676062077
62 61 0.0012811662193755746
62 62 0.00788276883223779784
62 79 0.00133510643605834652
62 201 0.000509746501566468095
62 203 0.000218252670876666987
62 204 0.00124574129573624221
62 212 0.000177557856134669215
62 213 0.000124127660232154402
62 214 0.00145239755277363916
63 46 0.000225747943583458295
63 48 1.65147039105194231e-05
63 63 0.00254718228399223581
63 64 0.000915827672006720912
63 65 7.57474967503733167e-05
63 67 0.000443302811759107435
63 68 0.000701969992489491837
63 80 0.000202400399215488751
63 81 0.000715466753170297502
63 84 0.000191674880601097109
63 85 0.00110425589284340094
64 46 0.000678153458224353884
64 47 0.000504844835826696219
64 48 0.000698649144410329369
64 49 0.000679384757352054116
64 63 0.000915827672006720912
64 64 0.0040601533667883891
64 65 0.000500290162099434701
64 66 0.000841487442258717308
64 68 0.00022762014774068887
64 81 0.000491921203048277501
64 85 7.9553207866657171e-05
64 211 3.49786994230930003e-06
64 221 7.54450104655262454e-08
65 48 1.52360890429332113e-05
65 63 7.57474967503733167e-05
65 64 0.000500290162099434701
65 65 0.000360689795731240043
65 66 0.000295326796501463958
65 80 1.06488904388107664e-05
65 81 0.000695775461675291569
65 82 9.07649272300810294e-06
65 83 8.91120194433533502e-05
66 48 0.000116517543755152961
66 49 0.000889000980834366993
66 64 0.000841487442258717308
66 65 0.000295326796501463958
66 66 0.00569137098557389708
66 81 0.000707666142678127258
66 83 0.000949041293153115033
66 194 0.000325739481218946221
66 206 0.000575332224886553837
66 210 0.000598519568492058055
66 211 3.213587693879723e-05
66 220 0.000390667768258012198
66 221 3.97413404284103195e-05
67 46 0.000208162092243770446
67 50 0.000643168137164994592
67 63 0.000443302811759107435
67 67 0.00495742759625974853
67 68 0.000826189591521698553
67 69 0.000889237330602914156
67 70 0.000408039740693654049
67 84 0.000643922731840941261
67 85 0.000611569878135187245
67 86 0.000639885250757708844
67 87 0.000686135347819988783
68 46 0.00107292738694000694
68 47 9.43968374848117877e-05
68 50 0.000590835762250478073
68 51 0.000115337295118592172
68 63 0.000701969992489491837
68 64 0.00022762014774068887
68 67 0.000826189591521698553
68 68 0.001477864979538382
68 70 2.98676669119751622e-05
68 85 9.38289302416806794e-05
68 87 3.57771228449125174e-06
69 50 0.000635700294308812132
69 52 0.00101364561940258356
69 67 0.000889237330602914156
69 69 0.00667339069432451668
69 70 0.000449504055345810981
69 71 0.00119328408887962867
69 72 0.000111641998258387449
69 86 0.00105378152054670595
69 87 0.000255316075262950826
69 88 0.00109340096428001804
69 89 0.000215074592851495944
70 50 0.000687045210684057066
70 51 6.7151726489669207e-06
70 52 0.000287748976603600069
70 53 1.50710557538525678e-05
70 67 0.000408039740693654049
70 68 2.98676669119751622e-05
70 69 0.000449504055345810981
70 70 0.0003183351393549353
70 72 1.28410689490455065e-06
70 87 7.49356919408133081e-06
70 89 1.73594801884199257e-08
71 52 0.00104741812714578223
71 54 0.00119328408887962867
71 69 0.00119328408887962867
71 71 0.0075469938551668541
71 72 0.000124224051794447863
71 73 0.00126016118544768768
71 74 4.6024215023536972e-05
71 88 0.00126016118544768768
71 89 4.6024215023536972e-05
71 90 0.00115171118622336434
71 91 0.000156858170363321386
72 52 0.000260781578533172888
72 53 2.09441217840180685e-07
72 54 0.000111641998258387435
72 55 1.28410689490455044e-06
72 69 0.000111641998258387449
72 70 1.28410689490455065e-06
72 71 0.000124224051794447863
72 72 3.36894439134218115e-05
72 74 8.71349956904750146e-08
72 89 8.71349956904750146e-08
73 54 0.00109340096428001826
73 56 0.00110421818851778181
73 71 0.00126016118544768768
73 73 0.00738995846658597414
73 74 0.000230144640971198343
73 75 0.000991358649892705966
73 76 0.000334076390373780818
73 90 0.0011676376372737197
73 91 0.000149206064062737056
73 92 0.00066838425015471937
73 93 0.000661630453607492787
74 54 0.000215074592851495971
74 55 1.73594801884199257e-08
74 56 0.000210869749829094597
74 57 1.74257661259026711e-06
74 71 4.6024215023536972e-05
74 72 8.71349956904750146e-08
74 73 0.000230144640971198343
74 74 4.26154452922165362e-05
74 76 2.16295205595756367e-06
74 91 1.30132789405611197e-07
74 93 3.56473546440354682e-08
75 56 0.000655024930492762629
75 58 0.000647288323983855789
75 73 0.000991358649892705966
75 75 0.00555856971848331383
75 76 0.000972359449585157086
75 77 0.000343669441948496089
75 78 0.000942992626579242511
75 92 0.000652333328722493728
75 93 0.000678906478673544874
75 94 9.59819916319973695e-05
75 95 0.0012635616000322542
76 56 0.000674459404875462232
76 57 4.05301748045568464e-07
76 58 0.00066902363800054078
76 59 3.32367515360276628e-05
76 73 0.000334076390373780818
76 74 2.16295205595756367e-06
76 75 0.000972359449585157086
76 76 0.000585339553804945412
76 78 8.56400473101811091e-05
76 93 1.83339132337922265e-05
76 95 1.55070862314104932e-05
77 58 0.000116685050412774282
77 60 7.35662469447067961e-05
77 75 0.000343669441948496089
77 77 0.00127463812312359794
77 78 0.00150943508114106083
77 79 0.000297574127132861199
77 94 5.26442753925865218e-05
77 95 0.000956538985210959088
77 96 0.000550863058083777765
78 58 0.00123268787790267341
78 59 2.56626609289597337e-05
78 60 0.000921451320716085631
78 61 0.000416810015038348702
78 75 0.000942992626579242511
78 76 8.56400473101811091e-05
78 77 0.00150943508114106083
78 78 0.00416419990036855699
78 79 0.00115149738109394809
78 95 0.00040287906598172852
78 96 0.000891969329982403433
78 212 2.02715345575680311e-07
78 222 9.50726654957252323e-06
79 60 0.000572489752532578597
79 61 0.000869721361186570618
79 62 0.00133510643605834652
79 77 0.000297574127132861199
79 78 0.00115149738109394809
79 79 0.00877663422760432792
79 96 0.00137382502023532813
79 212 0.000132604904574467502
79 213 0.000388791459781453672
79 214 0.00117303994067286606
79 222 0.000140234936767837711
79 223 9.50187389060167128e-05
79 224 0.00148654899537160857
80 63 0.000202400399215488751
80 65 1.06488904388107664e-05
80 80 0.0019263824049787165
80 81 0.000962105390349356562
80 82 2.9759941669490713e-05
80 84 0.000331403620120208952
80 85 0.000773631971002049917
80 97 7.51087006460308173e-05
80 98 0.000615445404499353988
80 101 6.92538518259059775e-05
80 102 0.00115998654327456184
81 63 0.000715466753170297502
81 64 0.000491921203048277501
81 65 0.000695775461675291569
81 66 0.000707666142678127258
81 80 0.000962105390349356562
81 81 0.00466396706847624354
81 82 0.000392697882986968493
81 83 0.00097821896599622365
81 85 0.000279847545837335677
81 98 0.000743869966169750626
81 102 0.000170995496958272153
81 221 4.87692424310320229e-06
81 229 1.9991301704713099e-06
82 65 9.07649272300810294e-06
82 80 2.9759941669490713e-05
82 81 0.000392697882986968493
82 82 0.000132891440384214933
82 83 0.000135815736316298907
82 97 3.9700491772121252e-07
82 98 0.000321418021156743151
82 99 3.05728494369266728e-07
82 100 5.15005706511514866e-06
83 65 8.91120194433533502e-05
83 66 0.000949041293153115033
83 81 0.00097821896599622365
83 82 0.000135815736316298907
83 83 0.00591999400042008978
83 98 0.000926503951694400657
83 100 0.00079173215316568203
83 206 0.000309142085402525101
83 216 0.000453549562453443118
83 220 0.00071278883268061327
83 221 6.2864140335315986e-05
83 227 0.000612575428053657484
83 229 0.000234554233331400362
84 63 0.000191674880601097109
84 67 0.000643922731840941261
84 80 0.000331403620120208952
84 84 0.00450174902232527811
84 85 0.000964410115429253684
84 86 0.000778295435567698149
84 87 0.000522083628938854998
84 101 0.00040997293658864072
84 102 0.000786738320579791054
84 103 0.000343440868841835261
84 104 0.00099621831423272111
85 63 0.00110425589284340094
85 64 7.9553207866657171e-05
85 67 0.000611569878135187245
85 68 9.38289302416806794e-05
85 80 0.000773631971002049917
85 81 0.000279847545837335677
85 84 0.000964410115429253684
85 85 0.0017260567105087006
85 87 3.79431014985149142e-05
85 102 0.000175846284434705915
85 104 1.24008698964747469e-05
86 67 0.000639885250757708844
86 69 0.00105378152054670595
86 84 0.000778295435567698149
86 86 0.00641633961110786837
86 87 0.000579213197314303323
86 88 0.00110421818851778181
86 89 0.000210869749829094597
86 103 0.000795576593369269397
86 104 0.000518692475201015216
86 105 0.000655024930492762629
86 106 0.000674459404875462341
87 67 0.000686135347819988783
87 68 3.57771228449125174e-06
87 69 0.000255316075262950826
87 70 7.49356919408133081e-06
87 84 0.000522083628938854998
87 85 3.79431014985149142e-05
87 86 0.000579213197314303323
87 87 0.000380958898753784429
87 89 1.74257661259026732e-06
87 104 2.40454067568767e-05
87 106 4.05301748045568464e-07
88 69 0.00109340096428001804
88 71 0.00126016118544768768
88 86 0.00110421818851778181
88 88 0.00738995846658597414
88 89 0.000230144640971198343
88 90 0.0011676376372737197
88 91 0.000149206064062737029
88 105 0.000991358649892705966
88 106 0.000334076390373780818
88 107 0.00066838425015471937
88 108 0.000661630453607492787
89 69 0.000215074592851495944
89 70 1.73594801884199257e-08
89 71 4.6024215023536972e-05
89 72 8.71349956904750146e-08
89 86 0.000210869749829094597
89 87 1.74257661259026732e-06
89 88 0.000230144640971198343
89 89 4.26154452922165362e-05
89 91 1.30132789405611223e-07
89 106 2.16295205595756325e-06
89 108 3.56473546440354682e-08
90 71 0.00115171118622336434
90 73 0.0011676376372737197
90 88 0.0011676376372737197
90 90 0.00715328551353698518
90 91 0.000374489437327445184
90 92 0.000846134584321659106
90 93 0.000489405768784369546
90 107 0.000846134584321659106
90 108 0.000489405768784369546
90 109 0.000299875071400500324
90 110 0.00105119853960130498
91 71 0.000156858170363321386
91 73 0.000149206064062737056
91 74 1.30132789405611197e-07
91 88 0.000149206064062737029
91 89 1.30132789405611223e-07
91 90 0.000374489437327445184
91 91 5.58017276288272772e-05
91 93 3.14718691195098101e-06
91 108 3.14718691195098101e-06
91 110 9.00786707278859526e-07
92 73 0.00066838425015471937
92 75 0.000652333328722493728
92 90 0.000846134584321659106
92 92 0.00483965011215212442
92 93 0.00127647974299173526
92 94 0.000176161090609784551
92 95 0.00108551737294094509
92 109 0.00030700018027557868
92 110 0.00100157635502191302
92 111 5.45070986520172245e-06
92 112 0.0013309087946662163
93 73 0.000661630453607492787
93 74 3.56473546440354682e-08
93 75 0.000678906478673544874
93 76 1.83339132337922265e-05
93 90 0.000489405768784369546
93 91 3.14718691195098101e-06
93 92 0.00127647974299173526
93 93 0.000765570891655878937
93 95 0.000123550015422824958
93 110 6.40030186202722115e-05
93 112 6.5118119764769156e-05
94 75 9.59819916319973695e-05
94 77 5.26442753925865218e-05
94 92 0.000176161090609784551
94 94 0.000556630996046825221
94 95 0.00124528296467977346
94 96 0.000136311026582235399
94 111 2.32367608211633462e-06
94 112 0.000567649007339528222
94 113 0.000181155950412399344
95 75 0.0012635616000322542
95 76 1.55070862314104932e-05
95 77 0.000956538985210959088
95 78 0.00040287906598172852
95 92 0.00108551737294094509
95 93 0.000123550015422824958
95 94 0.00124528296467977346
95 95 0.00549036157066776914
95 96 0.00132484024582037695
95 112 0.000867408012297309072
95 113 0.00117739536457582431
95 222 3.05077412125659012e-06
95 230 0.00012516069409811045
96 77 0.000550863058083777765
96 78 0.000891969329982403433
96 79 0.00137382502023532813
96 94 0.000136311026582235399
96 95 0.00132484024582037695
96 96 0.00835282906552966241
96 113 0.000862984598128763549
96 222 0.00038044738942978471
96 223 9.64960344804070066e-05
96 224 0.00145531687623437142
96 230 0.000676956351351004322
96 231 0.00151282587577774024
97 80 7.51087006460308173e-05
97 82 3.9700491772121252e-07
97 97 0.000549669307224790772
97 98 0.000614613012409222703
97 99 5.62488978840020839e-07
97 101 9.13677749325161409e-05
97 102 0.000727468867197934876
97 114 7.4547297506099525e-05
97 115 7.69335218684313097e-07
97 116 0.000669195323948157178
97 117 7.94360284073225679e-07
98 80 0.000615445404499353988
98 81 0.000743869966169750626
98 82 0.000321418021156743151
98 83 0.000926503951694400657
98 97 0.000614613012409222703
98 98 0.00672261193891297414
98 99 4.02202910509034416e-05
98 100 0.00107991415204658383
98 102 0.000604719460556777917
98 114 0.00122870316077669062
98 116 0.000764776547248002987
98 229 8.98389762752761323e-05
98 237 0.000180440625137207652
98 238 1.86943078524128269e-05
99 82 3.05728494369266728e-07
99 97 5.62488978840020839e-07
99 98 4.02202910509034416e-05
99 99 2.49534568590605683e-06
99 100 2.6875866619912023e-06
99 114 4.48510630666413085e-06
100 82 5.15005706511514866e-06
100 83 0.00079173215316568203
100 98 0.00107991415204658383
100 99 2.6875866619912023e-06
100 100 0.00461976897980202576
100 114 0.00053472233814304878
100 216 0.000131151865859478983
100 227 0.00103850976431793464
100 228 0.000157692640676871873
100 229 0.000363687784176015643
100 233 0.000295076310481420865
100 234 0.000859907449503289115
100 237 0.000987716587351223675
101 80 6.92538518259059775e-05
101 84 0.00040997293658864072
101 97 9.13677749325161409e-05
101 101 0.00264605030418621923
101 102 0.00121082992316784194
101 103 0.000386697777719711522
101 104 0.000836971612713260276
101 115 6.46106510347497305e-05
101 116 0.000762500408708319082
101 118 3.96491989538933984e-05
101 119 0.00123087091273529924
102 80 0.00115998654327456184
102 81 0.000170995496958272153
102 84 0.000786738320579791054
102 85 0.000175846284434705915
102 97 0.000727468867197934876
102 98 0.000604719460556777917
102 101 0.00121082992316784194
102 102 0.00330847252235902736
102 104 0.000148895677081606673
102 116 0.000596523853579094621
102 119 0.000130298442799982761
103 84 0.000343440868841835261
103 86 0.000795576593369269397
103 101 0.000386697777719711522
103 103 0.00463388854290674394
103 104 0.00111446518523819005
103 105 0.000647288323983855789
103 106 0.000669023638000540671
103 118 0.000253493263914025379
103 119 0.000940174129459359683
103 120 0.000116685050412774309
103 121 0.00123268787790267341
104 84 0.00099621831423272111
104 85 1.24008698964747469e-05
104 86 0.000518692475201015216
104 87 2.40454067568767e-05
104 101 0.000836971612713260276
104 102 0.000148895677081606673
104 103 0.00111446518523819005
104 104 0.00129295752120089924
104 106 3.32367515360276628e-05
104 119 0.000191199850756200646
104 121 2.56626609289597371e-05
105 86 0.000655024930492762629
105 88 0.000991358649892705966
105 103 0.000647288323983855789
105 105 0.00555856971848331469
105 106 0.000972359449585156977
105 107 0.000652333328722493728
105 108 0.000678906478673544874
105 120 0.000343669441948496089
105 121 0.000942992626579242511
105 122 9.59819916319973559e-05
105 123 0.0012635616000322542
106 86 0.000674459404875462341
106 87 4.05301748045568464e-07
106 88 0.000334076390373780818
106 89 2.16295205595756325e-06
106 103 0.000669023638000540671
106 104 3.32367515360276628e-05
106 105 0.000972359449585156977
106 106 0.000585339553804945412
106 108 1.83339132337922299e-05
106 121 8.5640047310181082e-05
106 123 1.55070862314104898e-05
107 88 0.00066838425015471937
107 90 0.000846134584321659106
107 105 0.000652333328722493728
107 107 0.00483965011215212442
107 108 0.00127647974299173548
107 109 0.00030700018027557868
107 110 0.00100157635502191302
107 122 0.000176161090609784523
107 123 0.00108551737294094487
107 124 5.45070986520172075e-06
107 125 0.0013309087946662163
108 88 0.000661630453607492787
108 89 3.56473546440354682e-08
108 90 0.000489405768784369546
108 91 3.14718691195098101e-06
108 105 0.000678906478673544874
108 106 1.83339132337922299e-05
108 107 0.00127647974299173548
108 108 0.000765570891655878937
108 110 6.40030186202722115e-05
108 123 0.000123550015422824958
108 125 6.51181197647691696e-05
109 90 0.000299875071400500324
109 92 0.00030700018027557868
109 107 0.00030700018027557868
109 109 0.00169199394461091524
109 110 0.00184348270996587214
109 111 4.12528205540553136e-06
109 112 0.000793625428086093543
109 124 4.12528205540553136e-06
109 125 0.000793625428086093651
109 126 0.000542643732999672449
110 90 0.00105119853960130498
110 91 9.00786707278859526e-07
110 92 0.00100157635502191302
110 93 6.40030186202722115e-05
110 107 0.00100157635502191302
110 108 6.40030186202722115e-05
110 109 0.00184348270996587214
110 110 0.00300149576030641144
110 112 0.000626872696935345478
110 125 0.000626872696935345478
110 126 0.000897316224401714223
110 239 1.30870248971305407e-05
111 92 5.45070986520172245e-06
111 94 2.32367608211633462e-06
111 109 4.12528205540553136e-06
111 111 1.28105510796827627e-05
111 112 0.000142681372118737623
111 113 3.65625354269186993e-06
111 126 8.33956693874675683e-06
111 127 2.67638058605914068e-06
112 92 0.0013309087946662163
112 93 6.5118119764769156e-05
112 94 0.000567649007339528222
112 95 0.000867408012297309072
112 109 0.000793625428086093543
112 110 0.000626872696935345478
112 111 0.000142681372118737623
112 112 0.00848825592345596978
112 113 0.00138106630477753266
112 126 0.00145334983998792432
112 127 0.000561139370026520271
112 230 0.000127947200926180587
112 239 3.473187743396561e-05
112 240 0.00098416291172845902
113 94 0.000181155950412399344
113 95 0.00117739536457582431
113 96 0.000862984598128763549
113 111 3.65625354269186993e-06
113 112 0.00138106630477753266
113 113 0.00452208661758287354
113 127 0.000100201297452124087
113 230 0.00171291471351059312
113 231 0.000667472987411002472
113 240 0.00118402258850583506
113 241 0.000478612627046280247
114 97 7.4547297506099525e-05
114 98 0.00122870316077669062
114 99 4.48510630666413085e-06
114 100 0.00053472233814304878
114 114 0.00625000112597090367
114 116 0.00130215133300694698
114 117 5.52249197308781663e-06
114 128 0.000528230471733981822
114 233 0.000371831793342014896
114 237 0.000896142234635799559
114 238 0.000138327021348684856
114 243 0.000347581073409635052
114 244 0.00097626545512536668
114 246 0.00100997986676054532
115 97 7.69335218684313097e-07
115 101 6.46106510347497305e-05
115 115 0.000260243145572285409
115 116 0.000466329591277630726
115 117 5.57616684319893773e-07
115 118 2.65939867542021155e-05
115 119 0.000617848028754272452
115 128 7.61908285185198235e-06
115 129 0.000213572802507234799
116 97 0.000669195323948157178
116 98 0.000764776547248002987
116 101 0.000762500408708319082
116 102 0.000596523853579094621
116 114 0.00130215133300694698
116 115 0.000466329591277630726
116 116 0.00753093066001054093
116 117 5.16469304039454831e-05
116 119 0.000792442125879981433
116 128 0.00125741400132772449
116 129 0.00112600390106176057
116 238 1.93844051876591472e-05
116 246 0.000243844317423921192
116 247 0.000143684642862272627
117 97 7.94360284073225679e-07
117 114 5.52249197308781663e-06
117 115 5.57616684319893773e-07
117 116 5.16469304039454831e-05
117 117 3.54652734698499867e-06
117 128 3.43539154962947498e-06
118 101 3.96491989538933984e-05
118 103 0.000253493263914025379
118 115 2.65939867542021155e-05
118 118 0.000992906428328730987
118 119 0.00121622508150189077
118 120 7.35662469447067961e-05
118 121 0.000921451320716085739
118 129 0.000178285020676062104
118 130 0.000572489752532578597
119 101 0.00123087091273529924
119 102 0.000130298442799982761
119 103 0.000940174129459359683
119 104 0.000191199850756200646
119 115 0.000617848028754272452
119 116 0.000792442125879981433
119 118 0.00121622508150189077
119 119 0.00510845675568988473
119 121 0.000416810015038348593
119 129 0.0012811662193755746
119 130 0.000869721361186570618
119 247 4.0551882833661229e-06
119 248 1.01342357419330934e-05
120 103 0.000116685050412774309
120 105 0.000343669441948496089
