% 65x65 1229 nonzeros
1 1 0.507379836389977079
1 2 0.109827110421602397
1 3 0.00772485392313718502
1 4 0.02913449404339543
1 5 -0.297756177536983913
1 6 -0.281477749350941497
1 7 0.135761221645418567
1 8 0.128427724086390638
1 9 -0.0249156589731090589
1 10 -0.00657217328112996279
1 11 0.00772485392313718502
1 12 -0.281477749350941497
1 13 0.135761221645418539
1 14 -0.00657217328112996713
1 15 0.109827110421602397
1 16 -0.297756177536983913
1 17 0.135761221645418567
1 18 -0.0249156589731090519
1 19 0.00772485392313718242
1 20 -0.281477749350941275
1 21 0.135761221645418428
1 22 -0.00657217328112995845
1 23 0.109827110421602453
1 24 -0.297756177536984024
1 25 0.135761221645418567
1 26 -0.0249156589731090727
1 27 0.135761221645418512
2 1 0.109827110421602397
2 2 0.624647724287507256
2 3 0.120357379513498772
2 4 -0.0680192080891278139
2 5 -0.482682617908634759
2 6 0.144861177387119761
2 7 -0.538946033913210165
2 8 -0.0304889693987588604
2 9 0.467175311449952335
2 10 -0.0197243654964524458
2 11 0.120357379513498675
2 12 0.14486117738711965
2 13 -0.538946033913210054
2 14 -0.0197243654964524007
2 28 0.00454288990983990094
2 29 0.0212530565042068562
2 30 -0.0543552422535516153
2 31 0.0493588723486042547
2 32 -0.0543552422535516222
3 1 0.00772485392313718502
3 2 0.120357379513498772
3 3 1.24894782517845138
3 4 0.0474286832047974699
3 5 -0.0474015669100335268
3 6 0.0131894241286532772
3 7 -0.582866764229512224
3 8 0.0153548145412276266
3 9 0.0750179543709172947
3 10 -0.459467385131846373
3 15 0.12035737951349873
3 16 -0.0474015669100335407
3 17 -0.582866764229512224
3 18 0.075017954370917253
3 28 0.000721010996372046186
3 29 0.00932344909472536919
3 30 -0.0882358703529952104
3 31 0.0753023807823262475
3 33 0.000721010996372044993
3 34 0.00932344909472535704
3 35 -0.0882358703529950578
3 36 0.0753023807823261226
3 38 0.00454288990983990094
3 39 -0.208139419449953733
3 40 0.199774651175156415
3 41 0.00310385799496985327
3 42 0.0031038579949698498
4 1 0.02913449404339543
4 2 -0.0680192080891278139
4 3 0.0474286832047974699
4 4 0.674778072917562866
4 5 -0.0207401586551439754
4 6 -0.0344849638987949833
4 7 0.0568213252922164652
4 8 0.00516069487439079193
4 9 -0.299890235239652969
4 10 -0.206402471524983727
4 11 0.0474286832047974283
4 12 -0.034484963898795018
4 13 0.056821325292216493
4 14 -0.206402471524983866
4 15 -0.0680192080891278139
4 16 -0.0207401586551439823
4 17 0.0568213252922164513
4 18 -0.299890235239652969
4 19 0.0474286832047974005
4 20 -0.0344849638987950041
4 21 0.0568213252922165277
4 22 -0.20640247152498381
4 23 -0.0680192080891278417
4 24 -0.0207401586551439823
4 25 0.0568213252922164722
4 26 -0.29989023523965308
4 27 0.0568213252922165138
4 28 0.0474286832047973519
4 29 0.175139237564483352
4 30 0.169431724261800531
4 31 -0.206402471524983644
4 32 0.169431724261800531
4 33 0.0474286832047973519
4 34 0.175139237564483352
4 35 0.169431724261800365
4 36 -0.206402471524983588
4 37 0.169431724261800642
4 38 -0.0680192080891278278
4 39 0.175139237564483297
4 40 -0.299890235239652969
4 41 0.0568213252922165138
4 42 0.0568213252922165207
4 43 0.0474286832047973658
4 44 0.175139237564483408
4 45 0.16943172426180067
4 46 -0.206402471524983644
4 47 0.169431724261800476
4 48 -0.0680192080891278417
4 49 0.175139237564483352
4 50 -0.299890235239652969
4 51 0.0568213252922165138
4 52 0.0568213252922165069
4 53 -0.0680192080891278278
4 54 0.175139237564483324
4 55 -0.299890235239652914
4 56 0.0568213252922165069
4 57 0.0568213252922164652
4 58 0.0291344940433954161
4 59 0.00516069487439073816
4 60 -0.0344849638987949417
4 61 -0.0207401586551439823
4 62 -0.0207401586551439823
4 63 -0.0344849638987949764
4 64 -0.0207401586551439684
4 65 -0.0344849638987950041
5 1 -0.297756177536983913
5 2 -0.482682617908634759
5 3 -0.0474015669100335268
5 4 -0.0207401586551439754
5 5 1.09726828682406241
5 6 -0.260824465406517325
5 7 0.00986095670651045489
5 8 0.10199847980057139
5 9 0.464979267291770859
5 10 -0.133168464297780592
5 11 -0.0474015669100334297
5 12 -0.26082446540651727
5 13 0.0098609567065102554
5 14 -0.133168464297780648
6 1 -0.281477749350941497
6 2 0.144861177387119761
6 3 0.0131894241286532772
6 4 -0.0344849638987949833
6 5 -0.260824465406517325
6 6 2.55619637768485752
6 7 -0.825458607245803555
6 8 -0.0429780406887086894
6 9 -0.462009989710120084
6 10 0.596418722075576557
6 15 0.144861177387119761
6 16 -0.26082446540651727
6 17 -0.825458607245803666
6 18 -0.462009989710119862
7 1 0.135761221645418567
7 2 -0.538946033913210165
7 3 -0.582866764229512224
7 4 0.0568213252922164652
7 5 0.00986095670651045489
7 6 -0.825458607245803555
7 7 2.29643811936417475
7 8 -0.274946285538870405
7 9 -0.467404956917804371
7 10 0.206406581610397377
7 28 0.00310385799496985153
7 29 -0.0842212643704409597
7 30 0.123751805145374622
7 31 -0.0582999555434200178
8 1 0.128427724086390638
8 2 -0.0304889693987588604
8 3 0.0153548145412276266
8 4 0.00516069487439079193
8 5 0.10199847980057139
8 6 -0.0429780406887086894
8 7 -0.274946285538870405
8 8 2.10234302710918408
8 9 -0.104912449913859285
8 10 -0.134391745286052855
8 11 0.0153548145412277098
8 12 -0.0429780406887087588
8 13 -0.274946285538870461
8 14 -0.134391745286052966
8 15 -0.0304889693987588778
8 16 0.101998479800571404
8 17 -0.274946285538870405
8 18 -0.104912449913859257
8 19 0.0153548145412277202
8 20 -0.0429780406887088073
8 21 -0.274946285538870516
8 22 -0.134391745286053022
8 23 -0.03048896939875885
8 24 0.101998479800571362
8 25 -0.274946285538870516
8 26 -0.104912449913859285
8 27 -0.274946285538870516
9 1 -0.0249156589731090589
9 2 0.467175311449952335
9 3 0.0750179543709172947
9 4 -0.299890235239652969
9 5 0.464979267291770859
9 6 -0.462009989710120084
9 7 -0.467404956917804371
9 8 -0.104912449913859285
9 9 2.30916177343224893
9 10 -0.114031024279088983
9 11 0.0750179543709173086
9 12 -0.462009989710120028
9 13 -0.467404956917804482
9 14 -0.114031024279089011
9 28 0.199774651175156415
9 29 -0.671532419708729567
9 30 -0.2311217332568479
9 31 0.0592592600721102841
9 32 -0.231121733256847955
10 1 -0.00657217328112996279
10 2 -0.0197243654964524458
10 3 -0.459467385131846373
10 4 -0.206402471524983727
10 5 -0.133168464297780592
10 6 0.596418722075576557
10 7 0.206406581610397377
10 8 -0.134391745286052855
10 9 -0.114031024279088983
10 10 0.800738063872038941
10 15 -0.0197243654964524284
10 16 -0.133168464297780564
10 17 0.206406581610397294
10 18 -0.114031024279088941
10 28 0.0753023807823262753
10 29 -0.150506046437586277
10 30 -0.164680605254975715
10 31 -0.00472627289267563665
10 33 0.0753023807823262337
10 34 -0.150506046437586249
10 35 -0.164680605254975604
10 36 -0.00472627289267563838
10 38 0.0493588723486042685
10 39 0.0279144004741948559
10 40 0.0592592600721103119
10 41 -0.0582999555434200387
10 42 -0.0582999555434200178
11 1 0.00772485392313718502
11 2 0.120357379513498675
11 4 0.0474286832047974283
11 5 -0.0474015669100334297
11 8 0.0153548145412277098
11 9 0.0750179543709173086
11 11 1.24894782517845115
11 12 0.0131894241286530517
11 13 -0.582866764229512002
11 14 -0.45946738513184654
11 23 0.120357379513498758
11 24 -0.0474015669100334783
11 25 -0.582866764229512335
11 26 0.0750179543709172947
11 28 0.000721010996372045861
11 29 0.00932344909472536398
11 31 0.0753023807823262337
11 32 -0.0882358703529951688
11 43 0.000721010996372048246
11 44 0.00932344909472533796
11 45 -0.0882358703529951688
11 46 0.0753023807823262337
11 48 0.00454288990983990094
11 49 -0.208139419449953733
11 50 0.199774651175156415
11 51 0.00310385799496985153
11 52 0.00310385799496985283
12 1 -0.281477749350941497
12 2 0.14486117738711965
12 4 -0.034484963898795018
12 5 -0.26082446540651727
12 8 -0.0429780406887087588
12 9 -0.462009989710120028
12 11 0.0131894241286530517
12 12 2.55619637768485752
12 13 -0.825458607245803222
12 14 0.596418722075576779
12 23 0.144861177387119733
12 24 -0.260824465406517325
12 25 -0.825458607245803666
12 26 -0.462009989710120084
13 1 0.135761221645418539
13 2 -0.538946033913210054
13 4 0.056821325292216493
13 5 0.0098609567065102554
13 8 -0.274946285538870461
13 9 -0.467404956917804482
13 11 -0.582866764229512002
13 12 -0.825458607245803222
13 13 2.29643811936417386
13 14 0.206406581610397294
13 28 0.00310385799496985283
13 29 -0.0842212643704409875
13 31 -0.0582999555434200387
13 32 0.123751805145374635
14 1 -0.00657217328112996713
14 2 -0.0197243654964524007
14 4 -0.206402471524983866
14 5 -0.133168464297780648
14 8 -0.134391745286052966
14 9 -0.114031024279089011
14 11 -0.45946738513184654
14 12 0.596418722075576779
14 13 0.206406581610397294
14 14 0.800738063872039385
14 23 -0.0197243654964524007
14 24 -0.13316846429778062
14 25 0.206406581610397377
14 26 -0.114031024279088775
14 28 0.0753023807823262614
14 29 -0.150506046437586277
14 31 -0.00472627289267561236
14 32 -0.164680605254975632
14 43 0.0753023807823263447
14 44 -0.150506046437586444
14 45 -0.16468060525497602
14 46 -0.00472627289267557246
14 48 0.0493588723486042616
14 49 0.0279144004741948559
14 50 0.0592592600721103188
14 51 -0.0582999555434200387
14 52 -0.0582999555434200178
15 1 0.109827110421602397
15 3 0.12035737951349873
15 4 -0.0680192080891278139
15 6 0.144861177387119761
15 8 -0.0304889693987588778
15 10 -0.0197243654964524284
15 15 0.624647724287507256
15 16 -0.482682617908634648
15 17 -0.538946033913210054
15 18 0.46717531144995228
15 19 0.120357379513498619
15 20 0.144861177387119594
15 21 -0.538946033913209943
15 22 -0.0197243654964524041
15 33 0.00454288990983989921
15 34 0.0212530565042068562
15 35 -0.0543552422535515944
15 36 0.0493588723486042547
15 37 -0.05435524225355165
16 1 -0.297756177536983913
16 3 -0.0474015669100335407
16 4 -0.0207401586551439823
16 6 -0.26082446540651727
16 8 0.101998479800571404
16 10 -0.133168464297780564
16 15 -0.482682617908634648
16 16 1.09726828682406241
16 17 0.00986095670651043928
16 18 0.464979267291770859
16 19 -0.0474015669100334228
16 20 -0.260824465406517325
16 21 0.00986095670651028662
16 22 -0.133168464297780648
17 1 0.135761221645418567
17 3 -0.582866764229512224
17 4 0.0568213252922164513
17 6 -0.825458607245803666
17 8 -0.274946285538870405
17 10 0.206406581610397294
17 15 -0.538946033913210054
17 16 0.00986095670651043928
17 17 2.29643811936417475
17 18 -0.467404956917804149
17 33 0.00310385799496985283
17 34 -0.0842212643704409458
17 35 0.12375180514537458
17 36 -0.058299955543419997
18 1 -0.0249156589731090519
18 3 0.075017954370917253
18 4 -0.299890235239652969
18 6 -0.462009989710119862
18 8 -0.104912449913859257
18 10 -0.114031024279088941
18 15 0.46717531144995228
18 16 0.464979267291770859
18 17 -0.467404956917804149
18 18 2.30916177343224849
18 19 0.0750179543709173363
18 20 -0.462009989710120028
18 21 -0.467404956917804426
18 22 -0.114031024279088872
18 33 0.199774651175156415
18 34 -0.671532419708729456
18 35 -0.231121733256847817
18 36 0.0592592600721103327
18 37 -0.231121733256848011
19 1 0.00772485392313718242
19 4 0.0474286832047974005
19 8 0.0153548145412277202
19 15 0.120357379513498619
19 16 -0.0474015669100334228
19 18 0.0750179543709173363
19 19 1.24894782517845093
19 20 0.0131894241286530239
19 21 -0.58286676422951178
19 22 -0.459467385131846595
19 23 0.120357379513498661
19 24 -0.0474015669100334436
19 26 0.0750179543709173086
19 27 -0.582866764229512002
19 33 0.00072101099637204662
19 34 0.00932344909472536745
19 36 0.0753023807823262475
19 37 -0.0882358703529952104
19 43 0.000721010996372045752
19 44 0.00932344909472536745
19 46 0.0753023807823261643
19 47 -0.0882358703529951272
19 53 0.00454288990983990008
19 54 -0.208139419449953733
19 55 0.199774651175156387
19 56 0.00310385799496985327
19 57 0.00310385799496985196
20 1 -0.281477749350941275
20 4 -0.0344849638987950041
20 8 -0.0429780406887088073
20 15 0.144861177387119594
20 16 -0.260824465406517325
20 18 -0.462009989710120028
20 19 0.0131894241286530239
20 20 2.55619637768485708
20 21 -0.825458607245803
20 22 0.596418722075576779
20 23 0.14486117738711965
20 24 -0.26082446540651727
20 26 -0.462009989710120084
20 27 -0.825458607245803222
21 1 0.135761221645418428
21 4 0.0568213252922165277
21 8 -0.274946285538870516
21 15 -0.538946033913209943
21 16 0.00986095670651028662
21 18 -0.467404956917804426
21 19 -0.58286676422951178
21 20 -0.825458607245803
21 21 2.29643811936417341
21 22 0.206406581610397322
21 33 0.0031038579949698537
21 34 -0.0842212643704410013
21 36 -0.0582999555434200525
21 37 0.123751805145374663
22 1 -0.00657217328112995845
22 4 -0.20640247152498381
22 8 -0.134391745286053022
22 15 -0.0197243654964524041
22 16 -0.133168464297780648
22 18 -0.114031024279088872
22 19 -0.459467385131846595
22 20 0.596418722075576779
22 21 0.206406581610397322
22 22 0.800738063872039163
22 23 -0.0197243654964523729
22 24 -0.133168464297780648
22 26 -0.114031024279088927
22 27 0.206406581610397266
22 33 0.0753023807823263031
22 34 -0.15050604643758636
22 36 -0.00472627289267560022
22 37 -0.164680605254975743
22 43 0.0753023807823262753
22 44 -0.150506046437586277
22 46 -0.00472627289267561583
22 47 -0.164680605254975659
22 53 0.0493588723486042547
22 54 0.0279144004741948629
22 55 0.059259260072110298
22 56 -0.0582999555434200248
22 57 -0.0582999555434200178
23 1 0.109827110421602453
23 4 -0.0680192080891278417
23 8 -0.03048896939875885
23 11 0.120357379513498758
23 12 0.144861177387119733
23 14 -0.0197243654964524007
23 19 0.120357379513498661
23 20 0.14486117738711965
23 22 -0.0197243654964523729
23 23 0.624647724287507367
23 24 -0.482682617908634759
23 25 -0.538946033913210276
23 26 0.46717531144995228
23 27 -0.538946033913210054
23 43 0.00454288990983990181
23 44 0.0212530565042068631
23 45 -0.0543552422535516291
23 46 0.0493588723486042824
23 47 -0.054355242253551643
24 1 -0.297756177536984024
24 4 -0.0207401586551439823
24 8 0.101998479800571362
24 11 -0.0474015669100334783
24 12 -0.260824465406517325
24 14 -0.13316846429778062
24 19 -0.0474015669100334436
24 20 -0.26082446540651727
24 22 -0.133168464297780648
24 23 -0.482682617908634759
24 24 1.09726828682406263
24 25 0.00986095670651036989
24 26 0.46497926729177097
24 27 0.00986095670651023458
25 1 0.135761221645418567
25 4 0.0568213252922164722
25 8 -0.274946285538870516
25 11 -0.582866764229512335
25 12 -0.825458607245803666
25 14 0.206406581610397377
25 23 -0.538946033913210276
25 24 0.00986095670651036989
25 25 2.29643811936417475
25 26 -0.467404956917804426
25 43 0.00310385799496985674
25 44 -0.0842212643704409736
25 45 0.123751805145374594
25 46 -0.0582999555434200178
26 1 -0.0249156589731090727
26 4 -0.29989023523965308
26 8 -0.104912449913859285
26 11 0.0750179543709172947
26 12 -0.462009989710120084
26 14 -0.114031024279088775
26 19 0.0750179543709173086
26 20 -0.462009989710120084
26 22 -0.114031024279088927
26 23 0.46717531144995228
26 24 0.46497926729177097
26 25 -0.467404956917804426
26 26 2.30916177343224938
26 27 -0.467404956917804371
26 43 0.19977465117515647
26 44 -0.671532419708729678
26 45 -0.231121733256848094
26 46 0.0592592600721103813
26 47 -0.231121733256847928
27 1 0.135761221645418512
27 4 0.0568213252922165138
27 8 -0.274946285538870516
27 19 -0.582866764229512002
27 20 -0.825458607245803222
27 22 0.206406581610397266
27 23 -0.538946033913210054
27 24 0.00986095670651023458
27 26 -0.467404956917804371
27 27 2.29643811936417386
27 43 0.00310385799496985283
27 44 -0.0842212643704410013
27 46 -0.0582999555434200525
27 47 0.123751805145374677
28 2 0.00454288990983990094
28 3 0.000721010996372046186
28 4 0.0474286832047973519
28 7 0.00310385799496985153
28 9 0.199774651175156415
28 10 0.0753023807823262753
28 11 0.000721010996372045861
28 13 0.00310385799496985283
28 14 0.0753023807823262614
28 28 1.24894782517845071
28 29 -0.208139419449953733
28 30 -0.0882358703529952382
28 31 -0.459467385131846318
28 32 -0.0882358703529952243
28 38 0.120357379513498675
28 39 0.00932344909472536745
28 40 0.0750179543709172947
28 41 -0.582866764229512002
28 48 0.120357379513498675
28 49 0.00932344909472537439
28 50 0.0750179543709173224
28 51 -0.582866764229511891
28 58 0.00772485392313718155
28 59 0.0153548145412276266
28 60 0.0131894241286532633
28 61 -0.0474015669100334852
28 62 -0.0474015669100334852
29 2 0.0212530565042068562
29 3 0.00932344909472536919
29 4 0.175139237564483352
29 7 -0.0842212643704409597
29 9 -0.671532419708729567
29 10 -0.150506046437586277
29 11 0.00932344909472536398
29 13 -0.0842212643704409875
29 14 -0.150506046437586277
29 28 -0.208139419449953733
29 29 0.833975072446399679
29 30 0.136098897798001134
29 31 0.0279144004741948767
29 32 0.136098897798001162
30 2 -0.0543552422535516153
30 3 -0.0882358703529952104
30 4 0.169431724261800531
30 7 0.123751805145374622
30 9 -0.2311217332568479
30 10 -0.164680605254975715
30 28 -0.0882358703529952382
30 29 0.136098897798001134
30 30 0.387653772088188742
30 31 -0.164680605254975576
30 38 -0.054355242253551643
30 39 0.136098897798001189
30 40 -0.231121733256847955
30 41 0.123751805145374663
31 2 0.0493588723486042547
31 3 0.0753023807823262475
31 4 -0.206402471524983644
31 7 -0.0582999555434200178
31 9 0.0592592600721102841
31 10 -0.00472627289267563665
31 11 0.0753023807823262337
31 13 -0.0582999555434200387
31 14 -0.00472627289267561236
31 28 -0.459467385131846318
31 29 0.0279144004741948767
31 30 -0.164680605254975576
31 31 0.800738063872038719
31 32 -0.164680605254975548
31 38 -0.0197243654964524527
31 39 -0.150506046437586305
31 40 -0.114031024279088886
31 41 0.206406581610397349
31 48 -0.0197243654964524492
31 49 -0.150506046437586222
31 50 -0.114031024279089024
31 51 0.206406581610397349
31 58 -0.00657217328112996019
31 59 -0.134391745286052827
31 60 0.596418722075576335
31 61 -0.133168464297780537
31 62 -0.133168464297780564
32 2 -0.0543552422535516222
32 4 0.169431724261800531
32 9 -0.231121733256847955
32 11 -0.0882358703529951688
32 13 0.123751805145374635
32 14 -0.164680605254975632
32 28 -0.0882358703529952243
32 29 0.136098897798001162
32 31 -0.164680605254975548
32 32 0.38765377208818852
32 48 -0.0543552422535516291
32 49 0.136098897798001106
32 50 -0.2311217332568479
32 51 0.123751805145374635
33 3 0.000721010996372044993
33 4 0.0474286832047973519
33 10 0.0753023807823262337
33 15 0.00454288990983989921
33 17 0.00310385799496985283
33 18 0.199774651175156415
33 19 0.00072101099637204662
33 21 0.0031038579949698537
33 22 0.0753023807823263031
33 33 1.24894782517845027
33 34 -0.208139419449953733
33 35 -0.0882358703529952104
33 36 -0.459467385131846262
33 37 -0.0882358703529952382
33 38 0.120357379513498619
33 39 0.00932344909472537786
33 40 0.0750179543709172392
33 42 -0.582866764229511669
33 53 0.120357379513498647
33 54 0.00932344909472536745
33 55 0.0750179543709172947
33 56 -0.582866764229512002
33 58 0.00772485392313718329
33 59 0.0153548145412276578
33 61 -0.047401566910033506
33 63 0.0131894241286531315
33 64 -0.0474015669100334575
34 3 0.00932344909472535704
34 4 0.175139237564483352
34 10 -0.150506046437586249
34 15 0.0212530565042068562
34 17 -0.0842212643704409458
34 18 -0.671532419708729456
34 19 0.00932344909472536745
34 21 -0.0842212643704410013
34 22 -0.15050604643758636
34 33 -0.208139419449953733
34 34 0.833975072446399679
34 35 0.136098897798001134
34 36 0.0279144004741948351
34 37 0.136098897798001189
35 3 -0.0882358703529950578
35 4 0.169431724261800365
35 10 -0.164680605254975604
35 15 -0.0543552422535515944
35 17 0.12375180514537458
35 18 -0.231121733256847817
35 33 -0.0882358703529952104
35 34 0.136098897798001134
35 35 0.387653772088188187
35 36 -0.164680605254975188
35 38 -0.0543552422535515944
35 39 0.136098897798001051
35 40 -0.231121733256847761
35 42 0.123751805145374594
36 3 0.0753023807823261226
36 4 -0.206402471524983588
36 10 -0.00472627289267563838
36 15 0.0493588723486042547
36 17 -0.058299955543419997
36 18 0.0592592600721103327
36 19 0.0753023807823262475
36 21 -0.0582999555434200525
36 22 -0.00472627289267560022
36 33 -0.459467385131846262
36 34 0.0279144004741948351
36 35 -0.164680605254975188
36 36 0.800738063872038275
36 37 -0.164680605254975632
36 38 -0.0197243654964524007
36 39 -0.150506046437586166
36 40 -0.114031024279089011
36 42 0.206406581610397155
36 53 -0.019724365496452425
36 54 -0.150506046437586277
36 55 -0.114031024279088927
36 56 0.206406581610397294
36 58 -0.00657217328112996452
36 59 -0.13439174528605291
36 61 -0.133168464297780564
36 63 0.596418722075576557
36 64 -0.133168464297780564
37 4 0.169431724261800642
37 15 -0.05435524225355165
37 18 -0.231121733256848011
37 19 -0.0882358703529952104
37 21 0.123751805145374663
37 22 -0.164680605254975743
37 33 -0.0882358703529952382
37 34 0.136098897798001189
37 36 -0.164680605254975632
37 37 0.387653772088188742
37 53 -0.0543552422535516291
37 54 0.136098897798001162
37 55 -0.2311217332568479
37 56 0.123751805145374635
38 3 0.00454288990983990094
38 4 -0.0680192080891278278
38 10 0.0493588723486042685
38 28 0.120357379513498675
38 30 -0.054355242253551643
38 31 -0.0197243654964524527
38 33 0.120357379513498619
38 35 -0.0543552422535515944
38 36 -0.0197243654964524007
38 38 0.624647724287507033
38 39 0.0212530565042068562
38 40 0.467175311449952446
38 41 -0.538946033913209943
38 42 -0.538946033913209943
38 58 0.109827110421602397
38 59 -0.030488969398758909
38 60 0.144861177387119511
38 61 -0.482682617908634537
38 63 0.14486117738711965
39 3 -0.208139419449953733
39 4 0.175139237564483297
39 10 0.0279144004741948559
39 28 0.00932344909472536745
39 30 0.136098897798001189
39 31 -0.150506046437586305
39 33 0.00932344909472537786
39 35 0.136098897798001051
39 36 -0.150506046437586166
39 38 0.0212530565042068562
39 39 0.833975072446399679
39 40 -0.671532419708729345
39 41 -0.0842212643704409875
39 42 -0.0842212643704409597
40 3 0.199774651175156415
40 4 -0.299890235239652969
40 10 0.0592592600721103119
40 28 0.0750179543709172947
40 30 -0.231121733256847955
40 31 -0.114031024279088886
40 33 0.0750179543709172392
40 35 -0.231121733256847761
40 36 -0.114031024279089011
40 38 0.467175311449952446
40 39 -0.671532419708729345
40 40 2.30916177343224849
40 41 -0.467404956917804371
40 42 -0.46740495691780426
40 58 -0.0249156589731089825
40 59 -0.104912449913859201
40 60 -0.462009989710119973
40 61 0.464979267291770637
40 63 -0.462009989710120084
41 3 0.00310385799496985327
41 4 0.0568213252922165138
41 10 -0.0582999555434200387
41 28 -0.582866764229512002
41 30 0.123751805145374663
41 31 0.206406581610397349
41 38 -0.538946033913209943
41 39 -0.0842212643704409875
41 40 -0.467404956917804371
41 41 2.29643811936417386
41 58 0.135761221645418539
41 59 -0.274946285538870461
41 60 -0.825458607245803333
41 61 0.00986095670651017733
42 3 0.0031038579949698498
42 4 0.0568213252922165207
42 10 -0.0582999555434200178
42 33 -0.582866764229511669
42 35 0.123751805145374594
42 36 0.206406581610397155
42 38 -0.538946033913209943
42 39 -0.0842212643704409597
42 40 -0.46740495691780426
42 42 2.29643811936417341
42 58 0.135761221645418512
42 59 -0.274946285538870405
42 61 0.00986095670651036295
42 63 -0.825458607245803444
43 4 0.0474286832047973658
43 11 0.000721010996372048246
43 14 0.0753023807823263447
43 19 0.000721010996372045752
43 22 0.0753023807823262753
43 23 0.00454288990983990181
43 25 0.00310385799496985674
43 26 0.19977465117515647
43 27 0.00310385799496985283
43 43 1.24894782517845071
43 44 -0.208139419449953789
43 45 -0.0882358703529952937
43 46 -0.459467385131846262
43 47 -0.0882358703529952104
43 48 0.120357379513498702
43 49 0.00932344909472536398
43 50 0.0750179543709171698
43 52 -0.582866764229512002
43 53 0.120357379513498619
43 54 0.00932344909472537266
43 55 0.0750179543709172947
43 57 -0.58286676422951178
43 58 0.00772485392313718155
43 59 0.0153548145412276613
43 62 -0.047401566910033513
43 64 -0.0474015669100334436
43 65 0.0131894241286531193
44 4 0.175139237564483408
44 11 0.00932344909472533796
44 14 -0.150506046437586444
44 19 0.00932344909472536745
44 22 -0.150506046437586277
44 23 0.0212530565042068631
44 25 -0.0842212643704409736
44 26 -0.671532419708729678
44 27 -0.0842212643704410013
44 43 -0.208139419449953789
44 44 0.833975072446399901
44 45 0.136098897798001328
44 46 0.0279144004741948143
44 47 0.136098897798001162
45 4 0.16943172426180067
45 11 -0.0882358703529951688
45 14 -0.16468060525497602
45 23 -0.0543552422535516291
45 25 0.123751805145374594
45 26 -0.231121733256848094
45 43 -0.0882358703529952937
45 44 0.136098897798001328
45 45 0.387653772088188908
45 46 -0.164680605254975632
45 48 -0.0543552422535516083
45 49 0.136098897798001189
45 50 -0.2311217332568479
45 52 0.123751805145374608
46 4 -0.206402471524983644
46 11 0.0753023807823262337
46 14 -0.00472627289267557246
46 19 0.0753023807823261643
46 22 -0.00472627289267561583
46 23 0.0493588723486042824
46 25 -0.0582999555434200178
46 26 0.0592592600721103813
46 27 -0.0582999555434200525
46 43 -0.459467385131846262
46 44 0.0279144004741948143
46 45 -0.164680605254975632
46 46 0.800738063872038497
46 47 -0.164680605254975299
46 48 -0.019724365496452359
46 49 -0.150506046437586249
46 50 -0.114031024279088872
46 52 0.206406581610397155
46 53 -0.0197243654964524041
46 54 -0.150506046437586249
46 55 -0.114031024279089052
46 57 0.206406581610397294
46 58 -0.00657217328112996192
46 59 -0.134391745286052938
46 62 -0.13316846429778062
46 64 -0.133168464297780648
46 65 0.596418722075576668
47 4 0.169431724261800476
47 19 -0.0882358703529951272
47 22 -0.164680605254975659
47 23 -0.054355242253551643
47 26 -0.231121733256847928
47 27 0.123751805145374677
47 43 -0.0882358703529952104
47 44 0.136098897798001162
47 46 -0.164680605254975299
47 47 0.387653772088188353
47 53 -0.0543552422535516083
47 54 0.136098897798001106
47 55 -0.231121733256847817
47 57 0.123751805145374594
48 4 -0.0680192080891278417
48 11 0.00454288990983990094
48 14 0.0493588723486042616
48 28 0.120357379513498675
48 31 -0.0197243654964524492
48 32 -0.0543552422535516291
48 43 0.120357379513498702
48 45 -0.0543552422535516083
48 46 -0.019724365496452359
48 48 0.624647724287507256
48 49 0.0212530565042068492
48 50 0.467175311449952391
48 51 -0.538946033913210054
48 52 -0.538946033913210165
48 58 0.109827110421602439
48 59 -0.0304889693987588639
48 60 0.144861177387119566
48 62 -0.482682617908634759
48 65 0.144861177387119761
49 4 0.175139237564483352
49 11 -0.208139419449953733
49 14 0.0279144004741948559
49 28 0.00932344909472537439
49 31 -0.150506046437586222
49 32 0.136098897798001106
49 43 0.00932344909472536398
49 45 0.136098897798001189
49 46 -0.150506046437586249
49 48 0.0212530565042068492
49 49 0.833975072446399679
49 50 -0.671532419708729567
49 51 -0.0842212643704409736
49 52 -0.0842212643704409458
50 4 -0.299890235239652969
50 11 0.199774651175156415
50 14 0.0592592600721103188
50 28 0.0750179543709173224
50 31 -0.114031024279089024
50 32 -0.2311217332568479
50 43 0.0750179543709171698
50 45 -0.2311217332568479
50 46 -0.114031024279088872
50 48 0.467175311449952391
50 49 -0.671532419708729567
50 50 2.30916177343224893
50 51 -0.467404956917804593
50 52 -0.467404956917804093
50 58 -0.0249156589731090311
50 59 -0.104912449913859243
50 60 -0.462009989710120028
50 62 0.464979267291770804
50 65 -0.462009989710120084
51 4 0.0568213252922165138
51 11 0.00310385799496985153
51 14 -0.0582999555434200387
51 28 -0.582866764229511891
51 31 0.206406581610397349
51 32 0.123751805145374635
51 48 -0.538946033913210054
51 49 -0.0842212643704409736
51 50 -0.467404956917804593
51 51 2.29643811936417386
51 58 0.135761221645418512
51 59 -0.274946285538870461
51 60 -0.825458607245803
51 62 0.00986095670651031958
52 4 0.0568213252922165069
52 11 0.00310385799496985283
52 14 -0.0582999555434200178
52 43 -0.582866764229512002
52 45 0.123751805145374608
52 46 0.206406581610397155
52 48 -0.538946033913210165
52 49 -0.0842212643704409458
52 50 -0.467404956917804093
52 52 2.29643811936417475
52 58 0.135761221645418595
52 59 -0.274946285538870516
52 62 0.00986095670651041499
52 65 -0.825458607245803777
53 4 -0.0680192080891278278
53 19 0.00454288990983990008
53 22 0.0493588723486042547
53 33 0.120357379513498647
53 36 -0.019724365496452425
53 37 -0.0543552422535516291
53 43 0.120357379513498619
53 46 -0.0197243654964524041
53 47 -0.0543552422535516083
53 53 0.624647724287507033
53 54 0.0212530565042068562
53 55 0.46717531144995228
53 56 -0.538946033913209943
53 57 -0.538946033913209943
53 58 0.109827110421602397
53 59 -0.0304889693987588778
53 63 0.144861177387119566
53 64 -0.482682617908634592
53 65 0.144861177387119622
54 4 0.175139237564483324
54 19 -0.208139419449953733
54 22 0.0279144004741948629
54 33 0.00932344909472536745
54 36 -0.150506046437586277
54 37 0.136098897798001162
54 43 0.00932344909472537266
54 46 -0.150506046437586249
54 47 0.136098897798001106
54 53 0.0212530565042068562
54 54 0.833975072446399679
54 55 -0.671532419708729567
54 56 -0.0842212643704409736
54 57 -0.0842212643704409458
55 4 -0.299890235239652914
55 19 0.199774651175156387
55 22 0.059259260072110298
55 33 0.0750179543709172947
55 36 -0.114031024279088927
55 37 -0.2311217332568479
55 43 0.0750179543709172947
55 46 -0.114031024279089052
55 47 -0.231121733256847817
55 53 0.46717531144995228
55 54 -0.671532419708729567
55 55 2.30916177343224849
55 56 -0.467404956917804371
55 57 -0.46740495691780426
55 58 -0.0249156589731090242
55 59 -0.104912449913859257
55 63 -0.462009989710119917
55 64 0.464979267291770748
55 65 -0.462009989710120084
56 4 0.0568213252922165069
56 19 0.00310385799496985327
56 22 -0.0582999555434200248
56 33 -0.582866764229512002
56 36 0.206406581610397294
56 37 0.123751805145374635
56 53 -0.538946033913209943
56 54 -0.0842212643704409736
56 55 -0.467404956917804371
56 56 2.2964381193641743
56 58 0.135761221645418512
56 59 -0.274946285538870405
56 63 -0.825458607245803111
56 64 0.00986095670651023805
57 4 0.0568213252922164652
57 19 0.00310385799496985196
57 22 -0.0582999555434200178
57 43 -0.58286676422951178
57 46 0.206406581610397294
57 47 0.123751805145374594
57 53 -0.538946033913209943
57 54 -0.0842212643704409458
57 55 -0.46740495691780426
57 57 2.29643811936417386
57 58 0.135761221645418567
57 59 -0.274946285538870516
57 64 0.00986095670651029703
57 65 -0.825458607245803111
58 4 0.0291344940433954161
58 28 0.00772485392313718155
58 31 -0.00657217328112996019
58 33 0.00772485392313718329
58 36 -0.00657217328112996452
58 38 0.109827110421602397
58 40 -0.0249156589731089825
58 41 0.135761221645418539
58 42 0.135761221645418512
58 43 0.00772485392313718155
58 46 -0.00657217328112996192
58 48 0.109827110421602439
58 50 -0.0249156589731090311
58 51 0.135761221645418512
58 52 0.135761221645418595
58 53 0.109827110421602397
58 55 -0.0249156589731090242
58 56 0.135761221645418512
58 57 0.135761221645418567
58 58 0.507379836389976968
58 59 0.128427724086390499
58 60 -0.281477749350941386
58 61 -0.297756177536983913
58 62 -0.297756177536983968
58 63 -0.281477749350941275
58 64 -0.297756177536983913
58 65 -0.281477749350941386
59 4 0.00516069487439073816
59 28 0.0153548145412276266
59 31 -0.134391745286052827
59 33 0.0153548145412276578
59 36 -0.13439174528605291
59 38 -0.030488969398758909
59 40 -0.104912449913859201
59 41 -0.274946285538870461
59 42 -0.274946285538870405
59 43 0.0153548145412276613
59 46 -0.134391745286052938
59 48 -0.0304889693987588639
59 50 -0.104912449913859243
59 51 -0.274946285538870461
59 52 -0.274946285538870516
59 53 -0.0304889693987588778
59 55 -0.104912449913859257
59 56 -0.274946285538870405
59 57 -0.274946285538870516
59 58 0.128427724086390499
59 59 2.10234302710918319
59 60 -0.0429780406887085575
59 61 0.101998479800571473
59 62 0.101998479800571418
59 63 -0.0429780406887086686
59 64 0.101998479800571418
59 65 -0.0429780406887086269
60 4 -0.0344849638987949417
60 28 0.0131894241286532633
60 31 0.596418722075576335
60 38 0.144861177387119511
60 40 -0.462009989710119973
60 41 -0.825458607245803333
60 48 0.144861177387119566
60 50 -0.462009989710120028
60 51 -0.825458607245803
60 58 -0.281477749350941386
60 59 -0.0429780406887085575
60 60 2.55619637768485664
60 61 -0.260824465406517048
60 62 -0.260824465406517214
61 4 -0.0207401586551439823
61 28 -0.0474015669100334852
61 31 -0.133168464297780537
61 33 -0.047401566910033506
61 36 -0.133168464297780564
61 38 -0.482682617908634537
61 40 0.464979267291770637
61 41 0.00986095670651017733
61 42 0.00986095670651036295
61 58 -0.297756177536983913
61 59 0.101998479800571473
61 60 -0.260824465406517048
61 61 1.09726828682406219
61 63 -0.260824465406517325
62 4 -0.0207401586551439823
62 28 -0.0474015669100334852
62 31 -0.133168464297780564
62 43 -0.047401566910033513
62 46 -0.13316846429778062
62 48 -0.482682617908634759
62 50 0.464979267291770804
62 51 0.00986095670651031958
62 52 0.00986095670651041499
62 58 -0.297756177536983968
62 59 0.101998479800571418
62 60 -0.260824465406517214
62 62 1.09726828682406286
62 65 -0.26082446540651727
63 4 -0.0344849638987949764
63 33 0.0131894241286531315
63 36 0.596418722075576557
63 38 0.14486117738711965
63 40 -0.462009989710120084
63 42 -0.825458607245803444
63 53 0.144861177387119566
63 55 -0.462009989710119917
63 56 -0.825458607245803111
63 58 -0.281477749350941275
63 59 -0.0429780406887086686
63 61 -0.260824465406517325
63 63 2.55619637768485664
63 64 -0.260824465406517214
64 4 -0.0207401586551439684
64 33 -0.0474015669100334575
64 36 -0.133168464297780564
64 43 -0.0474015669100334436
64 46 -0.133168464297780648
64 53 -0.482682617908634592
64 55 0.464979267291770748
64 56 0.00986095670651023805
64 57 0.00986095670651029703
64 58 -0.297756177536983913
64 59 0.101998479800571418
64 63 -0.260824465406517214
64 64 1.09726828682406241
64 65 -0.26082446540651727
65 4 -0.0344849638987950041
65 43 0.0131894241286531193
65 46 0.596418722075576668
65 48 0.144861177387119761
65 50 -0.462009989710120084
65 52 -0.825458607245803777
65 53 0.144861177387119622
65 55 -0.462009989710120084
65 57 -0.825458607245803111
65 58 -0.281477749350941386
65 59 -0.0429780406887086269
65 62 -0.26082446540651727
65 64 -0.26082446540651727
65 65 2.55619637768485752
