% 65x65 1229 nonzeros
1 1 0.0130095034891473497
1 2 0.00330024351209566667
1 3 -0.000385723888796843178
1 4 0.0122191574988233971
1 5 -0.00803235843343951504
1 6 -0.0123698735427415722
1 7 -0.00565996735195502861
1 8 -0.0206528641177343465
1 9 -0.00818026228801021354
1 10 -0.00712529599566038944
1 11 -0.000385723888796841497
1 12 -0.0123698735427415704
1 13 -0.00565996735195502948
1 14 -0.00712529599566039118
1 15 0.0033002435120956671
1 16 -0.00803235843343951504
1 17 -0.00565996735195503035
1 18 -0.00818026228801021181
1 19 -0.000385723888796840088
1 20 -0.0123698735427415704
1 21 -0.00565996735195503035
1 22 -0.00712529599566038944
1 23 0.00330024351209566753
1 24 -0.00803235843343951678
1 25 -0.00565996735195502861
1 26 -0.00818026228801021354
1 27 -0.00565996735195502948
2 1 0.00330024351209566667
2 2 0.00825743184852959465
2 3 -0.00147162663092577925
2 4 0.00160787290506546852
2 5 -0.00657374505502725855
2 6 -0.00491600521307515061
2 7 -0.00497471838849743251
2 8 -0.00708236753308353305
2 9 0.00232305443304373473
2 10 -0.00271929042717577486
2 11 -0.00147162663092577839
2 12 -0.00491600521307515147
2 13 -0.00497471838849743164
2 14 -0.00271929042717577573
2 28 -0.00137698830183181757
2 29 0.00584795088821499047
2 30 0.000292153516507752821
2 31 0.000751145747331598019
2 32 0.000292153516507752929
3 1 -0.000385723888796843178
3 2 -0.00147162663092577925
3 3 0.0278780642004802862
3 4 0.00367465293748451584
3 5 -0.0023800684592760195
3 6 0.00516652299681369474
3 7 0.0013115720564839384
3 8 -0.00635578241609772651
3 9 -0.00464068864894016074
3 10 -0.00291421933195954103
3 15 -0.00147162663092577882
3 16 -0.00238006845927601863
3 17 0.00131157205648393818
3 18 -0.00464068864894016074
3 28 0.000799177383161328928
3 29 -0.00143735965024009205
3 30 -0.000857723703455807616
3 31 -0.000406895339698142228
3 33 0.000799177383161328711
3 34 -0.00143735965024009162
3 35 -0.000857723703455806749
3 36 -0.000406895339698142174
3 38 -0.001376988301831818
3 39 -0.00399595251496353675
3 40 -0.00209904180907002566
3 41 -0.00234617684606079754
3 42 -0.00234617684606079494
4 1 0.0122191574988233971
4 2 0.00160787290506546852
4 3 0.00367465293748451584
4 4 0.036019870695254301
4 5 -0.00908326460177723977
4 6 -0.0113525077552101179
4 7 -0.00846456126813631068
4 8 -0.0312233994843675172
4 9 -0.014473122227395125
4 10 -0.00916497583855823035
4 11 0.00367465293748451497
4 12 -0.0113525077552101179
4 13 -0.00846456126813630895
4 14 -0.00916497583855823209
4 15 0.00160787290506546852
4 16 -0.00908326460177723977
4 17 -0.00846456126813630721
4 18 -0.0144731222273951181
4 19 0.00367465293748451584
4 20 -0.0113525077552101179
4 21 -0.00846456126813631068
4 22 -0.00916497583855823209
4 23 0.00160787290506546939
4 24 -0.00908326460177723977
4 25 -0.00846456126813630895
4 26 -0.0144731222273951233
4 27 -0.00846456126813631068
4 28 0.00367465293748451584
4 29 -0.00218506867422150683
4 30 -0.000506878047907680204
4 31 -0.00916497583855823035
4 32 -0.000506878047907679879
4 33 0.0036746529374845154
4 34 -0.00218506867422150596
4 35 -0.000506878047907680096
4 36 -0.00916497583855823035
4 37 -0.000506878047907680096
4 38 0.00160787290506546983
4 39 -0.0021850686742215064
4 40 -0.0144731222273951216
4 41 -0.00846456126813631068
4 42 -0.00846456126813631242
4 43 0.00367465293748451454
4 44 -0.00218506867422150683
4 45 -0.000506878047907680096
4 46 -0.00916497583855823035
4 47 -0.000506878047907679988
4 48 0.00160787290506546852
4 49 -0.00218506867422150683
4 50 -0.0144731222273951216
4 51 -0.00846456126813631068
4 52 -0.00846456126813631068
4 53 0.00160787290506546983
4 54 -0.00218506867422150596
4 55 -0.0144731222273951233
4 56 -0.00846456126813631068
4 57 -0.00846456126813630895
4 58 0.0122191574988233971
4 59 -0.0312233994843675068
4 60 -0.0113525077552101179
4 61 -0.00908326460177723803
4 62 -0.00908326460177723977
4 63 -0.0113525077552101162
4 64 -0.00908326460177723977
4 65 -0.0113525077552101214
5 1 -0.00803235843343951504
5 2 -0.00657374505502725855
5 3 -0.0023800684592760195
5 4 -0.00908326460177723977
5 5 0.0204784489452779009
5 6 0.0083730113045797569
5 7 0.00986093558233951117
5 8 0.0198929921894763703
5 9 0.0220887816993297278
5 10 0.00621913604012258505
5 11 -0.00238006845927602037
5 12 0.0083730113045797569
5 13 0.00986093558233951117
5 14 0.00621913604012258679
6 1 -0.0123698735427415722
6 2 -0.00491600521307515061
6 3 0.00516652299681369474
6 4 -0.0113525077552101179
6 5 0.0083730113045797569
6 6 0.0503440632436843102
6 7 0.014932809089937776
6 8 0.0229783082623705205
6 9 0.00621913604012258505
6 10 0.0245173354214958464
6 15 -0.00491600521307515147
6 16 0.00837301130457975863
6 17 0.0149328090899377795
6 18 0.00621913604012258505
7 1 -0.00565996735195502861
7 2 -0.00497471838849743251
7 3 0.0013115720564839384
7 4 -0.00846456126813631068
7 5 0.00986093558233951117
7 6 0.014932809089937776
7 7 0.0590712203444489214
7 8 0.00621913604012258505
7 9 0.0192894472237174208
7 10 0.0154466507801886456
7 28 -0.00234617684606079624
7 29 0.00686515642228883918
7 30 0.00340613008879314932
7 31 0.000701916570312937195
8 1 -0.0206528641177343465
8 2 -0.00708236753308353305
8 3 -0.00635578241609772651
8 4 -0.0312233994843675172
8 5 0.0198929921894763703
8 6 0.0229783082623705205
8 7 0.00621913604012258505
8 8 0.109024935194603614
8 9 0.0180869875619423179
8 10 0.0145238847432710635
8 11 -0.00635578241609772825
8 12 0.022978308262370517
8 13 0.00621913604012258679
8 14 0.0145238847432710635
8 15 -0.00708236753308353392
8 16 0.0198929921894763703
8 17 0.00621913604012258505
8 18 0.0180869875619423179
8 19 -0.00635578241609772911
8 20 0.022978308262370524
8 21 0.00621913604012258679
8 22 0.0145238847432710618
8 23 -0.00708236753308353392
8 24 0.0198929921894763773
8 25 0.00621913604012258765
8 26 0.0180869875619423248
8 27 0.00621913604012258679
9 1 -0.00818026228801021354
9 2 0.00232305443304373473
9 3 -0.00464068864894016074
9 4 -0.014473122227395125
9 5 0.0220887816993297278
9 6 0.00621913604012258505
9 7 0.0192894472237174208
9 8 0.0180869875619423179
9 9 0.0484568017868826223
9 10 0.00779890554179634918
9 11 -0.00464068864894016074
9 12 0.00621913604012258679
9 13 0.0192894472237174208
9 14 0.00779890554179634831
9 28 -0.00209904180907002566
9 29 0.00716438782595719102
9 30 0.000701916570312937195
9 31 0.00129195898285098176
9 32 0.000701916570312936762
10 1 -0.00712529599566038944
10 2 -0.00271929042717577486
10 3 -0.00291421933195954103
10 4 -0.00916497583855823035
10 5 0.00621913604012258505
10 6 0.0245173354214958464
10 7 0.0154466507801886456
10 8 0.0145238847432710635
10 9 0.00779890554179634918
10 10 0.0167407821096030723
10 15 -0.00271929042717577486
10 16 0.00621913604012258592
10 17 0.0154466507801886404
10 18 0.00779890554179634831
10 28 -0.000406895339698142282
10 29 0.000701916570312937195
10 30 0.000423713634585770474
10 31 0.000223748218166694738
10 33 -0.000406895339698142228
10 34 0.000701916570312937087
10 35 0.000423713634585770366
10 36 0.000223748218166694576
10 38 0.00075114574733159791
10 39 0.0014640127131539428
10 40 0.00129195898285098133
10 41 0.000701916570312937087
10 42 0.000701916570312937087
11 1 -0.000385723888796841497
11 2 -0.00147162663092577839
11 4 0.00367465293748451497
11 5 -0.00238006845927602037
11 8 -0.00635578241609772825
11 9 -0.00464068864894016074
11 11 0.0278780642004802896
11 12 0.00516652299681368693
11 13 0.00131157205648393038
11 14 -0.00291421933195953539
11 23 -0.0014716266309257799
11 24 -0.0023800684592760208
11 25 0.00131157205648394079
11 26 -0.00464068864894016074
11 28 0.000799177383161328711
11 29 -0.00143735965024009227
11 31 -0.000406895339698142011
11 32 -0.000857723703455807399
11 43 0.000799177383161328494
11 44 -0.00143735965024009184
11 45 -0.000857723703455806749
11 46 -0.00040689533969814212
11 48 -0.00137698830183181778
11 49 -0.00399595251496353762
11 50 -0.00209904180907002566
11 51 -0.00234617684606079624
11 52 -0.00234617684606079624
12 1 -0.0123698735427415704
12 2 -0.00491600521307515147
12 4 -0.0113525077552101179
12 5 0.0083730113045797569
12 8 0.022978308262370517
12 9 0.00621913604012258679
12 11 0.00516652299681368693
12 12 0.0503440632436842894
12 13 0.0149328090899377743
12 14 0.0245173354214958464
12 23 -0.00491600521307515147
12 24 0.0083730113045797569
12 25 0.0149328090899377725
12 26 0.00621913604012258765
13 1 -0.00565996735195502948
13 2 -0.00497471838849743164
13 4 -0.00846456126813630895
13 5 0.00986093558233951117
13 8 0.00621913604012258679
13 9 0.0192894472237174208
13 11 0.00131157205648393038
13 12 0.0149328090899377743
13 13 0.0590712203444489284
13 14 0.0154466507801886491
13 28 -0.00234617684606079754
13 29 0.00686515642228884265
13 31 0.000701916570312936762
13 32 0.00340613008879315279
14 1 -0.00712529599566039118
14 2 -0.00271929042717577573
14 4 -0.00916497583855823209
14 5 0.00621913604012258679
14 8 0.0145238847432710635
14 9 0.00779890554179634831
14 11 -0.00291421933195953539
14 12 0.0245173354214958464
14 13 0.0154466507801886491
14 14 0.0167407821096030758
14 23 -0.00271929042717577573
14 24 0.00621913604012258765
14 25 0.0154466507801886473
14 26 0.00779890554179634918
14 28 -0.000406895339698142011
14 29 0.000701916570312936762
14 31 0.000223748218166694521
14 32 0.000423713634585770041
14 43 -0.00040689533969814212
14 44 0.000701916570312936978
14 45 0.000423713634585770257
14 46 0.000223748218166694576
14 48 0.000751145747331598236
14 49 0.00146401271315394301
14 50 0.00129195898285098154
14 51 0.000701916570312936978
14 52 0.000701916570312936978
15 1 0.0033002435120956671
15 3 -0.00147162663092577882
15 4 0.00160787290506546852
15 6 -0.00491600521307515147
15 8 -0.00708236753308353392
15 10 -0.00271929042717577486
15 15 0.00825743184852959465
15 16 -0.00657374505502725942
15 17 -0.00497471838849743424
15 18 0.00232305443304373213
15 19 -0.00147162663092577839
15 20 -0.00491600521307515147
15 21 -0.00497471838849743164
15 22 -0.00271929042717577486
15 33 -0.00137698830183181735
15 34 0.00584795088821499047
15 35 0.000292153516507752604
15 36 0.000751145747331597802
15 37 0.000292153516507752875
16 1 -0.00803235843343951504
16 3 -0.00238006845927601863
16 4 -0.00908326460177723977
16 6 0.00837301130457975863
16 8 0.0198929921894763703
16 10 0.00621913604012258592
16 15 -0.00657374505502725942
16 16 0.0204784489452778974
16 17 0.00986093558233950944
16 18 0.0220887816993297278
16 19 -0.00238006845927601993
16 20 0.00837301130457975863
16 21 0.00986093558233951117
16 22 0.00621913604012258679
17 1 -0.00565996735195503035
17 3 0.00131157205648393818
17 4 -0.00846456126813630721
17 6 0.0149328090899377795
17 8 0.00621913604012258505
17 10 0.0154466507801886404
17 15 -0.00497471838849743424
17 16 0.00986093558233950944
17 17 0.0590712203444489214
17 18 0.0192894472237174174
17 33 -0.00234617684606079624
17 34 0.00686515642228883918
17 35 0.00340613008879315105
17 36 0.000701916570312937087
18 1 -0.00818026228801021181
18 3 -0.00464068864894016074
18 4 -0.0144731222273951181
18 6 0.00621913604012258505
18 8 0.0180869875619423179
18 10 0.00779890554179634831
18 15 0.00232305443304373213
18 16 0.0220887816993297278
18 17 0.0192894472237174174
18 18 0.0484568017868826223
18 19 -0.00464068864894016161
18 20 0.00621913604012258679
18 21 0.0192894472237174243
18 22 0.00779890554179634918
18 33 -0.00209904180907002566
18 34 0.00716438782595718929
18 35 0.000701916570312937087
18 36 0.00129195898285098176
18 37 0.000701916570312937195
19 1 -0.000385723888796840088
19 4 0.00367465293748451584
19 8 -0.00635578241609772911
19 15 -0.00147162663092577839
19 16 -0.00238006845927601993
19 18 -0.00464068864894016161
19 19 0.0278780642004802515
19 20 0.00516652299681367999
19 21 0.00131157205648392821
19 22 -0.00291421933195953713
19 23 -0.00147162663092577795
19 24 -0.00238006845927602037
19 26 -0.00464068864894016074
19 27 0.0013115720564839306
19 33 0.000799177383161328928
19 34 -0.00143735965024009314
19 36 -0.000406895339698142336
19 37 -0.000857723703455807725
19 43 0.000799177383161328819
19 44 -0.00143735965024009205
19 46 -0.00040689533969814212
19 47 -0.000857723703455807399
19 53 -0.00137698830183181735
19 54 -0.00399595251496353675
19 55 -0.00209904180907002566
19 56 -0.00234617684606079711
19 57 -0.00234617684606079624
20 1 -0.0123698735427415704
20 4 -0.0113525077552101179
20 8 0.022978308262370524
20 15 -0.00491600521307515147
20 16 0.00837301130457975863
20 18 0.00621913604012258679
20 19 0.00516652299681367999
20 20 0.0503440632436842894
20 21 0.0149328090899377777
20 22 0.0245173354214958464
20 23 -0.00491600521307515321
20 24 0.00837301130457975863
20 26 0.00621913604012258679
20 27 0.014932809089937776
21 1 -0.00565996735195503035
21 4 -0.00846456126813631068
21 8 0.00621913604012258679
21 15 -0.00497471838849743164
21 16 0.00986093558233951117
21 18 0.0192894472237174243
21 19 0.00131157205648392821
21 20 0.0149328090899377777
21 21 0.0590712203444489353
21 22 0.0154466507801886473
21 33 -0.00234617684606079797
21 34 0.00686515642228884525
21 36 0.000701916570312937195
21 37 0.00340613008879315322
22 1 -0.00712529599566038944
22 4 -0.00916497583855823209
22 8 0.0145238847432710618
22 15 -0.00271929042717577486
22 16 0.00621913604012258679
22 18 0.00779890554179634918
22 19 -0.00291421933195953713
22 20 0.0245173354214958464
22 21 0.0154466507801886473
22 22 0.0167407821096030758
22 23 -0.00271929042717577573
22 24 0.00621913604012258679
22 26 0.00779890554179634918
22 27 0.0154466507801886456
22 33 -0.000406895339698142228
22 34 0.000701916570312937195
22 36 0.000223748218166694711
22 37 0.000423713634585770366
22 43 -0.000406895339698142065
22 44 0.000701916570312936653
22 46 0.000223748218166694576
22 47 0.000423713634585770149
22 53 0.000751145747331597585
22 54 0.0014640127131539428
22 55 0.00129195898285098111
22 56 0.000701916570312937087
22 57 0.000701916570312937304
23 1 0.00330024351209566753
23 4 0.00160787290506546939
23 8 -0.00708236753308353392
23 11 -0.0014716266309257799
23 12 -0.00491600521307515147
23 14 -0.00271929042717577573
23 19 -0.00147162663092577795
23 20 -0.00491600521307515321
23 22 -0.00271929042717577573
23 23 0.00825743184852959639
23 24 -0.00657374505502725942
23 25 -0.00497471838849743511
23 26 0.00232305443304373213
23 27 -0.00497471838849743338
23 43 -0.00137698830183181757
23 44 0.0058479508882149922
23 45 0.000292153516507752224
23 46 0.000751145747331598127
23 47 0.000292153516507752875
24 1 -0.00803235843343951678
24 4 -0.00908326460177723977
24 8 0.0198929921894763773
24 11 -0.0023800684592760208
24 12 0.0083730113045797569
24 14 0.00621913604012258765
24 19 -0.00238006845927602037
24 20 0.00837301130457975863
24 22 0.00621913604012258679
24 23 -0.00657374505502725942
24 24 0.0204784489452779078
24 25 0.00986093558233951464
24 26 0.0220887816993297348
24 27 0.00986093558233951464
25 1 -0.00565996735195502861
25 4 -0.00846456126813630895
25 8 0.00621913604012258765
25 11 0.00131157205648394079
25 12 0.0149328090899377725
25 14 0.0154466507801886473
25 23 -0.00497471838849743511
25 24 0.00986093558233951464
25 25 0.059071220344448977
25 26 0.0192894472237174174
25 43 -0.00234617684606079928
25 44 0.00686515642228884612
25 45 0.00340613008879315756
25 46 0.000701916570312936978
26 1 -0.00818026228801021354
26 4 -0.0144731222273951233
26 8 0.0180869875619423248
26 11 -0.00464068864894016074
26 12 0.00621913604012258765
26 14 0.00779890554179634918
26 19 -0.00464068864894016074
26 20 0.00621913604012258679
26 22 0.00779890554179634918
26 23 0.00232305443304373213
26 24 0.0220887816993297348
26 25 0.0192894472237174174
26 26 0.0484568017868826223
26 27 0.0192894472237174174
26 43 -0.00209904180907002566
26 44 0.00716438782595719102
26 45 0.000701916570312936978
26 46 0.00129195898285098154
26 47 0.000701916570312936653
27 1 -0.00565996735195502948
27 4 -0.00846456126813631068
27 8 0.00621913604012258679
27 19 0.0013115720564839306
27 20 0.014932809089937776
27 22 0.0154466507801886456
27 23 -0.00497471838849743338
27 24 0.00986093558233951464
27 26 0.0192894472237174174
27 27 0.0590712203444489353
27 43 -0.00234617684606079754
27 44 0.00686515642228884351
27 46 0.000701916570312936653
27 47 0.00340613008879315279
28 2 -0.00137698830183181757
28 3 0.000799177383161328928
28 4 0.00367465293748451584
28 7 -0.00234617684606079624
28 9 -0.00209904180907002566
28 10 -0.000406895339698142282
28 11 0.000799177383161328711
28 13 -0.00234617684606079754
28 14 -0.000406895339698142011
28 28 0.0278780642004802445
28 29 -0.00399595251496353675
28 30 -0.000857723703455807616
28 31 -0.00291421933195953799
28 32 -0.000857723703455807941
28 38 -0.00147162663092577839
28 39 -0.00143735965024009314
28 40 -0.00464068864894016248
28 41 0.00131157205648393081
28 48 -0.00147162663092577882
28 49 -0.00143735965024009227
28 50 -0.00464068864894016161
28 51 0.00131157205648393168
28 58 -0.000385723888796839763
28 59 -0.00635578241609772651
28 60 0.00516652299681367826
28 61 -0.00238006845927602037
28 62 -0.0023800684592760208
29 2 0.00584795088821499047
29 3 -0.00143735965024009205
29 4 -0.00218506867422150683
29 7 0.00686515642228883918
29 9 0.00716438782595719102
29 10 0.000701916570312937195
29 11 -0.00143735965024009227
29 13 0.00686515642228884265
29 14 0.000701916570312936762
29 28 -0.00399595251496353675
29 29 0.0165760950924628732
29 30 0.00158849569715174095
29 31 0.0014640127131539428
29 32 0.00158849569715174203
30 2 0.000292153516507752821
30 3 -0.000857723703455807616
30 4 -0.000506878047907680204
30 7 0.00340613008879314932
30 9 0.000701916570312937195
30 10 0.000423713634585770474
30 28 -0.000857723703455807616
30 29 0.00158849569715174095
30 30 0.0013250305091045962
30 31 0.000423713634585770474
30 38 0.000292153516507753146
30 39 0.00158849569715174268
30 40 0.000701916570312937195
30 41 0.00340613008879315279
31 2 0.000751145747331598019
31 3 -0.000406895339698142228
31 4 -0.00916497583855823035
31 7 0.000701916570312937195
31 9 0.00129195898285098176
31 10 0.000223748218166694738
31 11 -0.000406895339698142011
31 13 0.000701916570312936762
31 14 0.000223748218166694521
31 28 -0.00291421933195953799
31 29 0.0014640127131539428
31 30 0.000423713634585770474
31 31 0.0167407821096030723
31 32 0.000423713634585770149
31 38 -0.0027192904271757753
31 39 0.000701916570312937195
31 40 0.00779890554179635005
31 41 0.0154466507801886473
31 48 -0.0027192904271757753
31 49 0.000701916570312936978
31 50 0.00779890554179634918
31 51 0.0154466507801886456
31 58 -0.00712529599566038944
31 59 0.0145238847432710601
31 60 0.0245173354214958464
31 61 0.00621913604012258679
31 62 0.00621913604012258679
32 2 0.000292153516507752929
32 4 -0.000506878047907679879
32 9 0.000701916570312936762
32 11 -0.000857723703455807399
32 13 0.00340613008879315279
32 14 0.000423713634585770041
32 28 -0.000857723703455807941
32 29 0.00158849569715174203
32 31 0.000423713634585770149
32 32 0.00132503050910459642
32 48 0.000292153516507753037
32 49 0.0015884956971517416
32 50 0.000701916570312936978
32 51 0.00340613008879314975
33 3 0.000799177383161328711
33 4 0.0036746529374845154
33 10 -0.000406895339698142228
33 15 -0.00137698830183181735
33 17 -0.00234617684606079624
33 18 -0.00209904180907002566
33 19 0.000799177383161328928
33 21 -0.00234617684606079797
33 22 -0.000406895339698142228
33 33 0.0278780642004802411
33 34 -0.00399595251496353762
33 35 -0.000857723703455807725
33 36 -0.00291421933195953843
33 37 -0.000857723703455807833
33 38 -0.00147162663092577557
33 39 -0.00143735965024009184
33 40 -0.00464068864894016161
33 42 0.00131157205648391824
33 53 -0.00147162663092577774
33 54 -0.00143735965024009271
33 55 -0.00464068864894016074
33 56 0.00131157205648392604
33 58 -0.000385723888796841064
33 59 -0.00635578241609772651
33 61 -0.0023800684592760208
33 63 0.00516652299681368606
33 64 -0.00238006845927602037
34 3 -0.00143735965024009162
34 4 -0.00218506867422150596
34 10 0.000701916570312937087
34 15 0.00584795088821499047
34 17 0.00686515642228883918
34 18 0.00716438782595718929
34 19 -0.00143735965024009314
34 21 0.00686515642228884525
34 22 0.000701916570312937195
34 33 -0.00399595251496353762
34 34 0.0165760950924628767
34 35 0.00158849569715174051
34 36 0.00146401271315394258
34 37 0.00158849569715174312
35 3 -0.000857723703455806749
35 4 -0.000506878047907680096
35 10 0.000423713634585770366
35 15 0.000292153516507752604
35 17 0.00340613008879315105
35 18 0.000701916570312937087
35 33 -0.000857723703455807725
35 34 0.00158849569715174051
35 35 0.00132503050910459468
35 36 0.000423713634585770366
35 38 0.0002921535165077532
35 39 0.00158849569715174008
35 40 0.000701916570312937087
35 42 0.00340613008879314628
36 3 -0.000406895339698142174
36 4 -0.00916497583855823035
36 10 0.000223748218166694576
36 15 0.000751145747331597802
36 17 0.000701916570312937087
36 18 0.00129195898285098176
36 19 -0.000406895339698142336
36 21 0.000701916570312937195
36 22 0.000223748218166694711
36 33 -0.00291421933195953843
36 34 0.00146401271315394258
36 35 0.000423713634585770366
36 36 0.0167407821096030723
36 37 0.000423713634585770474
36 38 -0.00271929042717577616
36 39 0.000701916570312937087
36 40 0.00779890554179635005
36 42 0.0154466507801886525
36 53 -0.0027192904271757753
36 54 0.000701916570312937087
36 55 0.00779890554179634744
36 56 0.0154466507801886473
36 58 -0.00712529599566038944
36 59 0.0145238847432710566
36 61 0.00621913604012258592
36 63 0.0245173354214958394
36 64 0.00621913604012258592
37 4 -0.000506878047907680096
37 15 0.000292153516507752875
37 18 0.000701916570312937195
37 19 -0.000857723703455807725
37 21 0.00340613008879315322
37 22 0.000423713634585770366
37 33 -0.000857723703455807833
37 34 0.00158849569715174312
37 36 0.000423713634585770474
37 37 0.00132503050910459707
37 53 0.000292153516507752929
37 54 0.00158849569715174203
37 55 0.000701916570312936978
37 56 0.00340613008879315192
38 3 -0.001376988301831818
38 4 0.00160787290506546983
38 10 0.00075114574733159791
38 28 -0.00147162663092577839
38 30 0.000292153516507753146
38 31 -0.0027192904271757753
38 33 -0.00147162663092577557
38 35 0.0002921535165077532
38 36 -0.00271929042717577616
38 38 0.00825743184852959465
38 39 0.0058479508882149922
38 40 0.00232305443304373083
38 41 -0.00497471838849742904
38 42 -0.00497471838849742904
38 58 0.00330024351209566753
38 59 -0.00708236753308353305
38 60 -0.00491600521307515234
38 61 -0.00657374505502726029
38 63 -0.00491600521307515321
39 3 -0.00399595251496353675
39 4 -0.0021850686742215064
39 10 0.0014640127131539428
39 28 -0.00143735965024009314
39 30 0.00158849569715174268
39 31 0.000701916570312937195
39 33 -0.00143735965024009184
39 35 0.00158849569715174008
39 36 0.000701916570312937087
39 38 0.0058479508882149922
39 39 0.0165760950924628732
39 40 0.00716438782595718929
39 41 0.00686515642228884351
39 42 0.00686515642228883571
40 3 -0.00209904180907002566
40 4 -0.0144731222273951216
40 10 0.00129195898285098133
40 28 -0.00464068864894016248
40 30 0.000701916570312937195
40 31 0.00779890554179635005
40 33 -0.00464068864894016161
40 35 0.000701916570312937087
40 36 0.00779890554179635005
40 38 0.00232305443304373083
40 39 0.00716438782595718929
40 40 0.0484568017868826223
40 41 0.0192894472237174208
40 42 0.0192894472237174243
40 58 -0.00818026228801021354
40 59 0.0180869875619423179
40 60 0.00621913604012258679
40 61 0.0220887816993297278
40 63 0.00621913604012258592
41 3 -0.00234617684606079754
41 4 -0.00846456126813631068
41 10 0.000701916570312937087
41 28 0.00131157205648393081
41 30 0.00340613008879315279
41 31 0.0154466507801886473
41 38 -0.00497471838849742904
41 39 0.00686515642228884351
41 40 0.0192894472237174208
41 41 0.0590712203444489353
41 58 -0.00565996735195503121
41 59 0.00621913604012258679
41 60 0.0149328090899377795
41 61 0.00986093558233951638
42 3 -0.00234617684606079494
42 4 -0.00846456126813631242
42 10 0.000701916570312937087
42 33 0.00131157205648391824
42 35 0.00340613008879314628
42 36 0.0154466507801886525
42 38 -0.00497471838849742904
42 39 0.00686515642228883571
42 40 0.0192894472237174243
42 42 0.0590712203444489214
42 58 -0.00565996735195503035
42 59 0.00621913604012258592
42 61 0.00986093558233951464
42 63 0.0149328090899377795
43 4 0.00367465293748451454
43 11 0.000799177383161328494
43 14 -0.00040689533969814212
43 19 0.000799177383161328819
43 22 -0.000406895339698142065
43 23 -0.00137698830183181757
43 25 -0.00234617684606079928
43 26 -0.00209904180907002566
43 27 -0.00234617684606079754
43 43 0.0278780642004802515
43 44 -0.00399595251496353849
43 45 -0.000857723703455807833
43 46 -0.00291421933195953626
43 47 -0.00085772370345580805
43 48 -0.00147162663092577687
43 49 -0.00143735965024009184
43 50 -0.00464068864894016074
43 52 0.00131157205648392626
43 53 -0.00147162663092577709
43 54 -0.00143735965024009227
43 55 -0.00464068864894016074
43 57 0.00131157205648392648
43 58 -0.000385723888796840847
43 59 -0.00635578241609772651
43 62 -0.00238006845927601907
43 64 -0.0023800684592760195
43 65 0.00516652299681368606
44 4 -0.00218506867422150683
44 11 -0.00143735965024009184
44 14 0.000701916570312936978
44 19 -0.00143735965024009205
44 22 0.000701916570312936653
44 23 0.0058479508882149922
44 25 0.00686515642228884612
44 26 0.00716438782595719102
44 27 0.00686515642228884351
44 43 -0.00399595251496353849
44 44 0.0165760950924628767
44 45 0.00158849569715174247
44 46 0.00146401271315394323
44 47 0.00158849569715174225
45 4 -0.000506878047907680096
45 11 -0.000857723703455806749
45 14 0.000423713634585770257
45 23 0.000292153516507752224
45 25 0.00340613008879315756
45 26 0.000701916570312936978
45 43 -0.000857723703455807833
45 44 0.00158849569715174247
45 45 0.0013250305091045975
45 46 0.000423713634585770366
45 48 0.000292153516507752821
45 49 0.00158849569715174138
45 50 0.000701916570312936978
45 52 0.00340613008879315149
46 4 -0.00916497583855823035
46 11 -0.00040689533969814212
46 14 0.000223748218166694576
46 19 -0.00040689533969814212
46 22 0.000223748218166694576
46 23 0.000751145747331598127
46 25 0.000701916570312936978
46 26 0.00129195898285098154
46 27 0.000701916570312936653
46 43 -0.00291421933195953626
46 44 0.00146401271315394323
46 45 0.000423713634585770366
46 46 0.0167407821096030793
46 47 0.000423713634585770366
46 48 -0.00271929042717577616
46 49 0.000701916570312936978
46 50 0.00779890554179634831
46 52 0.0154466507801886473
46 53 -0.00271929042717577573
46 54 0.000701916570312937304
46 55 0.00779890554179634918
46 57 0.0154466507801886508
46 58 -0.00712529599566039205
46 59 0.0145238847432710601
46 62 0.00621913604012258592
46 64 0.00621913604012258592
46 65 0.0245173354214958499
47 4 -0.000506878047907679988
47 19 -0.000857723703455807399
47 22 0.000423713634585770149
47 23 0.000292153516507752875
47 26 0.000701916570312936653
47 27 0.00340613008879315279
47 43 -0.00085772370345580805
47 44 0.00158849569715174225
47 46 0.000423713634585770366
47 47 0.0013250305091045962
47 53 0.000292153516507752929
47 54 0.00158849569715174095
47 55 0.000701916570312937304
47 57 0.00340613008879314975
48 4 0.00160787290506546852
48 11 -0.00137698830183181778
48 14 0.000751145747331598236
48 28 -0.00147162663092577882
48 31 -0.0027192904271757753
48 32 0.000292153516507753037
48 43 -0.00147162663092577687
48 45 0.000292153516507752821
48 46 -0.00271929042717577616
48 48 0.00825743184852959465
48 49 0.0058479508882149922
48 50 0.00232305443304373516
48 51 -0.00497471838849742904
48 52 -0.00497471838849743164
48 58 0.00330024351209566667
48 59 -0.00708236753308353305
48 60 -0.00491600521307515061
48 62 -0.00657374505502725855
48 65 -0.00491600521307515234
49 4 -0.00218506867422150683
49 11 -0.00399595251496353762
49 14 0.00146401271315394301
49 28 -0.00143735965024009227
49 31 0.000701916570312936978
49 32 0.0015884956971517416
49 43 -0.00143735965024009184
49 45 0.00158849569715174138
49 46 0.000701916570312936978
49 48 0.0058479508882149922
49 49 0.0165760950924628767
49 50 0.00716438782595719189
49 51 0.00686515642228884091
49 52 0.00686515642228883918
50 4 -0.0144731222273951216
50 11 -0.00209904180907002566
50 14 0.00129195898285098154
50 28 -0.00464068864894016161
50 31 0.00779890554179634918
50 32 0.000701916570312936978
50 43 -0.00464068864894016074
50 45 0.000701916570312936978
50 46 0.00779890554179634831
50 48 0.00232305443304373516
50 49 0.00716438782595719189
50 50 0.0484568017868826223
50 51 0.0192894472237174208
50 52 0.0192894472237174208
50 58 -0.00818026228801021354
50 59 0.0180869875619423179
50 60 0.00621913604012258592
50 62 0.0220887816993297278
50 65 0.00621913604012258679
51 4 -0.00846456126813631068
51 11 -0.00234617684606079624
51 14 0.000701916570312936978
51 28 0.00131157205648393168
51 31 0.0154466507801886456
51 32 0.00340613008879314975
51 48 -0.00497471838849742904
51 49 0.00686515642228884091
51 50 0.0192894472237174208
51 51 0.0590712203444489284
51 58 -0.00565996735195502861
51 59 0.00621913604012258592
51 60 0.014932809089937776
51 62 0.00986093558233951291
52 4 -0.00846456126813631068
52 11 -0.00234617684606079624
52 14 0.000701916570312936978
52 43 0.00131157205648392626
52 45 0.00340613008879315149
52 46 0.0154466507801886473
52 48 -0.00497471838849743164
52 49 0.00686515642228883918
52 50 0.0192894472237174208
52 52 0.0590712203444489353
52 58 -0.00565996735195502948
52 59 0.00621913604012258679
52 62 0.00986093558233951464
52 65 0.0149328090899377795
53 4 0.00160787290506546983
53 19 -0.00137698830183181735
53 22 0.000751145747331597585
53 33 -0.00147162663092577774
53 36 -0.0027192904271757753
53 37 0.000292153516507752929
53 43 -0.00147162663092577709
53 46 -0.00271929042717577573
53 47 0.000292153516507752929
53 53 0.00825743184852959465
53 54 0.00584795088821499047
53 55 0.00232305443304373083
53 56 -0.00497471838849742991
53 57 -0.00497471838849742991
53 58 0.00330024351209566753
53 59 -0.00708236753308353305
53 63 -0.00491600521307515147
53 64 -0.00657374505502725942
53 65 -0.00491600521307515147
54 4 -0.00218506867422150596
54 19 -0.00399595251496353675
54 22 0.0014640127131539428
54 33 -0.00143735965024009271
54 36 0.000701916570312937087
54 37 0.00158849569715174203
54 43 -0.00143735965024009227
54 46 0.000701916570312937304
54 47 0.00158849569715174095
54 53 0.00584795088821499047
54 54 0.0165760950924628767
54 55 0.00716438782595718929
54 56 0.00686515642228884178
54 57 0.00686515642228883918
55 4 -0.0144731222273951233
55 19 -0.00209904180907002566
55 22 0.00129195898285098111
55 33 -0.00464068864894016074
55 36 0.00779890554179634744
55 37 0.000701916570312936978
55 43 -0.00464068864894016074
55 46 0.00779890554179634918
55 47 0.000701916570312937304
55 53 0.00232305443304373083
55 54 0.00716438782595718929
55 55 0.0484568017868826223
55 56 0.0192894472237174208
55 57 0.0192894472237174208
55 58 -0.00818026228801021354
55 59 0.0180869875619423248
55 63 0.00621913604012258592
55 64 0.0220887816993297313
55 65 0.00621913604012258592
56 4 -0.00846456126813631068
56 19 -0.00234617684606079711
56 22 0.000701916570312937087
56 33 0.00131157205648392604
56 36 0.0154466507801886473
56 37 0.00340613008879315192
56 53 -0.00497471838849742991
56 54 0.00686515642228884178
56 55 0.0192894472237174208
56 56 0.0590712203444489353
56 58 -0.00565996735195503035
56 59 0.00621913604012258592
56 63 0.014932809089937776
56 64 0.00986093558233951291
57 4 -0.00846456126813630895
57 19 -0.00234617684606079624
57 22 0.000701916570312937304
57 43 0.00131157205648392648
57 46 0.0154466507801886508
57 47 0.00340613008879314975
57 53 -0.00497471838849742991
57 54 0.00686515642228883918
57 55 0.0192894472237174208
57 57 0.0590712203444489076
57 58 -0.00565996735195502861
57 59 0.00621913604012258592
57 64 0.0098609355823395077
57 65 0.0149328090899377725
58 4 0.0122191574988233971
58 28 -0.000385723888796839763
58 31 -0.00712529599566038944
58 33 -0.000385723888796841064
58 36 -0.00712529599566038944
58 38 0.00330024351209566753
58 40 -0.00818026228801021354
58 41 -0.00565996735195503121
58 42 -0.00565996735195503035
58 43 -0.000385723888796840847
58 46 -0.00712529599566039205
58 48 0.00330024351209566667
58 50 -0.00818026228801021354
58 51 -0.00565996735195502861
58 52 -0.00565996735195502948
58 53 0.00330024351209566753
58 55 -0.00818026228801021354
58 56 -0.00565996735195503035
58 57 -0.00565996735195502861
58 58 0.0130095034891473497
58 59 -0.0206528641177343465
58 60 -0.0123698735427415704
58 61 -0.00803235843343951678
58 62 -0.00803235843343951504
58 63 -0.0123698735427415739
58 64 -0.00803235843343951678
58 65 -0.0123698735427415739
59 4 -0.0312233994843675068
59 28 -0.00635578241609772651
59 31 0.0145238847432710601
59 33 -0.00635578241609772651
59 36 0.0145238847432710566
59 38 -0.00708236753308353305
59 40 0.0180869875619423179
59 41 0.00621913604012258679
59 42 0.00621913604012258592
59 43 -0.00635578241609772651
59 46 0.0145238847432710601
59 48 -0.00708236753308353305
59 50 0.0180869875619423179
59 51 0.00621913604012258592
59 52 0.00621913604012258679
59 53 -0.00708236753308353305
59 55 0.0180869875619423248
59 56 0.00621913604012258592
59 57 0.00621913604012258592
59 58 -0.0206528641177343465
59 59 0.109024935194603573
59 60 0.022978308262370517
59 61 0.0198929921894763703
59 62 0.0198929921894763703
59 63 0.022978308262370517
59 64 0.0198929921894763738
59 65 0.022978308262370517
60 4 -0.0113525077552101179
60 28 0.00516652299681367826
60 31 0.0245173354214958464
60 38 -0.00491600521307515234
60 40 0.00621913604012258679
60 41 0.0149328090899377795
60 48 -0.00491600521307515061
60 50 0.00621913604012258592
60 51 0.014932809089937776
60 58 -0.0123698735427415704
60 59 0.022978308262370517
60 60 0.0503440632436842894
60 61 0.0083730113045797569
60 62 0.00837301130457975863
61 4 -0.00908326460177723803
61 28 -0.00238006845927602037
61 31 0.00621913604012258679
61 33 -0.0023800684592760208
61 36 0.00621913604012258592
61 38 -0.00657374505502726029
61 40 0.0220887816993297278
61 41 0.00986093558233951638
61 42 0.00986093558233951464
61 58 -0.00803235843343951678
61 59 0.0198929921894763703
61 60 0.0083730113045797569
61 61 0.0204784489452779009
61 63 0.00837301130457975863
62 4 -0.00908326460177723977
62 28 -0.0023800684592760208
62 31 0.00621913604012258679
62 43 -0.00238006845927601907
62 46 0.00621913604012258592
62 48 -0.00657374505502725855
62 50 0.0220887816993297278
62 51 0.00986093558233951291
62 52 0.00986093558233951464
62 58 -0.00803235843343951504
62 59 0.0198929921894763703
62 60 0.00837301130457975863
62 62 0.0204784489452778939
62 65 0.00837301130457975863
63 4 -0.0113525077552101162
63 33 0.00516652299681368606
63 36 0.0245173354214958394
63 38 -0.00491600521307515321
63 40 0.00621913604012258592
63 42 0.0149328090899377795
63 53 -0.00491600521307515147
63 55 0.00621913604012258592
63 56 0.014932809089937776
63 58 -0.0123698735427415739
63 59 0.022978308262370517
63 61 0.00837301130457975863
63 63 0.0503440632436842894
63 64 0.00837301130457975863
64 4 -0.00908326460177723977
64 33 -0.00238006845927602037
64 36 0.00621913604012258592
64 43 -0.0023800684592760195
64 46 0.00621913604012258592
64 53 -0.00657374505502725942
64 55 0.0220887816993297313
64 56 0.00986093558233951291
64 57 0.0098609355823395077
64 58 -0.00803235843343951678
64 59 0.0198929921894763738
64 63 0.00837301130457975863
64 64 0.0204784489452779009
64 65 0.00837301130457975516
65 4 -0.0113525077552101214
65 43 0.00516652299681368606
65 46 0.0245173354214958499
65 48 -0.00491600521307515234
65 50 0.00621913604012258679
65 52 0.0149328090899377795
65 53 -0.00491600521307515147
65 55 0.00621913604012258592
65 57 0.0149328090899377725
65 58 -0.0123698735427415739
65 59 0.022978308262370517
65 62 0.00837301130457975863
65 64 0.00837301130457975516
65 65 0.0503440632436843033
