% 564x564 12492 nonzeros
1 1 0.0472549208807253318
1 2 -0.0209527900828206659
1 3 -2.02177029676583299e-05
1 4 -0.059491263590023144
1 5 -0.000534308873906982743
1 6 -0.0084352183936114121
1 7 0.00632439775950925046
1 8 -0.176894695756070808
1 9 0.0843650620960186282
1 10 -0.00402764307327421137
1 11 -2.02177029676553111e-05
1 12 -0.0084352183936114173
1 13 0.00632439775950925046
1 14 -0.00402764307327421918
1 15 -0.020952790082820659
1 16 -0.000534308873906982635
1 17 0.00632439775950925046
1 18 0.0843650620960186282
1 19 -2.02177029676545319e-05
1 20 -0.0084352183936114121
1 21 0.00632439775950924786
1 22 -0.00402764307327421658
1 23 -0.0209527900828206728
1 24 -0.000534308873906984587
1 25 0.00632439775950925306
1 26 0.0843650620960186837
1 27 0.00632439775950925133
2 1 -0.0209527900828206659
2 2 0.219830498002802022
2 3 -0.0108960879597372225
2 4 -0.0250001460130708855
2 5 -0.00316098791733371992
2 6 0.00789775548703013433
2 7 -0.0461482945258484129
2 8 0.0790895736907138575
2 9 -0.328546305686193363
2 10 0.150809730182076884
2 11 -0.0108960879597372155
2 12 0.00789775548703013433
2 13 -0.0461482945258484129
2 14 0.150809730182076884
2 28 -0.0458107804005431427
2 29 0.00145288547146549783
2 30 -0.0795564457259236302
2 31 -0.0173220283164825725
2 32 -0.0708468825571489796
2 33 0.0486383045184494503
2 34 -0.46306497516330658
2 35 0.201243848036269546
2 36 0.00434124944167382093
2 37 0.00145288547146551583
2 38 -0.0708468825571490074
2 39 0.048638304518449485
2 40 0.00434124944167380098
2 41 0.0601398267688196056
2 42 0.156059810043387287
2 43 -0.119646054164446985
2 44 0.0601398267688195987
2 45 0.156059810043387259
3 1 -2.02177029676583299e-05
3 2 -0.0108960879597372225
3 3 0.718887172532673202
3 4 0.136127851053764765
3 5 0.001584543204606515
3 6 -0.0063247432332334385
3 7 -0.137697393483099118
3 8 0.00324232507250428849
3 9 0.144728530769853259
3 10 -0.589899481269762216
3 15 -0.0108960879597372225
3 16 0.00158454320460651586
3 17 -0.137697393483099118
3 18 0.144728530769853342
3 29 0.165192218476473418
3 30 0.010801543182772785
3 32 0.0460446150482401104
3 34 0.102007546182566466
3 36 0.025776118783376066
3 41 -0.403274440009980584
3 42 -0.16151404994896057
3 43 0.0163697261276408851
3 69 0.16519221847647364
3 70 0.0108015431827728284
3 71 0.0460446150482400965
3 72 -0.40327444000998075
3 73 0.102007546182566522
3 74 -0.161514049948960375
3 75 0.0257761187833759273
3 76 0.0163697261276408157
3 87 0.041464997432017342
3 88 0.0040368386205812852
3 89 -0.259576543391847325
3 90 0.149776067566558202
3 91 0.231387231052323422
3 92 -0.0743934035257125259
3 93 -0.0732003172168595173
3 94 0.0289449991838438107
3 95 0.149776067566557897
3 96 -0.0743934035257125537
3 97 0.0289449991838438073
3 98 -0.013026180146077055
4 1 -0.059491263590023144
4 2 -0.0250001460130708855
4 3 0.136127851053764765
4 4 2.61694249429988934
4 5 0.0052909686773351854
4 6 -0.00101386087725820694
4 7 -0.0254486748077976006
4 8 0.246826926111773454
4 9 0.255817150888957956
4 10 -0.693701204542320093
4 11 0.136127851053764709
4 12 -0.00101386087725820282
4 13 -0.0254486748077975868
4 14 -0.693701204542319871
4 15 -0.0250001460130709549
4 16 0.005290968677335188
4 17 -0.0254486748077976249
4 18 0.255817150888958511
4 19 0.13612785105376482
4 20 -0.00101386087725821019
4 21 -0.0254486748077976457
4 22 -0.693701204542320538
4 23 -0.0250001460130708994
4 24 0.00529096867733518973
4 25 -0.0254486748077975972
4 26 0.255817150888958067
4 27 -0.025448674807797618
4 30 0.223361916188905635
4 34 -0.0785889429302018827
4 42 0.0235349687304512931
4 43 -0.754099413023975873
4 45 0.0235349687304514596
4 70 0.223361916188905718
4 73 -0.0785889429302018272
4 74 0.0235349687304512861
4 76 -0.754099413023976206
4 85 0.0235349687304513625
4 88 0.00441032484534542666
4 91 0.0289015478060498793
4 94 0.0239636080770077795
4 97 0.0239636080770077725
4 98 -0.0803653816800681819
4 186 0.223361916188905663
4 187 -0.0785889429302017717
4 188 0.0235349687304513208
4 189 -0.754099413023975873
4 194 0.0235349687304513416
4 204 0.00441032484534543186
4 205 0.0289015478060498654
4 207 0.0239636080770077795
4 212 -0.0803653816800681958
4 213 0.0239636080770077899
4 234 0.00441032484534542753
4 235 0.0289015478060498723
4 236 -0.0803653816800681958
4 237 0.0239636080770077864
4 238 0.0239636080770077656
5 1 -0.000534308873906982743
5 2 -0.00316098791733371992
5 3 0.001584543204606515
5 4 0.0052909686773351854
5 5 0.00211246536775308016
5 6 -0.000526140658624246857
5 7 -2.76417456990344377e-06
5 8 2.26639081026187329e-05
5 9 0.0089491017524657504
5 10 -0.00739558982862033223
5 11 0.00158454320460651521
5 12 -0.000526140658624247399
5 13 -2.76417456990263061e-06
5 14 -0.00739558982862033309
6 1 -0.0084352183936114121
6 2 0.00789775548703013433
6 3 -0.0063247432332334385
6 4 -0.00101386087725820694
6 5 -0.000526140658624246857
6 6 0.00843101647412088789
6 7 -0.00473538774088203777
6 8 0.0284709258540838187
6 9 -0.029491891748078293
6 10 0.0325832094970072428
6 15 0.00789775548703013433
6 16 -0.000526140658624247182
6 17 -0.00473538774088203777
6 18 -0.0294918917480782999
7 1 0.00632439775950925046
7 2 -0.0461482945258484129
7 3 -0.137697393483099118
7 4 -0.0254486748077976006
7 5 -2.76417456990344377e-06
7 6 -0.00473538774088203777
7 7 0.16659885816107009
7 8 -0.0221415595180095535
7 9 -0.0307324385359162879
7 10 0.0510000187933438362
7 29 0.0176999147927026784
7 30 0.0266048163028357113
7 32 -0.0175428053665437934
7 34 -0.00500119866606181171
7 36 -0.102716173675673414
7 41 -0.0227530002157404626
7 42 0.188400335815746778
7 43 -0.0417086509150659882
8 1 -0.176894695756070808
8 2 0.0790895736907138575
8 3 0.00324232507250428849
8 4 0.246826926111773454
8 5 2.26639081026187329e-05
8 6 0.0284709258540838187
8 7 -0.0221415595180095535
8 8 0.686516942307964229
8 9 -0.31802606784186932
8 10 -0.000666025868738414316
8 11 0.00324232507250427375
8 12 0.0284709258540838325
8 13 -0.022141559518009557
8 14 -0.000666025868738365527
8 15 0.0790895736907138436
8 16 2.26639081026206845e-05
8 17 -0.022141559518009557
8 18 -0.31802606784186932
8 19 0.00324232507250427331
8 20 0.0284709258540838291
8 21 -0.0221415595180095501
8 22 -0.000666025868738372249
8 23 0.0790895736907138991
8 24 2.26639081026263223e-05
8 25 -0.022141559518009564
8 26 -0.318026067841869486
8 27 -0.022141559518009564
9 1 0.0843650620960186282
9 2 -0.328546305686193363
9 3 0.144728530769853259
9 4 0.255817150888957956
9 5 0.0089491017524657504
9 6 -0.029491891748078293
9 7 -0.0307324385359162879
9 8 -0.31802606784186932
9 9 1.53997394996063885
9 10 -0.647782258926629995
9 11 0.144728530769853259
9 12 -0.0294918917480782965
9 13 -0.030732438535916267
9 14 -0.647782258926629995
9 30 -0.111241759117287564
9 34 0.241648710200694783
9 42 -0.392338563276005914
9 43 0.538293401180128805
9 45 -0.392338563276005858
10 1 -0.00402764307327421137
10 2 0.150809730182076884
10 3 -0.589899481269762216
10 4 -0.693701204542320093
10 5 -0.00739558982862033223
10 6 0.0325832094970072428
10 7 0.0510000187933438362
10 8 -0.000666025868738414316
10 9 -0.647782258926629995
10 10 3.51509634882214828
10 15 0.15080973018207694
10 16 -0.00739558982862033656
10 17 0.0510000187933438293
10 18 -0.647782258926630439
10 30 0.0164620373506177559
10 34 -0.228641010572119774
10 42 -0.377562625655899653
10 43 -0.0521330007478349039
10 70 0.0164620373506176865
10 73 -0.228641010572119913
10 74 -0.377562625655899931
10 76 -0.0521330007478346819
10 88 0.00591074006920365609
10 91 -0.164267143259066911
10 94 -0.132244065655559601
10 97 -0.132244065655559684
10 98 0.353944729746054731
11 1 -2.02177029676553111e-05
11 2 -0.0108960879597372155
11 4 0.136127851053764709
11 5 0.00158454320460651521
11 8 0.00324232507250427375
11 9 0.144728530769853259
11 11 0.718887172532673202
11 12 -0.00632474323323343763
11 13 -0.137697393483099062
11 14 -0.589899481269762105
11 23 -0.0108960879597372225
11 24 0.00158454320460651478
11 25 -0.137697393483099118
11 26 0.144728530769853314
11 30 0.0108015431827728128
11 34 0.102007546182566466
11 37 0.165192218476473474
11 38 0.0460446150482400826
11 40 0.0257761187833758718
11 43 0.0163697261276408088
11 44 -0.403274440009980528
11 45 -0.161514049948960292
11 186 0.0108015431827728093
11 187 0.102007546182566522
11 188 -0.161514049948960375
11 189 0.0163697261276408643
11 190 0.165192218476473501
11 191 0.0460446150482400895
11 192 -0.403274440009980639
11 193 0.025776118783375955
11 204 0.00403683862058127826
11 205 0.231387231052323339
11 206 -0.0743934035257124704
11 207 0.0289449991838438281
11 208 0.0414649974320173698
11 209 -0.259576543391847436
11 210 0.149776067566558063
11 211 -0.0732003172168595451
11 212 -0.0130261801460770585
11 213 0.0289449991838438211
11 214 0.149776067566558146
11 215 -0.0743934035257125259
12 1 -0.0084352183936114173
12 2 0.00789775548703013433
12 4 -0.00101386087725820282
12 5 -0.000526140658624247399
12 8 0.0284709258540838325
12 9 -0.0294918917480782965
12 11 -0.00632474323323343763
12 12 0.00843101647412089136
12 13 -0.00473538774088203777
12 14 0.0325832094970072428
12 23 0.00789775548703013607
12 24 -0.000526140658624246857
12 25 -0.0047353877408820395
12 26 -0.0294918917480783069
13 1 0.00632439775950925046
13 2 -0.0461482945258484129
13 4 -0.0254486748077975868
13 5 -2.76417456990263061e-06
13 8 -0.022141559518009557
13 9 -0.030732438535916267
13 11 -0.137697393483099062
13 12 -0.00473538774088203777
13 13 0.166598858161070063
13 14 0.0510000187933437252
13 30 0.0266048163028357182
13 34 -0.00500119866606177355
13 37 0.0176999147927026715
13 38 -0.0175428053665437692
13 40 -0.102716173675673331
13 43 -0.0417086509150659812
13 44 -0.0227530002157404765
13 45 0.188400335815746778
14 1 -0.00402764307327421918
14 2 0.150809730182076884
14 4 -0.693701204542319871
14 5 -0.00739558982862033309
14 8 -0.000666025868738365527
14 9 -0.647782258926629995
14 11 -0.589899481269762105
14 12 0.0325832094970072428
14 13 0.0510000187933437252
14 14 3.51509634882214872
14 23 0.15080973018207694
14 24 -0.00739558982862033223
14 25 0.0510000187933437946
14 26 -0.647782258926630106
14 30 0.0164620373506176587
14 34 -0.228641010572119829
14 43 -0.0521330007478345223
14 45 -0.377562625655900153
14 186 0.0164620373506177212
14 187 -0.228641010572119857
14 188 -0.377562625655899875
14 189 -0.0521330007478347096
14 204 0.0059107400692036717
14 205 -0.164267143259066939
14 207 -0.132244065655559684
14 212 0.353944729746054843
14 213 -0.132244065655559684
15 1 -0.020952790082820659
15 3 -0.0108960879597372225
15 4 -0.0250001460130709549
15 6 0.00789775548703013433
15 8 0.0790895736907138436
15 10 0.15080973018207694
15 15 0.219830498002802049
15 16 -0.00316098791733371992
15 17 -0.0461482945258484337
15 18 -0.328546305686193418
15 19 -0.0108960879597372311
15 20 0.00789775548703013433
15 21 -0.0461482945258484267
15 22 0.150809730182076968
15 69 0.00145288547146551258
15 70 -0.0795564457259236441
15 71 -0.0708468825571489519
15 72 0.0601398267688196264
15 73 -0.463064975163306636
15 74 0.15605981004338737
15 75 0.00434124944167381399
15 76 -0.119646054164447041
15 77 -0.045810780400543108
15 78 -0.017322028316482569
15 79 0.0486383045184494017
15 80 0.20124384803626949
15 81 0.00145288547146552385
15 82 -0.0708468825571490213
15 83 0.0486383045184494572
15 84 0.00434124944167377583
15 85 0.15605981004338737
15 86 0.0601398267688196334
16 1 -0.000534308873906982635
16 3 0.00158454320460651586
16 4 0.005290968677335188
16 6 -0.000526140658624247182
16 8 2.26639081026206845e-05
16 10 -0.00739558982862033656
16 15 -0.00316098791733371992
16 16 0.00211246536775307973
16 17 -2.76417456990333535e-06
16 18 0.0089491017524657504
16 19 0.00158454320460651521
16 20 -0.000526140658624247833
16 21 -2.76417456990192588e-06
16 22 -0.00739558982862033396
17 1 0.00632439775950925046
17 3 -0.137697393483099118
17 4 -0.0254486748077976249
17 6 -0.00473538774088203777
17 8 -0.022141559518009557
17 10 0.0510000187933438293
17 15 -0.0461482945258484337
17 16 -2.76417456990333535e-06
17 17 0.166598858161070118
17 18 -0.0307324385359162983
17 69 0.0176999147927026611
17 70 0.0266048163028356939
17 71 -0.0175428053665437622
17 72 -0.0227530002157404834
17 73 -0.0050011986660618013
17 74 0.18840033581574675
17 75 -0.102716173675673331
17 76 -0.0417086509150659535
18 1 0.0843650620960186282
18 3 0.144728530769853342
18 4 0.255817150888958511
18 6 -0.0294918917480782999
18 8 -0.31802606784186932
18 10 -0.647782258926630439
18 15 -0.328546305686193418
18 16 0.0089491017524657504
18 17 -0.0307324385359162983
18 18 1.5399739499606393
18 19 0.144728530769853397
18 20 -0.0294918917480783034
18 21 -0.0307324385359164058
18 22 -0.647782258926630439
18 70 -0.111241759117287564
18 73 0.241648710200694922
18 74 -0.392338563276006136
18 76 0.538293401180128805
18 85 -0.392338563276006136
19 1 -2.02177029676545319e-05
19 4 0.13612785105376482
19 8 0.00324232507250427331
19 15 -0.0108960879597372311
19 16 0.00158454320460651521
19 18 0.144728530769853397
19 19 0.718887172532673202
19 20 -0.00632474323323344023
19 21 -0.137697393483099173
19 22 -0.589899481269762438
19 23 -0.0108960879597372259
19 24 0.00158454320460651651
19 26 0.144728530769853259
19 27 -0.137697393483099034
19 70 0.0108015431827728266
19 73 0.102007546182566522
19 76 0.0163697261276408296
19 81 0.165192218476473585
19 82 0.0460446150482401242
19 84 0.0257761187833758926
19 85 -0.16151404994896032
19 86 -0.403274440009980695
19 186 0.0108015431827728145
19 187 0.102007546182566439
19 189 0.0163697261276408365
19 194 -0.161514049948960237
19 195 0.165192218476473529
19 196 0.0460446150482400549
19 197 -0.403274440009980473
19 198 0.0257761187833758718
19 234 0.00403683862058128347
19 235 0.231387231052323394
19 236 -0.0130261801460770758
19 237 0.0289449991838438211
19 238 0.0289449991838437969
19 239 -0.0743934035257125675
19 240 0.0414649974320173559
19 241 -0.259576543391847325
19 242 0.149776067566558063
19 243 -0.0732003172168595173
19 244 -0.0743934035257124704
19 245 0.149776067566558035
20 1 -0.0084352183936114121
20 4 -0.00101386087725821019
20 8 0.0284709258540838291
20 15 0.00789775548703013433
20 16 -0.000526140658624247833
20 18 -0.0294918917480783034
20 19 -0.00632474323323344023
20 20 0.00843101647412088789
20 21 -0.00473538774088203777
20 22 0.0325832094970072497
20 23 0.00789775548703013433
20 24 -0.000526140658624247399
20 26 -0.0294918917480783034
20 27 -0.00473538774088203603
21 1 0.00632439775950924786
21 4 -0.0254486748077976457
21 8 -0.0221415595180095501
21 15 -0.0461482945258484267
21 16 -2.76417456990192588e-06
21 18 -0.0307324385359164058
21 19 -0.137697393483099173
21 20 -0.00473538774088203777
21 21 0.166598858161070146
21 22 0.0510000187933439264
21 70 0.0266048163028357113
21 73 -0.00500119866606182559
21 76 -0.0417086509150659951
21 81 0.0176999147927026715
21 82 -0.017542805366543783
21 84 -0.102716173675673414
21 85 0.188400335815746917
21 86 -0.0227530002157404765
22 1 -0.00402764307327421658
22 4 -0.693701204542320538
22 8 -0.000666025868738372249
22 15 0.150809730182076968
22 16 -0.00739558982862033396
22 18 -0.647782258926630439
22 19 -0.589899481269762438
22 20 0.0325832094970072497
22 21 0.0510000187933439264
22 22 3.51509634882214916
22 23 0.150809730182076829
22 24 -0.0073955898286203383
22 26 -0.647782258926629662
22 27 0.0510000187933438501
22 70 0.0164620373506176518
22 73 -0.228641010572119829
22 76 -0.052133000747834557
22 85 -0.377562625655900319
22 186 0.0164620373506177142
22 187 -0.228641010572119691
22 189 -0.0521330007478346263
22 194 -0.377562625655900153
22 234 0.00591074006920363961
22 235 -0.164267143259066939
22 236 0.353944729746054954
22 237 -0.132244065655559739
22 238 -0.132244065655559628
23 1 -0.0209527900828206728
23 4 -0.0250001460130708994
23 8 0.0790895736907138991
23 11 -0.0108960879597372225
23 12 0.00789775548703013607
23 14 0.15080973018207694
23 19 -0.0108960879597372259
23 20 0.00789775548703013433
23 22 0.150809730182076829
23 23 0.219830498002801994
23 24 -0.00316098791733371905
23 25 -0.0461482945258484406
23 26 -0.328546305686193363
23 27 -0.0461482945258483851
23 186 -0.0795564457259236302
23 187 -0.463064975163306469
23 188 0.156059810043387259
23 189 -0.11964605416444693
23 190 0.00145288547146551952
23 191 -0.0708468825571489935
23 192 0.0601398267688196403
23 193 0.00434124944167382266
23 194 0.156059810043387204
23 195 0.00145288547146551865
23 196 -0.0708468825571489796
23 197 0.0601398267688195848
23 198 0.00434124944167379838
23 199 -0.045810780400543108
23 200 -0.0173220283164825899
23 201 0.0486383045184494225
23 202 0.20124384803626949
23 203 0.0486383045184494434
24 1 -0.000534308873906984587
24 4 0.00529096867733518973
24 8 2.26639081026263223e-05
24 11 0.00158454320460651478
24 12 -0.000526140658624246857
24 14 -0.00739558982862033223
24 19 0.00158454320460651651
24 20 -0.000526140658624247399
24 22 -0.0073955898286203383
24 23 -0.00316098791733371905
24 24 0.00211246536775308146
24 25 -2.76417456990295587e-06
24 26 0.00894910175246574346
24 27 -2.76417456990328114e-06
25 1 0.00632439775950925306
25 4 -0.0254486748077975972
25 8 -0.022141559518009564
25 11 -0.137697393483099118
25 12 -0.0047353877408820395
25 14 0.0510000187933437946
25 23 -0.0461482945258484406
25 24 -2.76417456990295587e-06
25 25 0.166598858161070118
25 26 -0.0307324385359163087
25 186 0.0266048163028357321
25 187 -0.00500119866606179436
25 188 0.188400335815746833
25 189 -0.0417086509150660298
25 190 0.0176999147927026888
25 191 -0.0175428053665437692
25 192 -0.0227530002157405251
25 193 -0.102716173675673386
26 1 0.0843650620960186837
26 4 0.255817150888958067
26 8 -0.318026067841869486
26 11 0.144728530769853314
26 12 -0.0294918917480783069
26 14 -0.647782258926630106
26 19 0.144728530769853259
26 20 -0.0294918917480783034
26 22 -0.647782258926629662
26 23 -0.328546305686193363
26 24 0.00894910175246574346
26 25 -0.0307324385359163087
26 26 1.53997394996063863
26 27 -0.0307324385359162774
26 186 -0.111241759117287481
26 187 0.241648710200694727
26 188 -0.392338563276005914
26 189 0.538293401180128583
26 194 -0.392338563276005747
27 1 0.00632439775950925133
27 4 -0.025448674807797618
27 8 -0.022141559518009564
27 19 -0.137697393483099034
27 20 -0.00473538774088203603
27 22 0.0510000187933438501
27 23 -0.0461482945258483851
27 24 -2.76417456990328114e-06
27 26 -0.0307324385359162774
27 27 0.166598858161070007
27 186 0.0266048163028356904
27 187 -0.00500119866606182212
27 189 -0.0417086509150659604
27 194 0.188400335815746667
27 195 0.0176999147927026541
27 196 -0.0175428053665437449
27 197 -0.0227530002157404834
27 198 -0.102716173675673275
28 2 -0.0458107804005431427
28 28 0.24692139552883241
28 29 0.0589196217562617183
28 30 -0.00138412989973782721
28 31 -0.0397838924146153711
28 32 0.0620028334669096293
28 33 -0.131355052020420748
28 34 0.176745546046495006
28 35 -0.446030451285853724
28 36 0.0524740445629338498
28 37 0.0589196217562617322
28 38 0.0620028334669096709
28 39 -0.131355052020420832
28 40 0.052474044562933822
28 46 -0.0218257176171074742
28 47 -0.0176814234100309275
28 48 -0.055608961348972169
28 49 -0.00222279667564612236
28 50 -0.0145530441304046829
28 51 0.00702329208282610404
28 52 -0.397478058102731457
28 53 0.0895483583158497715
28 54 0.0780527906443601177
28 55 -0.0176814234100309206
28 56 -0.0145530441304046847
28 57 0.00702329208282610491
28 58 0.0780527906443601177
28 59 0.0338512722795108675
28 60 0.195680294421766765
28 61 -0.151899771453395366
28 62 0.0338512722795108884
28 63 0.195680294421766765
29 2 0.00145288547146549783
29 3 0.165192218476473418
29 7 0.0176999147927026784
29 28 0.0589196217562617183
29 29 1.43934771347902934
29 30 0.0961991058722795611
29 31 0.00869853729169707025
29 32 -0.0530638504054091117
29 33 -0.278778577987391252
29 34 0.0290463846096507654
29 35 0.0863135185959677254
29 36 -0.44001942416799561
29 41 -0.584662410795500187
29 42 0.0276622132474768807
29 47 0.0742156946813030405
29 48 0.0637011387733724121
29 50 0.00727212835002721998
29 52 0.0522107663064653726
29 54 0.0380751259535989581
29 59 -0.261569637047461057
29 60 -0.319706185354292571
29 61 -0.00487762015422679024
29 87 0.238910708531788862
29 88 -0.0563563307937477581
29 89 0.126243593227483214
29 90 -0.786214425454570542
29 91 -0.0560628945708278176
29 92 0.372966056187810313
29 93 -0.0412487876361049971
29 94 -0.00808490009995665657
29 99 0.0218084607349880097
29 100 0.0177116576806995302
29 101 -0.182422025535527249
29 102 0.0364251525460654799
29 103 0.0494475532845733701
29 104 0.034584638319323055
29 105 -0.0199290818376807247
29 106 -0.0151547565859380708
29 107 0.148405668655225226
29 108 -0.130787603718031886
29 109 0.0301155230256557223
29 110 -0.00368746770672237142
30 2 -0.0795564457259236302
30 3 0.010801543182772785
30 4 0.223361916188905635
30 7 0.0266048163028357113
30 9 -0.111241759117287564
30 10 0.0164620373506177559
30 11 0.0108015431827728128
30 13 0.0266048163028357182
30 14 0.0164620373506176587
30 28 -0.00138412989973782721
30 29 0.0961991058722795611
30 30 1.15635321385946011
30 31 0.0370954504555840031
30 32 -0.0219345785558453833
30 33 -0.0649875316097647399
30 34 0.530994803772603663
30 35 0.435942529931327094
30 36 -0.716257845252024294
30 37 0.0961991058722795611
30 38 -0.021934578555845359
30 39 -0.064987531609764726
30 40 -0.716257845252024183
30 41 -0.0640752075885174799
30 42 -0.177774727280586325
30 43 -0.639138221440890608
30 44 -0.0640752075885175076
30 45 -0.177774727280586325
30 48 0.16554473222878352
30 52 -0.177907573156485754
30 60 0.111160626627249029
30 61 -0.444201800962365057
30 63 0.111160626627249154
30 88 0.00186693289287033146
30 91 0.0968824741670977763
30 92 0.20666689293168844
30 94 -0.184154150545464301
30 98 0.0764905047248918279
30 100 -0.00731892484987827375
30 103 0.038949730728317658
30 106 0.0227839590837506205
30 109 0.0164378558165671138
30 110 -0.0327348720658447306
30 204 0.0018669328928703488
30 205 0.0968824741670978318
30 206 0.206666892931688329
30 207 -0.184154150545464301
30 212 0.0764905047248918418
30 216 -0.00731892484987826681
30 217 0.0389497307283176372
30 219 0.0227839590837506205
30 224 -0.0327348720658447306
30 225 0.0164378558165671138
31 2 -0.0173220283164825725
31 28 -0.0397838924146153711
31 29 0.00869853729169707025
31 30 0.0370954504555840031
31 31 0.0541638129071740429
31 32 -0.014531409729962216
31 33 -0.000478192791239537979
31 34 0.0111143889748772824
31 35 0.0769249451908374238
31 36 -0.0547852731691827396
31 37 0.00869853729169706331
31 38 -0.0145314097299622195
31 39 -0.000478192791239525836
31 40 -0.0547852731691827258
32 2 -0.0708468825571489796
32 3 0.0460446150482401104
32 7 -0.0175428053665437934
32 28 0.0620028334669096293
32 29 -0.0530638504054091117
32 30 -0.0219345785558453833
32 31 -0.014531409729962216
32 32 0.195030736462479981
32 33 -0.0897822196283693807
32 34 0.166778519167855355
32 35 -0.20617577487952371
32 36 0.263460636191282627
32 41 -0.081852427606704789
32 42 -0.177587391607260364
33 2 0.0486383045184494503
33 28 -0.131355052020420748
33 29 -0.278778577987391252
33 30 -0.0649875316097647399
33 31 -0.000478192791239537979
33 32 -0.0897822196283693807
33 33 0.408219542531491009
33 34 -0.143256345825872211
33 35 0.0404314639042957641
33 36 0.293888418101312832
33 47 0.0229887723172808103
33 48 0.00803264134591961422
33 50 -0.00131007310095849604
33 52 -0.00270521147080247937
33 54 -0.0826480750961349209
33 59 -0.0311338882787868636
33 60 0.0452007833883980997
33 61 -0.0409647582974068947
34 2 -0.46306497516330658
34 3 0.102007546182566466
34 4 -0.0785889429302018827
34 7 -0.00500119866606181171
34 9 0.241648710200694783
34 10 -0.228641010572119774
34 11 0.102007546182566466
34 13 -0.00500119866606177355
34 14 -0.228641010572119829
34 28 0.176745546046495006
34 29 0.0290463846096507654
34 30 0.530994803772603663
34 31 0.0111143889748772824
34 32 0.166778519167855355
34 33 -0.143256345825872211
34 34 2.08778323766668539
34 35 -0.747697389629547349
34 36 -0.151836043909604701
34 37 0.0290463846096507237
34 38 0.166778519167855466
34 39 -0.143256345825872294
34 40 -0.151836043909604673
34 41 -0.184136989408659996
34 42 -0.601706649610128874
34 43 0.274556197126449408
34 44 -0.184136989408659968
34 45 -0.601706649610128985
35 2 0.201243848036269546
35 28 -0.446030451285853724
35 29 0.0863135185959677254
35 30 0.435942529931327094
35 31 0.0769249451908374238
35 32 -0.20617577487952371
35 33 0.0404314639042957641
35 34 -0.747697389629547349
35 35 2.64304903488761633
35 36 -0.68964325537179394
35 37 0.0863135185959676976
35 38 -0.206175774879523821
35 39 0.0404314639042959723
35 40 -0.689643255371793718
35 48 -0.0452505417854055098
35 52 0.251250001679311274
35 60 -0.571433969457816104
35 61 0.311584057393184843
35 63 -0.571433969457816104
36 2 0.00434124944167382093
36 3 0.025776118783376066
36 7 -0.102716173675673414
36 28 0.0524740445629338498
36 29 -0.44001942416799561
36 30 -0.716257845252024294
36 31 -0.0547852731691827396
36 32 0.263460636191282627
36 33 0.293888418101312832
36 34 -0.151836043909604701
36 35 -0.68964325537179394
36 36 3.57951123864625842
36 41 0.0820366687568474251
36 42 -0.45214285165975171
36 48 0.0159130644199874348
36 52 -0.145557611415757793
36 60 -0.332767594034505176
36 61 -0.0830983103618448266
36 88 0.198168181177764968
36 91 -0.266694259192163274
36 92 -0.942031870162404195
36 94 0.0198163983856701545
36 100 0.0338264735500197825
36 103 -0.159209281068629999
36 106 -0.0836767202805629301
36 109 -0.0652684333089117302
36 110 0.116492455013679788
37 2 0.00145288547146551583
37 11 0.165192218476473474
37 13 0.0176999147927026715
37 28 0.0589196217562617322
37 30 0.0961991058722795611
37 31 0.00869853729169706331
37 34 0.0290463846096507237
37 35 0.0863135185959676976
37 37 1.43934771347902934
37 38 -0.0530638504054091256
37 39 -0.278778577987391141
37 40 -0.440019424167995721
37 44 -0.584662410795500298
37 45 0.027662213247477075
37 48 0.0637011387733724121
37 52 0.0522107663064653449
37 55 0.0742156946813030405
37 56 0.00727212835002722519
37 58 0.0380751259535989373
37 61 -0.00487762015422677289
37 62 -0.261569637047461057
37 63 -0.31970618535429246
37 204 -0.0563563307937477442
37 205 -0.0560628945708279702
37 206 0.372966056187810313
37 207 -0.00808490009995662708
37 208 0.238910708531788862
37 209 0.126243593227483131
37 210 -0.78621442545457032
37 211 -0.041248787636105011
37 216 0.0177116576806995475
37 217 0.0494475532845732729
37 218 0.0345846383193230342
37 219 -0.0151547565859380794
37 220 0.0218084607349880236
37 221 -0.182422025535527249
37 222 0.0364251525460654452
37 223 -0.0199290818376807316
37 224 -0.00368746770672239224
37 225 0.0301155230256557188
37 226 0.148405668655225281
37 227 -0.130787603718031831
38 2 -0.0708468825571490074
38 11 0.0460446150482400826
38 13 -0.0175428053665437692
38 28 0.0620028334669096709
38 30 -0.021934578555845359
38 31 -0.0145314097299622195
38 34 0.166778519167855466
38 35 -0.206175774879523821
38 37 -0.0530638504054091256
38 38 0.195030736462480037
38 39 -0.0897822196283694918
38 40 0.263460636191282627
38 44 -0.0818524276067048029
38 45 -0.177587391607260281
39 2 0.048638304518449485
39 28 -0.131355052020420832
39 30 -0.064987531609764726
39 31 -0.000478192791239525836
39 34 -0.143256345825872294
39 35 0.0404314639042959723
39 37 -0.278778577987391141
39 38 -0.0897822196283694918
39 39 0.408219542531491175
39 40 0.293888418101312721
39 48 0.00803264134591962116
39 52 -0.00270521147080249325
39 55 0.0229887723172808173
39 56 -0.00131007310095849821
39 58 -0.0826480750961349486
39 61 -0.0409647582974068322
39 62 -0.0311338882787868775
39 63 0.0452007833883980095
40 2 0.00434124944167380098
40 11 0.0257761187833758718
40 13 -0.102716173675673331
40 28 0.052474044562933822
40 30 -0.716257845252024183
40 31 -0.0547852731691827258
40 34 -0.151836043909604673
40 35 -0.689643255371793718
40 37 -0.440019424167995721
40 38 0.263460636191282627
40 39 0.293888418101312721
40 40 3.57951123864625664
40 44 0.0820366687568477859
40 45 -0.452142851659751654
40 48 0.0159130644199873758
40 52 -0.145557611415757793
40 61 -0.0830983103618446184
40 63 -0.332767594034505398
40 204 0.198168181177764996
40 205 -0.266694259192163274
40 206 -0.942031870162403973
40 207 0.0198163983856699741
40 216 0.0338264735500197478
40 217 -0.15920928106862986
40 219 -0.083676720280562944
40 224 0.116492455013679774
40 225 -0.0652684333089117164
41 2 0.0601398267688196056
41 3 -0.403274440009980584
41 7 -0.0227530002157404626
41 29 -0.584662410795500187
41 30 -0.0640752075885174799
41 32 -0.081852427606704789
41 34 -0.184136989408659996
41 36 0.0820366687568474251
41 41 1.30500542030088607
41 42 -0.103180099928417007
41 87 -0.00192596208303228572
41 88 -0.0285232936921912504
41 89 -0.229377298975841443
41 90 -0.0755652130759302543
41 91 0.0707951413609465285
41 92 0.463825085123825032
41 93 -0.178106603675871084
41 94 -0.024369195254937661
42 2 0.156059810043387287
42 3 -0.16151404994896057
42 4 0.0235349687304512931
42 7 0.188400335815746778
42 9 -0.392338563276005914
42 10 -0.377562625655899653
42 29 0.0276622132474768807
42 30 -0.177774727280586325
42 32 -0.177587391607260364
42 34 -0.601706649610128874
42 36 -0.45214285165975171
42 41 -0.103180099928417007
42 42 3.36874629684252191
42 43 -0.297804471803698789
42 88 0.1381412600739369
42 91 -0.660412974322606816
42 92 -0.406136472389577396
42 94 0.192526827297030134
42 98 -0.286910834567658091
43 2 -0.119646054164446985
43 3 0.0163697261276408851
43 4 -0.754099413023975873
43 7 -0.0417086509150659882
43 9 0.538293401180128805
43 10 -0.0521330007478349039
43 11 0.0163697261276408088
43 13 -0.0417086509150659812
43 14 -0.0521330007478345223
43 30 -0.639138221440890608
43 34 0.274556197126449408
43 42 -0.297804471803698789
43 43 2.02996358900278118
43 45 -0.297804471803699178
43 88 0.0668322255022417572
43 91 -0.21313574813216965
43 94 -0.0153116404101869656
43 98 -0.128073188960949158
43 204 0.0668322255022417294
43 205 -0.213135748132169706
43 207 -0.0153116404101869361
43 212 -0.128073188960949103
44 2 0.0601398267688195987
44 11 -0.403274440009980528
44 13 -0.0227530002157404765
44 30 -0.0640752075885175076
44 34 -0.184136989408659968
44 37 -0.584662410795500298
44 38 -0.0818524276067048029
44 40 0.0820366687568477859
44 44 1.30500542030088629
44 45 -0.10318009992841759
44 204 -0.0285232936921912331
44 205 0.0707951413609468616
44 206 0.463825085123824865
44 207 -0.0243691952549376853
44 208 -0.00192596208303218858
44 209 -0.229377298975841498
44 210 -0.0755652130759303098
44 211 -0.178106603675871111
45 2 0.156059810043387259
45 4 0.0235349687304514596
45 9 -0.392338563276005858
45 11 -0.161514049948960292
45 13 0.188400335815746778
45 14 -0.377562625655900153
45 30 -0.177774727280586325
45 34 -0.601706649610128985
45 37 0.027662213247477075
45 38 -0.177587391607260281
45 40 -0.452142851659751654
45 43 -0.297804471803699178
45 44 -0.10318009992841759
45 45 3.3687462968425228
45 204 0.1381412600739369
45 205 -0.660412974322607038
45 206 -0.406136472389577285
45 207 0.192526827297030356
45 212 -0.286910834567658091
46 28 -0.0218257176171074742
46 46 0.0754121504584874536
46 47 -0.0290176282519361978
46 48 -0.139646164545058987
46 49 -0.00656763596033216757
46 50 0.0123969576813592434
46 51 -0.0115969492949710255
46 52 0.0865189044467994106
46 53 -0.288423754271691202
46 54 0.144060847003260439
46 55 -0.0290176282519361908
46 56 0.0123969576813592434
46 57 -0.0115969492949710203
46 58 0.144060847003260384
46 64 -0.0130130161533691391
46 65 -0.0190117111872000685
46 66 0.0237192694972177542
46 67 0.0474319515596118291
46 68 0.0237192694972177438
47 28 -0.0176814234100309275
47 29 0.0742156946813030405
47 33 0.0229887723172808103
47 46 -0.0290176282519361978
47 47 0.383368606460598171
47 48 0.122132543723720954
47 49 0.00416753174124219385
47 50 -0.0165643004723799517
47 51 -0.0105985859086610082
47 52 0.0766123100457302142
47 53 0.129339255922008234
47 54 -0.52758143984952921
47 59 -0.262888995420371196
47 60 0.0898512515428079583
47 64 -0.0200582462392000296
47 65 0.0142396938628768788
47 66 -0.0357518070449195507
47 67 0.119412744719466057
47 99 0.0571403168470011463
47 100 0.0174463090128994421
47 101 0.175835238008186762
47 102 -0.232533460929038427
47 103 -0.0251898699331236861
47 104 -0.188129306098509863
47 105 0.153755618012449635
47 106 -0.0498349720665740292
47 111 0.0655946881751955646
47 112 -0.245505636804147553
47 113 0.135562128697593487
47 114 -0.11863130398279946
47 115 0.1101767405296359
47 116 0.0281275321112246929
48 28 -0.055608961348972169
48 29 0.0637011387733724121
48 30 0.16554473222878352
48 33 0.00803264134591961422
48 35 -0.0452505417854055098
48 36 0.0159130644199874348
48 37 0.0637011387733724121
48 39 0.00803264134591962116
48 40 0.0159130644199873758
48 46 -0.139646164545058987
48 47 0.122132543723720954
48 48 2.33682097038120196
48 49 0.0130074718286048371
48 50 -0.00433626934329412426
48 51 0.0065644754182415492
48 52 0.278295345785751824
48 53 0.579444297655211216
48 54 -0.579136430938313462
48 55 0.122132543723720954
48 56 -0.0043362693432941208
48 57 0.00656447541824153012
48 58 -0.579136430938313573
48 59 -0.065228074987465412
48 60 -0.294130628308379771
48 61 -0.5395293754378363
48 62 -0.065228074987465412
48 63 -0.294130628308379771
48 64 -0.0251713340736446148
48 65 0.0380251711382156229
48 66 -0.0349550329877918245
48 67 0.22531199140016353
48 68 -0.0349550329877917759
48 100 0.253792951110847542
48 103 0.0833704724407041131
48 104 0.00727348316323574162
48 106 -0.833771616228249579
48 110 0.0214878820090567794
48 111 0.0246887637536163142
48 112 -0.0274510912686056069
48 114 0.0773274644912400749
48 115 -0.150999260570611082
48 116 0.0140911886974637961
48 216 0.253792951110847598
48 217 0.0833704724407041686
48 218 0.00727348316323562713
48 219 -0.83377161622824969
48 224 0.0214878820090567933
48 228 0.0246887637536163315
48 229 -0.0274510912686056555
48 230 -0.150999260570610833
48 231 0.0140911886974637961
48 232 0.0773274644912399639
48 246 0.044270951004037655
48 247 -0.506363700340158873
48 248 -0.0475121925304823473
48 249 0.0186521171902002958
48 250 0.0186521171902003166
48 251 0.1121608874148987
48 252 0.1121608874148987
49 28 -0.00222279667564612236
49 46 -0.00656763596033216757
49 47 0.00416753174124219385
49 48 0.0130074718286048371
49 49 0.00601346758683378273
49 50 -0.002462172899932457
49 51 -3.36855757836480147e-05
49 52 0.00366320444267446022
49 53 0.0194257772465275952
49 54 -0.0183314174998572832
49 55 0.00416753174124219385
49 56 -0.00246217289993245743
49 57 -3.36855757836477436e-05
49 58 -0.0183314174998572763
50 28 -0.0145530441304046829
50 29 0.00727212835002721998
50 33 -0.00131007310095849604
50 46 0.0123969576813592434
50 47 -0.0165643004723799517
50 48 -0.00433626934329412426
50 49 -0.002462172899932457
50 50 0.0241073451809455871
50 51 -0.00579367735435342649
50 52 0.0389715188683286834
50 53 -0.0463059640118296881
50 54 0.0509642220691564618
50 59 -0.00751271596510546744
50 60 -0.0348739548715589071
51 28 0.00702329208282610404
51 46 -0.0115969492949710255
51 47 -0.0105985859086610082
51 48 0.0065644754182415492
51 49 -3.36855757836480147e-05
51 50 -0.00579367735435342649
51 51 0.0177280166234246861
51 52 -0.0257691463390147674
51 53 0.027030274994748138
51 54 0.0143962994515342384
51 64 0.00473359792776336351
51 65 3.5628197868639664e-06
51 66 -0.00473541610502463059
51 67 -0.0189520587405164337
52 28 -0.397478058102731457
52 29 0.0522107663064653726
52 30 -0.177907573156485754
52 33 -0.00270521147080247937
52 35 0.251250001679311274
52 36 -0.145557611415757793
52 37 0.0522107663064653449
52 39 -0.00270521147080249325
52 40 -0.145557611415757793
52 46 0.0865189044467994106
52 47 0.0766123100457302142
52 48 0.278295345785751824
52 49 0.00366320444267446022
52 50 0.0389715188683286834
52 51 -0.0257691463390147674
52 52 1.79452465819636364
52 53 -0.350644720043462921
52 54 -0.325468949915103445
52 55 0.0766123100457302003
52 56 0.0389715188683286834
52 57 -0.0257691463390147674
52 58 -0.325468949915103389
52 59 -0.113624873095868953
52 60 -0.66825898651509108
52 61 0.738958603814008352
52 62 -0.113624873095868967
52 63 -0.668258986515090969
53 28 0.0895483583158497715
53 46 -0.288423754271691202
53 47 0.129339255922008234
53 48 0.579444297655211216
53 49 0.0194257772465275952
53 50 -0.0463059640118296881
53 51 0.027030274994748138
53 52 -0.350644720043462921
53 53 1.19567034710576547
53 54 -0.604493495449416218
53 55 0.129339255922008234
53 56 -0.0463059640118296811
53 57 0.0270302749947481137
53 58 -0.604493495449416107
53 64 0.0568298225681601182
53 65 0.061791121695077153
53 66 -0.0853991732047272578
53 67 -0.203983046773003829
53 68 -0.0853991732047272023
54 28 0.0780527906443601177
54 29 0.0380751259535989581
54 33 -0.0826480750961349209
54 46 0.144060847003260439
54 47 -0.52758143984952921
54 48 -0.579136430938313462
54 49 -0.0183314174998572832
54 50 0.0509642220691564618
54 51 0.0143962994515342384
54 52 -0.325468949915103445
54 53 -0.604493495449416218
54 54 3.09118031312009878
54 59 -0.00433696782822443061
54 60 -0.30651639192975122
54 64 0.0965367343144282464
54 65 -0.0570048995613667703
54 66 0.103789361510758404
54 67 -0.503342102110669987
54 100 -0.141701533415082292
54 103 -0.273950775150952397
54 104 -0.614126271357151143
54 106 0.503334367739900479
54 111 -0.0345325934429917131
54 112 0.106921744847365732
54 114 -0.102440060748091338
54 115 0.0433245714775814042
54 116 -0.0950249738394071675
55 28 -0.0176814234100309206
55 37 0.0742156946813030405
55 39 0.0229887723172808173
55 46 -0.0290176282519361908
55 48 0.122132543723720954
55 49 0.00416753174124219385
55 52 0.0766123100457302003
55 53 0.129339255922008234
55 55 0.383368606460598227
55 56 -0.0165643004723799586
55 57 -0.0105985859086610082
55 58 -0.527581439849529321
55 62 -0.262888995420371141
55 63 0.0898512515428080139
55 64 -0.0200582462392000366
55 65 0.014239693862876877
55 67 0.119412744719466168
55 68 -0.0357518070449195507
55 216 0.0174463090128994316
55 217 -0.0251898699331236896
55 218 -0.188129306098509946
55 219 -0.0498349720665740153
55 220 0.057140316847001188
55 221 0.175835238008186706
55 222 -0.232533460929038482
55 223 0.153755618012449691
55 228 0.0655946881751955507
55 229 -0.245505636804147664
55 230 0.11017674052963583
55 231 0.0281275321112246929
55 232 -0.11863130398279946
55 233 0.135562128697593598
56 28 -0.0145530441304046847
56 37 0.00727212835002722519
56 39 -0.00131007310095849821
56 46 0.0123969576813592434
56 48 -0.0043362693432941208
56 49 -0.00246217289993245743
56 52 0.0389715188683286834
56 53 -0.0463059640118296811
56 55 -0.0165643004723799586
56 56 0.0241073451809455976
56 57 -0.00579367735435342823
56 58 0.0509642220691564757
56 62 -0.00751271596510547177
56 63 -0.0348739548715589348
57 28 0.00702329208282610491
57 46 -0.0115969492949710203
57 48 0.00656447541824153012
57 49 -3.36855757836477436e-05
57 52 -0.0257691463390147674
57 53 0.0270302749947481137
57 55 -0.0105985859086610082
57 56 -0.00579367735435342823
57 57 0.0177280166234246826
57 58 0.0143962994515342696
57 64 0.00473359792776335917
57 65 3.56281978686440008e-06
57 67 -0.0189520587405164233
57 68 -0.00473541610502462712
58 28 0.0780527906443601177
58 37 0.0380751259535989373
58 39 -0.0826480750961349486
58 46 0.144060847003260384
58 48 -0.579136430938313573
58 49 -0.0183314174998572763
58 52 -0.325468949915103389
58 53 -0.604493495449416107
58 55 -0.527581439849529321
58 56 0.0509642220691564757
58 57 0.0143962994515342696
58 58 3.09118031312009922
58 62 -0.00433696782822430571
58 63 -0.306516391929751331
58 64 0.0965367343144282741
58 65 -0.0570048995613667772
58 67 -0.50334210211067032
58 68 0.103789361510758404
58 216 -0.141701533415082237
58 217 -0.273950775150952508
58 218 -0.614126271357151476
58 219 0.503334367739900479
58 228 -0.0345325934429917061
58 229 0.106921744847365705
58 230 0.043324571477581654
58 231 -0.0950249738394071952
58 232 -0.102440060748091505
59 28 0.0338512722795108675
59 29 -0.261569637047461057
59 33 -0.0311338882787868636
59 47 -0.262888995420371196
