% 564x564 12492 nonzeros
1 1 4.01279948789585097e-05
1 2 1.047846380139076e-05
1 3 1.76341755542434997e-05
1 4 -0.000445536277078566699
1 5 -2.10497420238243959e-06
1 6 -4.20077786406009682e-06
1 7 -1.63862035200308447e-06
1 8 -0.000153711215187422032
1 9 -3.98159816172000719e-05
1 10 -7.61249408653038575e-05
1 11 1.76341755542434997e-05
1 12 -4.20077786406009512e-06
1 13 -1.63862035200308404e-06
1 14 -7.61249408653038304e-05
1 15 1.04784638013907668e-05
1 16 -2.10497420238244086e-06
1 17 -1.63862035200308637e-06
1 18 -3.98159816172000922e-05
1 19 1.76341755542434997e-05
1 20 -4.20077786406009597e-06
1 21 -1.63862035200308383e-06
1 22 -7.6124940865303844e-05
1 23 1.04784638013907668e-05
1 24 -2.10497420238244086e-06
1 25 -1.63862035200308595e-06
1 26 -3.98159816172001058e-05
1 27 -1.63862035200308489e-06
2 1 1.047846380139076e-05
2 2 0.00149505537342856315
2 3 0.000541165337779164258
2 4 -5.27141903454723319e-05
2 5 -2.95631916565800477e-06
2 6 -1.57321603430988188e-06
2 7 -0.000431492998168820827
2 8 -3.7916338829250377e-05
2 9 -0.00176813356568051834
2 10 -0.000842074124043319509
2 11 0.000541165337779164041
2 12 -1.57321603430988146e-06
2 13 -0.000431492998168820664
2 14 -0.000842074124043319292
2 28 0.000171805396551103856
2 29 0.000264805776342275524
2 30 -0.000333540947299661844
2 31 -0.000101870677316635773
2 32 -0.000253476504522933235
2 33 -6.58882388339495419e-05
2 34 -0.00426356164406907316
2 35 -0.000586583930314222147
2 36 -0.00124214254660339417
2 37 0.000264805776342275415
2 38 -0.00025347650452293318
2 39 -6.58882388339495555e-05
2 40 -0.00124214254660339396
2 41 -0.00015035514355504973
2 42 -0.00158092954957314655
2 43 -0.00293708004041052552
2 44 -0.000150355143555049649
2 45 -0.00158092954957314612
3 1 1.76341755542434997e-05
3 2 0.000541165337779164258
3 3 0.00368643814372220406
3 4 -8.15674914586480629e-06
3 5 -1.37743514743047258e-06
3 6 -9.42000796409570297e-06
3 7 -0.000513353161813865071
3 8 -6.20400320373775343e-05
3 9 -0.000678513072358406647
3 10 -0.00397675834593676572
3 15 0.000541165337779164366
3 16 -1.37743514743047406e-06
3 17 -0.00051335316181386518
3 18 -0.000678513072358407081
3 29 0.000839118188677992743
3 30 0.000568218525665561643
3 32 -0.000123959765113177008
3 34 -0.00125137236195231442
3 36 -0.00204587827280337375
3 41 -0.00265642259140743244
3 42 -0.00333970889292037982
3 43 -0.00156426728339750191
3 69 0.000839118188677992851
3 70 0.00056821852566556186
3 71 -0.000123959765113176954
3 72 -0.00265642259140743331
3 73 -0.00125137236195231442
3 74 -0.00333970889292038026
3 75 -0.00204587827280337418
3 76 -0.00156426728339750256
3 87 0.00034537323225662241
3 88 0.00197572856038265125
3 89 -0.00271344789894546051
3 90 -0.00124634614398270852
3 91 -0.00313182888752972345
3 92 -0.00227851074068436245
3 93 -0.0026398626952854466
3 94 -0.000312237033637110931
3 95 -0.00124634614398270831
3 96 -0.00227851074068436289
3 97 -0.000312237033637111148
3 98 -0.000105228113024297457
4 1 -0.000445536277078566699
4 2 -5.27141903454723319e-05
4 3 -8.15674914586480629e-06
4 4 0.0134496909504987772
4 5 2.83301422014544062e-05
4 6 4.87850585265088292e-05
4 7 -0.000107241601388685255
4 8 0.00166981908069459241
4 9 0.00152946352109234376
4 10 -0.000250969610524911526
4 11 -8.15674914586466399e-06
4 12 4.87850585265088156e-05
4 13 -0.000107241601388685309
4 14 -0.000250969610524912393
4 15 -5.27141903454725352e-05
4 16 2.83301422014544164e-05
4 17 -0.000107241601388685282
4 18 0.00152946352109234506
4 19 -8.15674914586453863e-06
4 20 4.87850585265088156e-05
4 21 -0.000107241601388685323
4 22 -0.000250969610524913694
4 23 -5.27141903454723861e-05
4 24 2.83301422014544164e-05
4 25 -0.000107241601388685269
4 26 0.00152946352109234441
4 27 -0.00010724160138868535
4 30 0.000475229040216668076
4 34 -0.00131015990221241413
4 42 -0.00179139845003018633
4 43 -0.0020547590166062257
4 45 -0.00179139845003018698
4 70 0.000475229040216668293
4 73 -0.001310159902212415
4 74 -0.00179139845003018698
4 76 -0.00205475901660622656
4 85 -0.00179139845003018806
4 88 0.000408608803205674472
4 91 -0.00132975543786833768
4 94 -0.000156803497855190812
4 97 -0.000156803497855190866
4 98 -0.000501378805511961626
4 186 0.000475229040216668076
4 187 -0.00131015990221241413
4 188 -0.00179139845003018633
4 189 -0.0020547590166062257
4 194 -0.00179139845003018698
4 204 0.000408608803205674472
4 205 -0.0013297554378683379
4 207 -0.000156803497855190893
4 212 -0.000501378805511961735
4 213 -0.000156803497855190866
4 234 0.000408608803205674689
4 235 -0.00132975543786833855
4 236 -0.00050137880551196206
4 237 -0.000156803497855191002
4 238 -0.000156803497855190893
5 1 -2.10497420238243959e-06
5 2 -2.95631916565800477e-06
5 3 -1.37743514743047258e-06
5 4 2.83301422014544062e-05
5 5 5.26177172559663708e-07
5 6 2.62657398016139718e-07
5 7 3.93466033402544889e-07
5 8 7.89510332466280731e-06
5 9 1.1694388900562209e-05
5 10 5.63864496546456883e-06
5 11 -1.37743514743047236e-06
5 12 2.62657398016139718e-07
5 13 3.93466033402544942e-07
5 14 5.63864496546456713e-06
6 1 -4.20077786406009682e-06
6 2 -1.57321603430988188e-06
6 3 -9.42000796409570297e-06
6 4 4.87850585265088292e-05
6 5 2.62657398016139718e-07
6 6 2.09671996658456071e-06
6 7 7.85027807161363451e-07
6 8 1.52326570908082675e-05
6 9 5.63864496546456798e-06
6 10 4.34024747466609241e-05
6 15 -1.57321603430988315e-06
6 16 2.62657398016140036e-07
6 17 7.85027807161364192e-07
6 18 5.63864496546457306e-06
7 1 -1.63862035200308447e-06
7 2 -0.000431492998168820827
7 3 -0.000513353161813865071
7 4 -0.000107241601388685255
7 5 3.93466033402544889e-07
7 6 7.85027807161363451e-07
7 7 0.000415839611734968007
7 8 5.63864496546456883e-06
7 9 0.000487756635487917385
7 10 0.000814878738857743
7 29 -0.000104434748285008646
7 30 -3.57960027144531409e-05
7 32 7.16155749285169287e-05
7 34 0.0011110492104248785
7 36 0.000385173451867854325
7 41 0.000124406331812262455
7 42 0.00177016358566654299
7 43 0.00107811406704080154
8 1 -0.000153711215187422032
8 2 -3.7916338829250377e-05
8 3 -6.20400320373775343e-05
8 4 0.00166981908069459241
8 5 7.89510332466280731e-06
8 6 1.52326570908082675e-05
8 7 5.63864496546456883e-06
8 8 0.000593410020515915408
8 9 0.000144187350961971772
8 10 0.000265052655874433644
8 11 -6.20400320373775207e-05
8 12 1.52326570908082607e-05
8 13 5.63864496546456798e-06
8 14 0.00026505265587443359
8 15 -3.79163388292503973e-05
8 16 7.89510332466281239e-06
8 17 5.63864496546457476e-06
8 18 0.000144187350961971826
8 19 -6.20400320373775207e-05
8 20 1.52326570908082607e-05
8 21 5.63864496546456713e-06
8 22 0.000265052655874433536
8 23 -3.79163388292503973e-05
8 24 7.8951033246628107e-06
8 25 5.63864496546457306e-06
8 26 0.000144187350961971826
8 27 5.63864496546456968e-06
9 1 -3.98159816172000719e-05
9 2 -0.00176813356568051834
9 3 -0.000678513072358406647
9 4 0.00152946352109234376
9 5 1.1694388900562209e-05
9 6 5.63864496546456798e-06
9 7 0.000487756635487917385
9 8 0.000144187350961971772
9 9 0.00491715893203775994
9 10 0.00195742168079718597
9 11 -0.00067851307235840643
9 12 5.63864496546456629e-06
9 13 0.000487756635487917277
9 14 0.00195742168079718511
9 30 -0.00122019010364858354
9 34 0.00290447187764039097
9 42 0.00107811406704080175
9 43 0.00615831215403661245
9 45 0.00107811406704080154
10 1 -7.61249408653038575e-05
10 2 -0.000842074124043319509
10 3 -0.00397675834593676572
10 4 -0.000250969610524911526
10 5 5.63864496546456883e-06
10 6 4.34024747466609241e-05
10 7 0.000814878738857743
10 8 0.000265052655874433644
10 9 0.00195742168079718597
10 10 0.0250630269944540351
10 15 -0.000842074124043319942
10 16 5.63864496546457476e-06
10 17 0.000814878738857743434
10 18 0.00195742168079718684
10 30 -0.00199323931768649295
10 34 0.00107811406704080154
10 42 0.00595638179977616214
10 43 0.00550211946651079243
10 70 -0.00199323931768649381
10 73 0.00107811406704080241
10 74 0.00595638179977616387
10 76 0.00550211946651079503
10 88 -0.00175066788996552708
10 91 0.00509128731843493977
10 94 0.000534779668616393463
10 97 0.00053477966861639368
10 98 0.00264223266874686041
11 1 1.76341755542434997e-05
11 2 0.000541165337779164041
11 4 -8.15674914586466399e-06
11 5 -1.37743514743047236e-06
11 8 -6.20400320373775207e-05
11 9 -0.00067851307235840643
11 11 0.00368643814372220362
11 12 -9.42000796409569959e-06
11 13 -0.000513353161813864855
11 14 -0.00397675834593676399
11 23 0.00054116533777916415
11 24 -1.37743514743047385e-06
11 25 -0.000513353161813865071
11 26 -0.000678513072358406756
11 30 0.000568218525665561535
11 34 -0.00125137236195231377
11 37 0.000839118188677992526
11 38 -0.000123959765113176927
11 40 -0.00204587827280337288
11 43 -0.00156426728339750169
11 44 -0.00265642259140743157
11 45 -0.00333970889292037896
11 186 0.000568218525665561752
11 187 -0.0012513723619523142
11 188 -0.00333970889292037982
11 189 -0.00156426728339750191
11 190 0.00083911818867799296
11 191 -0.000123959765113176981
11 192 -0.00265642259140743374
11 193 -0.00204587827280337418
11 204 0.00197572856038265125
11 205 -0.00313182888752972389
11 206 -0.00227851074068436202
11 207 -0.000312237033637110769
11 208 0.000345373232256622519
11 209 -0.00271344789894546138
11 210 -0.00124634614398270852
11 211 -0.00263986269528544704
11 212 -0.000105228113024297471
11 213 -0.00031223703363711104
11 214 -0.00124634614398270917
11 215 -0.00227851074068436332
12 1 -4.20077786406009512e-06
12 2 -1.57321603430988146e-06
12 4 4.87850585265088156e-05
12 5 2.62657398016139718e-07
12 8 1.52326570908082607e-05
12 9 5.63864496546456629e-06
12 11 -9.42000796409569959e-06
12 12 2.09671996658455986e-06
12 13 7.85027807161363451e-07
12 14 4.34024747466609038e-05
12 23 -1.57321603430988315e-06
12 24 2.6265739801613993e-07
12 25 7.85027807161364086e-07
12 26 5.63864496546457306e-06
13 1 -1.63862035200308404e-06
13 2 -0.000431492998168820664
13 4 -0.000107241601388685309
13 5 3.93466033402544942e-07
13 8 5.63864496546456798e-06
13 9 0.000487756635487917277
13 11 -0.000513353161813864855
13 12 7.85027807161363451e-07
13 13 0.000415839611734967844
13 14 0.000814878738857742892
13 30 -3.57960027144532493e-05
13 34 0.00111104921042487806
13 37 -0.000104434748285008592
13 38 7.16155749285168745e-05
13 40 0.000385173451867854163
13 43 0.00107811406704080154
13 44 0.000124406331812262373
13 45 0.00177016358566654212
14 1 -7.61249408653038304e-05
14 2 -0.000842074124043319292
14 4 -0.000250969610524912393
14 5 5.63864496546456713e-06
14 8 0.00026505265587443359
14 9 0.00195742168079718511
14 11 -0.00397675834593676399
14 12 4.34024747466609038e-05
14 13 0.000814878738857742892
14 14 0.0250630269944540317
14 23 -0.000842074124043319617
14 24 5.63864496546457306e-06
14 25 0.000814878738857743108
14 26 0.00195742168079718597
14 30 -0.00199323931768649295
14 34 0.00107811406704080154
14 43 0.00550211946651079243
14 45 0.00595638179977616387
14 186 -0.00199323931768649295
14 187 0.00107811406704080175
14 188 0.00595638179977616214
14 189 0.00550211946651079243
14 204 -0.00175066788996552708
14 205 0.00509128731843494064
14 207 0.000534779668616393788
14 212 0.00264223266874686041
14 213 0.000534779668616393571
15 1 1.04784638013907668e-05
15 3 0.000541165337779164366
15 4 -5.27141903454725352e-05
15 6 -1.57321603430988315e-06
15 8 -3.79163388292503973e-05
15 10 -0.000842074124043319942
15 15 0.00149505537342856359
15 16 -2.95631916565800646e-06
15 17 -0.000431492998168820936
15 18 -0.00176813356568052008
15 19 0.000541165337779164583
15 20 -1.57321603430988146e-06
15 21 -0.000431492998168821098
15 22 -0.000842074124043320268
15 69 0.000264805776342275415
15 70 -0.00033354094729966114
15 71 -0.000253476504522933126
15 72 -0.000150355143555049676
15 73 -0.00426356164406907316
15 74 -0.00158092954957314677
15 75 -0.00124214254660339352
15 76 -0.00293708004041052812
15 77 0.000171805396551103721
15 78 -0.000101870677316635665
15 79 -6.58882388339494877e-05
15 80 -0.000586583930314221605
15 81 0.000264805776342275415
15 82 -0.000253476504522933126
15 83 -6.58882388339494742e-05
15 84 -0.00124214254660339396
15 85 -0.00158092954957314742
15 86 -0.000150355143555049812
16 1 -2.10497420238244086e-06
16 3 -1.37743514743047406e-06
16 4 2.83301422014544164e-05
16 6 2.62657398016140036e-07
16 8 7.89510332466281239e-06
16 10 5.63864496546457476e-06
16 15 -2.95631916565800646e-06
16 16 5.2617717255966392e-07
16 17 3.93466033402545313e-07
16 18 1.16943889005622158e-05
16 19 -1.37743514743047236e-06
16 20 2.62657398016139718e-07
16 21 3.93466033402544889e-07
16 22 5.63864496546456798e-06
17 1 -1.63862035200308637e-06
17 3 -0.00051335316181386518
17 4 -0.000107241601388685282
17 6 7.85027807161364192e-07
17 8 5.63864496546457476e-06
17 10 0.000814878738857743434
17 15 -0.000431492998168820936
17 16 3.93466033402545313e-07
17 17 0.000415839611734968061
17 18 0.000487756635487917602
17 69 -0.000104434748285008605
17 70 -3.57960027144533306e-05
17 71 7.16155749285169016e-05
17 72 0.000124406331812262373
17 73 0.00111104921042487871
17 74 0.00177016358566654277
17 75 0.000385173451867854163
17 76 0.00107811406704080241
18 1 -3.98159816172000922e-05
18 3 -0.000678513072358407081
18 4 0.00152946352109234506
18 6 5.63864496546457306e-06
18 8 0.000144187350961971826
18 10 0.00195742168079718684
18 15 -0.00176813356568052008
18 16 1.16943889005622158e-05
18 17 0.000487756635487917602
18 18 0.00491715893203776427
18 19 -0.000678513072358407406
18 20 5.63864496546456798e-06
18 21 0.000487756635487917711
18 22 0.00195742168079718771
18 70 -0.00122019010364858484
18 73 0.00290447187764039313
18 74 0.00107811406704080241
18 76 0.00615831215403661852
18 85 0.00107811406704080262
19 1 1.76341755542434997e-05
19 4 -8.15674914586453863e-06
19 8 -6.20400320373775207e-05
19 15 0.000541165337779164583
19 16 -1.37743514743047236e-06
19 18 -0.000678513072358407406
19 19 0.00368643814372220362
19 20 -9.42000796409570128e-06
19 21 -0.000513353161813865397
19 22 -0.00397675834593676572
19 23 0.00054116533777916415
19 24 -1.377435147430473e-06
19 26 -0.000678513072358406539
19 27 -0.000513353161813865071
19 70 0.000568218525665562077
19 73 -0.00125137236195231507
19 76 -0.00156426728339750299
19 81 0.000839118188677992743
19 82 -0.000123959765113177062
19 84 -0.00204587827280337461
19 85 -0.00333970889292038199
19 86 -0.00265642259140743244
19 186 0.000568218525665561752
19 187 -0.0012513723619523142
19 189 -0.00156426728339750191
19 194 -0.00333970889292037982
19 195 0.000839118188677992526
19 196 -0.000123959765113176927
19 197 -0.002656422591407432
19 198 -0.00204587827280337375
19 234 0.00197572856038265082
19 235 -0.00313182888752972215
19 236 -0.000105228113024297511
19 237 -0.000312237033637111148
19 238 -0.000312237033637110931
19 239 -0.00227851074068436202
19 240 0.000345373232256622302
19 241 -0.00271344789894545965
19 242 -0.00124634614398270831
19 243 -0.0026398626952854453
19 244 -0.00227851074068436202
19 245 -0.00124634614398270809
20 1 -4.20077786406009597e-06
20 4 4.87850585265088156e-05
20 8 1.52326570908082607e-05
20 15 -1.57321603430988146e-06
20 16 2.62657398016139718e-07
20 18 5.63864496546456798e-06
20 19 -9.42000796409570128e-06
20 20 2.09671996658456029e-06
20 21 7.85027807161363451e-07
20 22 4.34024747466609174e-05
20 23 -1.57321603430988231e-06
20 24 2.62657398016139771e-07
20 26 5.63864496546456968e-06
20 27 7.85027807161363874e-07
21 1 -1.63862035200308383e-06
21 4 -0.000107241601388685323
21 8 5.63864496546456713e-06
21 15 -0.000431492998168821098
21 16 3.93466033402544889e-07
21 18 0.000487756635487917711
21 19 -0.000513353161813865397
21 20 7.85027807161363451e-07
21 21 0.000415839611734968224
21 22 0.00081487873885774365
21 70 -3.57960027144533306e-05
21 73 0.00111104921042487871
21 76 0.00107811406704080262
21 81 -0.0001044347482850087
21 82 7.16155749285169694e-05
21 84 0.000385173451867854488
21 85 0.00177016358566654385
21 86 0.000124406331812262482
22 1 -7.6124940865303844e-05
22 4 -0.000250969610524913694
22 8 0.000265052655874433536
22 15 -0.000842074124043320268
22 16 5.63864496546456798e-06
22 18 0.00195742168079718771
22 19 -0.00397675834593676572
22 20 4.34024747466609174e-05
22 21 0.00081487873885774365
22 22 0.0250630269944540421
22 23 -0.000842074124043319509
22 24 5.63864496546456968e-06
22 26 0.00195742168079718554
22 27 0.000814878738857742892
22 70 -0.00199323931768649511
22 73 0.00107811406704080284
22 76 0.0055021194665107985
22 85 0.00595638179977616821
22 186 -0.00199323931768649338
22 187 0.00107811406704080175
22 189 0.0055021194665107933
22 194 0.00595638179977616387
22 234 -0.00175066788996552751
22 235 0.00509128731843494324
22 236 0.00264223266874686127
22 237 0.000534779668616394005
22 238 0.000534779668616393788
23 1 1.04784638013907668e-05
23 4 -5.27141903454723861e-05
23 8 -3.79163388292503973e-05
23 11 0.00054116533777916415
23 12 -1.57321603430988315e-06
23 14 -0.000842074124043319617
23 19 0.00054116533777916415
23 20 -1.57321603430988231e-06
23 22 -0.000842074124043319509
23 23 0.00149505537342856294
23 24 -2.95631916565800646e-06
23 25 -0.000431492998168820827
23 26 -0.00176813356568051878
23 27 -0.000431492998168820827
23 186 -0.000333540947299661465
23 187 -0.00426356164406907229
23 188 -0.00158092954957314655
23 189 -0.00293708004041052639
23 190 0.000264805776342275415
23 191 -0.000253476504522933126
23 192 -0.000150355143555049703
23 193 -0.00124214254660339396
23 194 -0.00158092954957314634
23 195 0.000264805776342275415
23 196 -0.00025347650452293318
23 197 -0.000150355143555049649
23 198 -0.00124214254660339396
23 199 0.000171805396551103775
23 200 -0.000101870677316635719
23 201 -6.58882388339495013e-05
23 202 -0.000586583930314221822
23 203 -6.58882388339495555e-05
24 1 -2.10497420238244086e-06
24 4 2.83301422014544164e-05
24 8 7.8951033246628107e-06
24 11 -1.37743514743047385e-06
24 12 2.6265739801613993e-07
24 14 5.63864496546457306e-06
24 19 -1.377435147430473e-06
24 20 2.62657398016139771e-07
24 22 5.63864496546456968e-06
24 23 -2.95631916565800646e-06
24 24 5.2617717255966392e-07
24 25 3.93466033402545313e-07
24 26 1.16943889005622158e-05
24 27 3.93466033402544995e-07
25 1 -1.63862035200308595e-06
25 4 -0.000107241601388685269
25 8 5.63864496546457306e-06
25 11 -0.000513353161813865071
25 12 7.85027807161364086e-07
25 14 0.000814878738857743108
25 23 -0.000431492998168820827
25 24 3.93466033402545313e-07
25 25 0.000415839611734967953
25 26 0.000487756635487917385
25 186 -3.57960027144532493e-05
25 187 0.0011110492104248785
25 188 0.00177016358566654277
25 189 0.00107811406704080175
25 190 -0.000104434748285008592
25 191 7.16155749285169016e-05
25 192 0.000124406331812262373
25 193 0.000385173451867854163
26 1 -3.98159816172001058e-05
26 4 0.00152946352109234441
26 8 0.000144187350961971826
26 11 -0.000678513072358406756
26 12 5.63864496546457306e-06
26 14 0.00195742168079718597
26 19 -0.000678513072358406539
26 20 5.63864496546456968e-06
26 22 0.00195742168079718554
26 23 -0.00176813356568051878
26 24 1.16943889005622158e-05
26 25 0.000487756635487917385
26 26 0.0049171589320377608
26 27 0.000487756635487917277
26 186 -0.00122019010364858398
26 187 0.00290447187764039183
26 188 0.00107811406704080175
26 189 0.00615831215403661418
26 194 0.00107811406704080175
27 1 -1.63862035200308489e-06
27 4 -0.00010724160138868535
27 8 5.63864496546456968e-06
27 19 -0.000513353161813865071
27 20 7.85027807161363874e-07
27 22 0.000814878738857742892
27 23 -0.000431492998168820827
27 24 3.93466033402544995e-07
27 26 0.000487756635487917277
27 27 0.000415839611734967953
27 186 -3.5796002714453168e-05
27 187 0.0011110492104248785
27 189 0.00107811406704080175
27 194 0.00177016358566654255
27 195 -0.000104434748285008592
27 196 7.1615574928516888e-05
27 197 0.000124406331812262346
27 198 0.000385173451867854054
28 2 0.000171805396551103856
28 28 0.00193291371895397716
28 29 0.000759384295722306335
28 30 0.000624156175149235019
28 31 -0.000109933277456850971
28 32 -6.34791890967980818e-05
28 33 -0.000942599396973412169
28 34 -0.000561652721582946981
28 35 -0.00428969615531133754
28 36 -0.00217185541355331604
28 37 0.000759384295722306119
28 38 -6.34791890967980818e-05
28 39 -0.000942599396973411844
28 40 -0.00217185541355331517
28 46 2.57763417525185221e-05
28 47 8.86886932289130368e-05
28 48 -0.000386155870614929438
28 49 -9.18541730146189908e-06
28 50 -3.7386531482668447e-05
28 51 -4.07899641392617277e-06
28 52 -0.00380017553076333154
28 53 -9.39380323855616879e-05
28 54 -0.000341116905043118768
28 55 8.86886932289130639e-05
28 56 -3.73865314826684537e-05
28 57 -4.07899641392617361e-06
28 58 -0.000341116905043118823
28 59 -3.85068256648971979e-05
28 60 -0.00195533985156349458
28 61 -0.00363796301648625347
28 62 -3.85068256648972047e-05
28 63 -0.00195533985156349415
29 2 0.000264805776342275524
29 3 0.000839118188677992743
29 7 -0.000104434748285008646
29 28 0.000759384295722306335
29 29 0.00667704101051209368
29 30 -0.000215162020185388433
29 31 -4.57153358349368779e-05
29 32 -0.000275915443669048173
29 33 -0.000898755090019605482
29 34 -0.000832713868107242891
29 35 -0.0014953632686500616
29 36 -0.000606417508189812
29 41 -0.00197183510618349376
29 42 -0.00178358822041449656
29 47 0.00109192875564781237
29 48 -6.90374198858539879e-05
29 50 -2.95280920926967659e-05
29 52 -0.00135901338969604589
29 54 -0.00189674408962635767
29 59 -0.00178405849780911862
29 60 -0.00274468964391117072
29 61 -0.00115238651066295553
29 87 -0.00013506796586566452
29 88 0.000241613364795804599
29 89 -0.0010575760178454074
29 90 -0.00368440757631638503
29 91 -0.00204875508281241727
29 92 0.00121865486194245535
29 93 -0.00117417924328108497
29 94 -0.000163638638155793557
29 99 0.00100622189864900944
29 100 0.000959985816770389608
29 101 -0.00211048320586957119
29 102 -0.000436447303190868479
29 103 -0.000445051085792406292
29 104 -0.00253064830480936517
29 105 -0.00319488669927961953
29 106 -0.000746825015727403869
29 107 -0.00168946597256390877
29 108 -0.00198324392736392695
29 109 0.000210563180400014462
29 110 0.000278549562704726137
30 2 -0.000333540947299661844
30 3 0.000568218525665561643
30 4 0.000475229040216668076
30 7 -3.57960027144531409e-05
30 9 -0.00122019010364858354
30 10 -0.00199323931768649295
30 11 0.000568218525665561535
30 13 -3.57960027144532493e-05
30 14 -0.00199323931768649295
30 28 0.000624156175149235019
30 29 -0.000215162020185388433
30 30 0.00563306563693877389
30 31 0.000192930186012479628
30 32 0.000145137600975079857
30 33 -0.000533144018007366259
30 34 0.00285823350425888027
30 35 0.000232264675233490253
30 36 -0.00382725378044464475
30 37 -0.000215162020185388433
30 38 0.000145137600975079803
30 39 -0.00053314401800736615
30 40 -0.00382725378044464432
30 41 -0.00131516542721426969
30 42 -0.00257830839408570078
30 43 -0.00309308192835676746
30 44 -0.00131516542721426947
30 45 -0.00257830839408570165
30 48 0.000982599057478750725
30 52 -0.00228531988229779739
30 60 -0.00248845164188524117
30 61 -0.00344644557540866973
30 63 -0.00248845164188524117
30 88 0.000704354036834596272
30 91 -0.0016435594130059844
30 92 -0.00104813758978912139
30 94 -0.000775488487891007718
30 98 -0.000186113678220461195
30 100 0.00018627453743981406
30 103 -0.00067750988654782698
30 106 -7.45031917637311843e-05
30 109 -1.81033394188089423e-05
30 110 -0.000124665035146361827
30 204 0.000704354036834596488
30 205 -0.00164355941300598505
30 206 -0.00104813758978912117
30 207 -0.000775488487891007826
30 212 -0.000186113678220461331
30 216 0.00018627453743981406
30 217 -0.000677509886547826871
30 219 -7.45031917637311707e-05
30 224 -0.0001246650351463618
30 225 -1.81033394188089423e-05
31 2 -0.000101870677316635773
31 28 -0.000109933277456850971
31 29 -4.57153358349368779e-05
31 30 0.000192930186012479628
31 31 6.32969764825751496e-05
31 32 3.14299913193085624e-05
31 33 3.62480907936114962e-05
31 34 0.000363526954052612061
31 35 0.000413389371515162068
31 36 0.000186959058544161323
31 37 -4.57153358349368915e-05
31 38 3.14299913193085692e-05
31 39 3.62480907936114962e-05
31 40 0.00018695905854416135
32 2 -0.000253476504522933235
32 3 -0.000123959765113177008
32 7 7.16155749285169287e-05
32 28 -6.34791890967980818e-05
32 29 -0.000275915443669048173
32 30 0.000145137600975079857
32 31 3.14299913193085624e-05
32 32 0.000312715178754723131
32 33 7.17757973173338836e-05
32 34 0.000803020023852309877
32 35 0.000186959058544161323
32 36 0.00162187738084461266
32 41 0.000163456365468599152
32 42 0.000385173451867854325
33 2 -6.58882388339495419e-05
33 28 -0.000942599396973412169
33 29 -0.000898755090019605482
33 30 -0.000533144018007366259
33 31 3.62480907936114962e-05
33 32 7.17757973173338836e-05
33 33 0.00129241336239344388
33 34 0.000186959058544161323
33 35 0.00203428037860679378
33 36 0.00338726466841330395
33 47 -3.46841114641216803e-05
33 48 -0.000309362527224286022
33 50 1.18970103957667413e-05
33 52 0.00138444930095889393
33 54 0.000116527396717870161
33 59 2.9854477540167602e-05
33 60 0.00257710222469379044
33 61 0.00183577513616389894
34 2 -0.00426356164406907316
34 3 -0.00125137236195231442
34 4 -0.00131015990221241413
34 7 0.0011110492104248785
34 9 0.00290447187764039097
34 10 0.00107811406704080154
34 11 -0.00125137236195231377
34 13 0.00111104921042487806
34 14 0.00107811406704080154
34 28 -0.000561652721582946981
34 29 -0.000832713868107242891
34 30 0.00285823350425888027
34 31 0.000363526954052612061
34 32 0.000803020023852309877
34 33 0.000186959058544161323
34 34 0.0150635578507234535
34 35 0.0019225551867060155
34 36 0.00357758031900925859
34 37 -0.000832713868107242566
34 38 0.00080302002385230966
34 39 0.00018695905854416135
34 40 0.00357758031900925729
34 41 0.000385173451867854325
34 42 0.00420131630414226527
34 43 0.00633825175116427535
34 44 0.000385173451867854108
34 45 0.00420131630414226354
35 2 -0.000586583930314222147
35 28 -0.00428969615531133754
35 29 -0.0014953632686500616
35 30 0.000232264675233490253
35 31 0.000413389371515162068
35 32 0.000186959058544161323
35 33 0.00203428037860679378
35 34 0.0019225551867060155
35 35 0.0148503868353887548
35 36 0.00531170316969869442
35 37 -0.00149536326865006095
35 38 0.00018695905854416135
35 39 0.00203428037860679334
35 40 0.00531170316969869268
35 48 -0.00202896470128268412
35 52 0.0049570188948331647
35 60 0.00183577513616389916
35 61 0.00766230516321007773
35 63 0.00183577513616389829
36 2 -0.00124214254660339417
36 3 -0.00204587827280337375
36 7 0.000385173451867854325
36 28 -0.00217185541355331604
36 29 -0.000606417508189812
36 30 -0.00382725378044464475
36 31 0.000186959058544161323
36 32 0.00162187738084461266
36 33 0.00338726466841330395
36 34 0.00357758031900925859
36 35 0.00531170316969869442
36 36 0.0308371917823674208
36 41 0.00500193149187985915
36 42 0.00593877707828031377
36 48 -0.00205016587650283001
36 52 0.00183577513616389916
36 60 0.00700826547094067845
36 61 0.00433613520849610804
36 88 -0.00115490691423987177
36 91 0.00133498245628757171
36 92 0.00300667863603604766
36 94 0.00123768073276939172
36 100 -0.000669882793942642757
36 103 0.00239716301557500776
36 106 0.000233194429671565326
36 109 6.44279157343663722e-05
36 110 0.000485044117069901584
37 2 0.000264805776342275415
37 11 0.000839118188677992526
37 13 -0.000104434748285008592
37 28 0.000759384295722306119
37 30 -0.000215162020185388433
37 31 -4.57153358349368915e-05
37 34 -0.000832713868107242566
37 35 -0.00149536326865006095
37 37 0.00667704101051209281
37 38 -0.000275915443669048118
37 39 -0.000898755090019605265
37 40 -0.000606417508189812109
37 44 -0.00197183510618349333
37 45 -0.00178358822041449613
37 48 -6.90374198858539608e-05
37 52 -0.00135901338969604524
37 55 0.00109192875564781237
37 56 -2.95280920926967692e-05
37 58 -0.00189674408962635767
37 61 -0.0011523865106629551
37 62 -0.0017840584978091184
37 63 -0.00274468964391117072
37 204 0.000241613364795804518
37 205 -0.00204875508281241771
37 206 0.00121865486194245535
37 207 -0.000163638638155793584
37 208 -0.000135067965865664954
37 209 -0.0010575760178454074
37 210 -0.00368440757631638416
37 211 -0.00117417924328108497
37 216 0.000959985816770388958
37 217 -0.000445051085792406184
37 218 -0.00253064830480936517
37 219 -0.000746825015727404194
37 220 0.00100622189864900879
37 221 -0.00211048320586957033
37 222 -0.000436447303190868425
37 223 -0.0031948866992796178
37 224 0.000278549562704726082
37 225 0.00021056318040001449
37 226 -0.00168946597256390703
37 227 -0.00198324392736392565
38 2 -0.00025347650452293318
38 11 -0.000123959765113176927
38 13 7.16155749285168745e-05
38 28 -6.34791890967980818e-05
38 30 0.000145137600975079803
38 31 3.14299913193085692e-05
38 34 0.00080302002385230966
38 35 0.00018695905854416135
38 37 -0.000275915443669048118
38 38 0.000312715178754723131
38 39 7.17757973173338836e-05
38 40 0.00162187738084461266
38 44 0.000163456365468599098
38 45 0.000385173451867854108
39 2 -6.58882388339495555e-05
39 28 -0.000942599396973411844
39 30 -0.00053314401800736615
39 31 3.62480907936114962e-05
39 34 0.00018695905854416135
39 35 0.00203428037860679334
39 37 -0.000898755090019605265
39 38 7.17757973173338836e-05
39 39 0.00129241336239344301
39 40 0.00338726466841330264
39 48 -0.000309362527224285914
39 52 0.00138444930095889349
39 55 -3.46841114641216803e-05
39 56 1.18970103957667413e-05
39 58 0.000116527396717870134
39 61 0.00183577513616389829
39 62 2.98544775401675986e-05
39 63 0.00257710222469379
40 2 -0.00124214254660339396
40 11 -0.00204587827280337288
40 13 0.000385173451867854163
40 28 -0.00217185541355331517
40 30 -0.00382725378044464432
40 31 0.00018695905854416135
40 34 0.00357758031900925729
40 35 0.00531170316969869268
40 37 -0.000606417508189812109
40 38 0.00162187738084461266
40 39 0.00338726466841330264
40 40 0.0308371917823674138
40 44 0.00500193149187985828
40 45 0.00593877707828031204
40 48 -0.00205016587650282958
40 52 0.00183577513616389829
40 61 0.00433613520849610631
40 63 0.00700826547094067845
40 204 -0.00115490691423987156
40 205 0.00133498245628757171
40 206 0.00300667863603604636
40 207 0.00123768073276939129
40 216 -0.000669882793942642649
40 217 0.00239716301557500733
40 219 0.000233194429671565218
40 224 0.000485044117069901421
40 225 6.44279157343663722e-05
41 2 -0.00015035514355504973
41 3 -0.00265642259140743244
41 7 0.000124406331812262455
41 29 -0.00197183510618349376
41 30 -0.00131516542721426969
41 32 0.000163456365468599152
41 34 0.000385173451867854325
41 36 0.00500193149187985915
41 41 0.00771410796890233379
41 42 0.00447735138710210478
41 87 -0.00072825829334196711
41 88 -0.00264691967348957072
41 89 0.00172291093580827356
41 90 0.0021004511880828758
41 91 0.00620760936974992881
41 92 0.00666712068549381916
41 93 0.0018487576865664746
41 94 0.00133498245628757171
42 2 -0.00158092954957314655
42 3 -0.00333970889292037982
42 4 -0.00179139845003018633
42 7 0.00177016358566654299
42 9 0.00107811406704080175
42 10 0.00595638179977616214
42 29 -0.00178358822041449656
42 30 -0.00257830839408570078
42 32 0.000385173451867854325
42 34 0.00420131630414226527
42 36 0.00593877707828031377
42 41 0.00447735138710210478
42 42 0.0229920283791709597
42 43 0.0050984377311981792
42 88 -0.00182227660813862567
42 91 0.00506190991738525442
42 92 0.00133498245628757171
42 94 0.00239926515864750771
42 98 0.000534779668616393463
43 2 -0.00293708004041052552
43 3 -0.00156426728339750191
43 4 -0.0020547590166062257
43 7 0.00107811406704080154
43 9 0.00615831215403661245
43 10 0.00550211946651079243
43 11 -0.00156426728339750169
43 13 0.00107811406704080154
43 14 0.00550211946651079243
43 30 -0.00309308192835676746
43 34 0.00633825175116427535
43 42 0.0050984377311981792
43 43 0.0139667203091184151
43 45 0.00509843773119818093
43 88 -0.000203548824102591788
43 91 0.000534779668616393463
43 94 0.000185924975299171628
43 98 0.00024454533602971234
43 204 -0.000203548824102591923
43 205 0.000534779668616393788
43 207 0.000185924975299171737
43 212 0.000244545336029712503
44 2 -0.000150355143555049649
44 11 -0.00265642259140743157
44 13 0.000124406331812262373
44 30 -0.00131516542721426947
44 34 0.000385173451867854108
44 37 -0.00197183510618349333
44 38 0.000163456365468599098
44 40 0.00500193149187985828
44 44 0.00771410796890233119
44 45 0.00447735138710210478
44 204 -0.00264691967348957072
44 205 0.00620760936974992881
44 206 0.00666712068549381656
44 207 0.00133498245628757171
44 208 -0.00072825829334196711
44 209 0.00172291093580827399
44 210 0.00210045118808287624
44 211 0.0018487576865664746
45 2 -0.00158092954957314612
45 4 -0.00179139845003018698
45 9 0.00107811406704080154
45 11 -0.00333970889292037896
45 13 0.00177016358566654212
45 14 0.00595638179977616387
45 30 -0.00257830839408570165
45 34 0.00420131630414226354
45 37 -0.00178358822041449613
45 38 0.000385173451867854108
45 40 0.00593877707828031204
45 43 0.00509843773119818093
45 44 0.00447735138710210478
45 45 0.0229920283791709631
45 204 -0.00182227660813862654
45 205 0.00506190991738525789
45 206 0.00133498245628757149
45 207 0.00239926515864750858
45 212 0.000534779668616393788
46 28 2.57763417525185221e-05
46 46 0.000114785443780142659
46 47 5.59515222785598846e-05
46 48 -0.000702992597952647839
46 49 -7.87842786492115436e-06
46 50 -4.1912563449747791e-06
46 51 -1.97282471582324127e-05
46 52 -9.70735137054361507e-05
46 53 -0.00044052697594108793
46 54 -0.000227655558772490302
46 55 5.59515222785598846e-05
46 56 -4.1912563449747808e-06
46 57 -1.97282471582324094e-05
46 58 -0.000227655558772490383
46 64 7.54066490976167505e-05
46 65 -2.66428086912796111e-05
46 66 -1.41778378196282868e-05
46 67 -0.000303330829384950297
46 68 -1.41778378196282851e-05
47 28 8.86886932289130368e-05
47 29 0.00109192875564781237
47 33 -3.46841114641216803e-05
47 46 5.59515222785598846e-05
47 47 0.00328703396304775609
47 48 -7.72656677272048811e-05
47 49 -3.67187035824997445e-06
47 50 -5.12988522202568908e-05
47 51 -3.15041697398623112e-05
47 52 -0.000301586195932069677
47 53 -0.000194642623349826046
47 54 -0.00664153515929166629
47 59 -0.00208684130160724946
47 60 -0.0023509564462650622
47 64 0.000219939273556630333
47 65 -1.2411990109801047e-05
47 66 -0.000147968978596440322
47 67 -0.000796654362592825061
47 99 0.00082849816631731907
47 100 0.00237856109397146295
47 101 -0.000531578841128005136
47 102 -0.00133557655217893039
47 103 -0.00312938712180711644
47 104 -0.00726497978442751727
47 105 -0.0031009596914924123
47 106 -0.00293748531072372723
47 111 0.00147769094005481202
47 112 -0.0027557615892818332
47 113 -0.000672532508984443342
47 114 -0.00398568600630098968
47 115 -0.0032563191443866408
47 116 -9.46999935686163063e-05
48 28 -0.000386155870614929438
48 29 -6.90374198858539879e-05
48 30 0.000982599057478750725
48 33 -0.000309362527224286022
48 35 -0.00202896470128268412
48 36 -0.00205016587650283001
48 37 -6.90374198858539608e-05
48 39 -0.000309362527224285914
48 40 -0.00205016587650282958
48 46 -0.000702992597952647839
48 47 -7.72656677272048811e-05
48 48 0.0165496225085244551
48 49 6.44694804963303822e-05
48 50 0.000168803449900597899
48 51 0.00012851307647768239
48 52 0.00357472729379098219
48 53 0.00263126232383114993
48 54 0.00273881362170145474
48 55 -7.72656677272045558e-05
48 56 0.000168803449900597926
48 57 0.00012851307647768239
48 58 0.002738813621701453
48 59 -0.000772427435599742267
48 60 -0.00192898041839636709
48 61 -0.0024366766607628737
48 62 -0.000772427435599742375
48 63 -0.00192898041839636709
48 64 -0.000985439756235167216
48 65 0.000165056324081975082
48 66 0.000335757437823430401
48 67 0.00557367651057559792
48 68 0.000335757437823430455
48 100 0.00202768305236771711
48 103 -0.00209007874596124155
48 104 -0.0031843363619240431
48 106 -0.00319438065601155424
48 110 -6.35450158876365591e-05
48 111 0.00075535287249241538
48 112 -0.00101961598637522431
48 114 -0.00316125954002158174
48 115 -0.00339828606430744775
48 116 0.000158999251185378324
48 216 0.00202768305236771754
48 217 -0.00209007874596124112
48 218 -0.00318433636192404354
48 219 -0.00319438065601155511
48 224 -6.3545015887636532e-05
48 228 0.000755352872492415272
48 229 -0.00101961598637522475
48 230 -0.00339828606430744775
48 231 0.000158999251185378297
48 232 -0.0031612595400215826
48 246 3.75926074069617253e-05
48 247 -0.00742164118506379901
48 248 -0.0012428038694839009
48 249 -0.00360082082442170215
48 250 -0.00360082082442170128
48 251 -0.000566402050686851881
48 252 -0.000566402050686851881
49 28 -9.18541730146189908e-06
49 46 -7.87842786492115436e-06
49 47 -3.67187035824997445e-06
49 48 6.44694804963303822e-05
49 49 2.54105280734519147e-06
49 50 1.26836237451923087e-06
49 51 1.04384251242201862e-06
49 52 3.62922843543509626e-05
49 53 3.002132171460202e-05
49 54 1.44578910319302754e-05
49 55 -3.6718703582499753e-06
49 56 1.26836237451923129e-06
49 57 1.04384251242201883e-06
49 58 1.44578910319302805e-05
50 28 -3.7386531482668447e-05
50 29 -2.95280920926967659e-05
50 33 1.18970103957667413e-05
50 46 -4.1912563449747791e-06
50 47 -5.12988522202568908e-05
50 48 0.000168803449900597899
50 49 1.26836237451923087e-06
50 50 2.05905962389598475e-05
50 51 2.08261448587162793e-06
50 52 0.000134580204313143094
50 53 1.44578910319302754e-05
50 54 0.000213641622535241276
50 59 1.95424387973177834e-05
50 60 0.000116527396717870148
51 28 -4.07899641392617277e-06
51 46 -1.97282471582324127e-05
51 47 -3.15041697398623112e-05
51 48 0.00012851307647768239
51 49 1.04384251242201862e-06
51 50 2.08261448587162793e-06
51 51 1.04966521654988429e-05
51 52 1.44578910319302754e-05
51 53 7.17128898143133036e-05
51 54 0.000137738760659641816
51 64 -1.24066117775854435e-05
51 65 3.54889087672926399e-06
51 66 7.08058629638374475e-06
51 67 4.60883128980437142e-05
52 28 -0.00380017553076333154
52 29 -0.00135901338969604589
52 30 -0.00228531988229779739
52 33 0.00138444930095889393
52 35 0.0049570188948331647
52 36 0.00183577513616389916
52 37 -0.00135901338969604524
52 39 0.00138444930095889349
52 40 0.00183577513616389829
52 46 -9.70735137054361507e-05
52 47 -0.000301586195932069677
52 48 0.00357472729379098219
52 49 3.62922843543509626e-05
52 50 0.000134580204313143094
52 51 1.44578910319302754e-05
52 52 0.0117008948940037182
52 53 0.000353107310118135076
52 54 0.00115442091420057654
52 55 -0.000301586195932069731
52 56 0.000134580204313143094
52 57 1.44578910319302822e-05
52 58 0.00115442091420057675
52 59 0.000116527396717870175
52 60 0.00467640394963731061
52 61 0.00817501552524030686
52 62 0.000116527396717870148
52 63 0.00467640394963730974
53 28 -9.39380323855616879e-05
53 46 -0.00044052697594108793
53 47 -0.000194642623349826046
53 48 0.00263126232383114993
53 49 3.002132171460202e-05
53 50 1.44578910319302754e-05
53 51 7.17128898143133036e-05
53 52 0.000353107310118135076
53 53 0.00171623341649413449
53 54 0.000784050160314658795
53 55 -0.000194642623349826046
53 56 1.44578910319302822e-05
53 57 7.17128898143133036e-05
53 58 0.000784050160314658578
53 64 -0.000259104172695262514
53 65 9.59190714304874754e-05
53 66 4.60883128980437074e-05
53 67 0.00103269337836433845
53 68 4.60883128980437074e-05
54 28 -0.000341116905043118768
54 29 -0.00189674408962635767
54 33 0.000116527396717870161
54 46 -0.000227655558772490302
54 47 -0.00664153515929166629
54 48 0.00273881362170145474
54 49 1.44578910319302754e-05
54 50 0.000213641622535241276
54 51 0.000137738760659641816
54 52 0.00115442091420057654
54 53 0.000784050160314658795
54 54 0.0267988440878376942
54 59 0.00305653875716260228
54 60 0.00621359677849324214
54 64 -0.000797210733510415404
54 65 4.60883128980437142e-05
54 66 0.000579894620768363865
54 67 0.00284471822160087479
54 100 -0.0037889141265182542
54 103 0.00216527689657172685
54 104 0.00892295917123166367
54 106 0.00842925706883103365
54 111 -0.00265768185903673048
54 112 0.00419940712403514462
54 114 0.00285826490908120063
54 115 0.00867281344005797761
54 116 0.000296923657707562284
55 28 8.86886932289130639e-05
55 37 0.00109192875564781237
55 39 -3.46841114641216803e-05
55 46 5.59515222785598846e-05
55 48 -7.72656677272045558e-05
55 49 -3.6718703582499753e-06
55 52 -0.000301586195932069731
55 53 -0.000194642623349826046
55 55 0.00328703396304775653
55 56 -5.12988522202568976e-05
