% 2728x2728 20048 nonzeros
4 4 2.29437012842490473
4 5 -0.447173368200591614
4 7 -0.44717336820059167
4 8 -0.0215079321370231676
4 11 -0.596439219702481593
4 27 -0.596439219702481482
4 31 -0.0616262853438394181
4 130 -0.32336157936632437
4 131 0.0383642037721427243
4 145 0.0383642037721427381
4 146 0.122622436684143243
5 4 -0.447173368200591614
5 5 1.38162751216796065
5 8 -0.238044646393326925
5 11 -0.0443337460645053388
5 12 -0.389729299525306494
5 86 -0.190975905721001371
5 89 -0.00168193224265562186
5 114 -0.339149618244979745
5 115 -0.00456656782220081839
5 130 0.0908003596990101525
5 131 0.18322721234759709
7 4 -0.44717336820059167
7 7 1.38162751216796043
7 8 -0.238044646393326897
7 27 -0.0443337460645053388
7 29 -0.389729299525306438
7 111 -0.00168193224265562164
7 124 -0.190975905721001371
7 129 -0.339149618244979689
7 130 0.0908003596990101802
7 144 -0.00456656782220081145
7 145 0.183227212347597063
8 4 -0.0215079321370231676
8 5 -0.238044646393326925
8 7 -0.238044646393326897
8 8 0.558947860833373333
8 89 -0.0225156468764868313
8 110 -0.263528549410464996
8 111 -0.0225156468764868313
8 114 0.0157511365061692998
8 129 0.0157511365061692998
8 130 0.215706934241403803
11 4 -0.596439219702481593
11 5 -0.0443337460645053388
11 11 2.8150976626838462
11 12 -0.577911062509490314
11 15 -0.647914826787312825
11 31 -0.742518396315438478
11 33 -0.0611791206681936706
11 131 -0.263416916215129138
11 132 -0.0294926126735389933
11 146 0.0652907890535732865
11 147 0.0828174491986704286
12 5 -0.389729299525306494
12 11 -0.577911062509490314
12 12 1.89125519172278489
12 15 -0.0553262405812705443
12 16 -0.437591955316750936
12 86 -0.01263548860473045
12 93 -0.311383926923354815
12 115 -0.333631024601069748
12 116 -0.0440143994221468896
12 131 0.146726397770647693
12 132 0.124241807990687653
15 11 -0.647914826787312825
15 12 -0.0553262405812705443
15 15 2.98350362800164293
15 16 -0.638416248756428217
15 19 -0.600484649928364478
15 33 -0.833281361892641126
15 35 -0.0449302011858912984
15 132 -0.215750590905944006
15 133 -0.0935148885939327129
15 147 0.107387031824534532
15 148 0.0387283488056077152
16 12 -0.437591955316750936
16 15 -0.638416248756428217
16 16 1.99650678811170934
16 19 -0.0522447845360080043
16 20 -0.388288634762167906
16 93 -0.0227246148515876274
16 97 -0.343941434223549503
16 116 -0.30188156954174139
16 117 -0.0946776441314672035
16 132 0.204539198966784408
16 133 0.0787208990412072013
19 15 -0.600484649928364478
19 16 -0.0522447845360080043
19 19 2.73643385261912719
19 20 -0.611207178481246505
19 23 -0.451358790597580994
19 35 -0.845692904965580583
19 37 -0.0220052607751320128
19 133 -0.169438710924336766
19 134 -0.152457614545687403
19 148 0.172571170511251315
19 149 -0.00411512837644234693
20 16 -0.388288634762167906
20 19 -0.611207178481246505
20 20 1.65380567850652094
20 23 -0.0348839025203099631
20 24 -0.241039719983719869
20 97 -0.0205757467874101672
20 101 -0.260265442854406392
20 117 -0.260037865685882552
20 118 -0.167934846319416381
20 133 0.279077703938735877
20 134 0.0513499549493027924
23 19 -0.451358790597580994
23 20 -0.0348839025203099631
23 23 1.93650190822977142
23 24 -0.417460067714593319
23 25 -0.19512213131556766
23 37 -0.709188914094579737
23 38 -0.00751831582769178428
23 134 -0.126331166556883312
23 135 -0.231157304454628287
23 149 0.253540511416437186
23 150 -0.0170218265643740999
24 20 -0.241039719983719869
24 23 -0.417460067714593319
24 24 0.763625057136629537
24 25 -0.00449568872756905043
24 101 -0.00450640682480232119
24 105 -0.0366532625603181311
24 118 -0.193553931965259496
24 120 -0.0230279167045481792
24 121 -0.211013002837806773
24 134 0.364248319469817394
24 135 0.00387662071217022286
25 23 -0.19512213131556766
25 24 -0.00449568872756905043
25 25 0.490095006112993226
25 38 -0.234286493737966728
25 120 -0.0335015891685023978
25 135 -0.148886588143151644
25 138 -0.065269278927304733
25 150 0.31625563234230919
25 152 -0.124788868435240202
27 4 -0.596439219702481482
27 7 -0.0443337460645053388
27 27 2.8150976626838462
27 29 -0.577911062509490203
27 31 -0.742518396315438478
27 40 -0.647914826787312714
27 44 -0.0611791206681936567
27 145 -0.263416916215129082
27 146 0.0652907890535732865
27 159 -0.0294926126735390107
27 160 0.0828174491986704286
29 7 -0.389729299525306438
29 27 -0.577911062509490203
29 29 1.89125519172278489
29 40 -0.0553262405812705443
29 42 -0.43759195531675088
29 124 -0.0126354886047304552
29 140 -0.311383926923354759
29 144 -0.333631024601069859
29 145 0.146726397770647665
29 158 -0.0440143994221469173
29 159 0.124241807990687639
31 4 -0.0616262853438394181
31 11 -0.742518396315438478
31 27 -0.742518396315438478
31 31 3.40554437621253525
31 33 -0.814139495312881767
31 44 -0.814139495312881767
31 46 -0.0348447935971851475
31 146 -0.20025920422871793
31 147 -0.0177884670626481355
31 160 -0.0177884670626481389
31 161 0.040078624339144435
33 11 -0.0611791206681936706
33 15 -0.833281361892641126
33 31 -0.814139495312881767
33 33 3.63983234461254002
33 35 -0.780226929830102667
33 46 -0.939115013878104143
33 48 0.00874336697181710837
33 147 -0.140438112879565924
33 148 -0.0895714066665030673
33 161 0.0221023753823443893
33 162 -0.012726645838710143
35 15 -0.0449302011858912984
35 19 -0.845692904965580583
35 33 -0.780226929830102667
35 35 3.45529011270625608
35 37 -0.62606185459818009
35 48 -0.986851034179792697
35 50 0.0395865431648559918
35 148 -0.0842431043260924717
35 149 -0.15837173310475422
35 162 0.0832765800824051966
35 163 -0.0517754737631232892
37 19 -0.0220052607751320128
37 23 -0.709188914094579737
37 35 -0.62606185459818009
37 37 2.69680069118917043
37 38 -0.333437288721162961
37 50 -0.868177475627374462
37 51 0.0326009141089523141
37 149 -0.0132991746200465319
37 150 -0.242971209485102702
37 163 0.142863304319566786
37 164 -0.0571237316961113878
38 23 -0.00751831582769178428
38 25 -0.234286493737966728
38 37 -0.333437288721162961
38 38 1.01820321034265415
38 51 -0.380274276100449837
38 150 0.0119559896341929484
38 152 -0.207292766431842024
38 164 0.239793744616387028
38 166 -0.107143803774120666
40 27 -0.647914826787312714
40 29 -0.0553262405812705443
40 40 2.98350362800164293
40 42 -0.638416248756428217
40 44 -0.833281361892641126
40 53 -0.600484649928364589
40 57 -0.0449302011858912914
40 159 -0.215750590905944006
40 160 0.107387031824534532
40 173 -0.0935148885939327129
40 174 0.0387283488056077152
42 29 -0.43759195531675088
42 40 -0.638416248756428217
42 42 1.9965067881117089
42 53 -0.0522447845360080113
42 55 -0.38828863476216785
42 140 -0.0227246148515876378
42 154 -0.343941434223549503
42 158 -0.301881569541741335
42 159 0.204539198966784408
42 172 -0.0946776441314672035
42 173 0.0787208990412072152
44 27 -0.0611791206681936567
44 31 -0.814139495312881767
44 40 -0.833281361892641126
44 44 3.63983234461254046
44 46 -0.939115013878104143
44 57 -0.780226929830102778
44 59 0.0087433669718171049
44 160 -0.140438112879565896
44 161 0.0221023753823443858
44 174 -0.0895714066665030811
44 175 -0.0127266458387101447
46 31 -0.0348447935971851475
46 33 -0.939115013878104143
46 44 -0.939115013878104143
46 46 3.94084280359347439
46 48 -0.929282463263284564
46 59 -0.929282463263284453
46 61 0.0798778682143104768
46 161 -0.0766296307204060723
46 162 -0.0483529018522857595
46 175 -0.0483529018522857595
46 176 -0.0757454895028441128
48 33 0.00874336697181710837
48 35 -0.986851034179792697
48 46 -0.929282463263284564
48 48 3.79589452998756505
48 50 -0.766555735809110073
48 61 -0.995003509703792033
48 63 0.113523176105213952
48 162 -0.0100536714166010455
48 163 -0.134425068288791666
48 176 0.00588627436078660755
48 177 -0.101875864764010865
50 35 0.0395865431648559918
50 37 -0.868177475627374462
50 48 -0.766555735809110073
50 50 3.004380610227531
50 51 -0.420949682235405243
50 63 -0.860970113660770364
50 64 0.0678048659109722479
50 163 0.0949061280093734666
50 164 -0.256989506606762397
50 177 0.0315203658752016835
50 178 -0.0645559992485117001
51 37 0.0326009141089523141
51 38 -0.380274276100449837
51 50 -0.420949682235405243
51 51 1.16064511868056441
51 64 -0.312874512577411612
51 164 0.164690912760619756
51 166 -0.211594313814527896
51 178 0.111569663127606702
51 180 -0.143813823949948516
53 40 -0.600484649928364589
53 42 -0.0522447845360080113
53 53 2.73643385261912808
53 55 -0.611207178481246394
53 57 -0.845692904965580583
53 66 -0.451358790597580939
53 70 -0.0220052607751320128
53 173 -0.169438710924336766
53 174 0.172571170511251287
53 187 -0.152457614545687403
53 188 -0.00411512837644232958
55 42 -0.38828863476216785
55 53 -0.611207178481246394
55 55 1.65380567850652116
55 66 -0.0348839025203099284
55 68 -0.241039719983719897
55 154 -0.0205757467874101603
55 168 -0.260265442854406392
55 172 -0.260037865685882552
55 173 0.279077703938735877
55 186 -0.167934846319416353
55 187 0.0513499549493027646
57 40 -0.0449302011858912914
57 44 -0.780226929830102778
57 53 -0.845692904965580583
57 57 3.45529011270625652
57 59 -0.986851034179792697
57 70 -0.62606185459818009
57 72 0.0395865431648559918
57 174 -0.0842431043260924439
57 175 0.0832765800824051966
57 188 -0.15837173310475422
57 189 -0.0517754737631232823
59 44 0.0087433669718171049
59 46 -0.929282463263284453
59 57 -0.986851034179792697
59 59 3.79589452998756549
59 61 -0.995003509703792144
59 72 -0.766555735809109962
59 74 0.113523176105213966
59 175 -0.0100536714166010264
59 176 0.00588627436078660582
59 189 -0.134425068288791666
59 190 -0.101875864764010879
61 46 0.0798778682143104768
61 48 -0.995003509703792033
61 59 -0.995003509703792144
61 61 3.62901131181088843
61 63 -0.807080062372086626
61 74 -0.807080062372086626
61 76 0.126263312214118795
61 176 0.0816899172711528787
61 177 -0.108554146704239976
61 190 -0.108554146704239976
61 191 -0.0955669719502331566
63 48 0.113523176105213952
63 50 -0.860970113660770364
63 61 -0.807080062372086626
63 63 2.67395716521126703
63 64 -0.362110886756370598
63 76 -0.595593561954583905
63 77 0.0264659909500767274
63 177 0.240420126381985955
63 178 -0.277403525369270931
63 191 -0.122162167961891097
63 192 -0.0290461405735701304
64 50 0.0678048659109722479
64 51 -0.312874512577411612
64 63 -0.362110886756370598
64 64 0.717303638753736483
64 77 -0.0653273508878016163
64 178 0.248136810966928689
64 180 -0.12041347662536947
64 192 -0.0171717508746061509
64 194 -0.155347337910078015
66 53 -0.451358790597580939
66 55 -0.0348839025203099284
66 66 1.93650190822977142
66 68 -0.417460067714593375
66 70 -0.709188914094579625
66 78 -0.195122131315567632
66 79 -0.00751831582769177734
66 187 -0.126331166556883312
66 188 0.253540511416437186
66 200 -0.231157304454628287
66 201 -0.0170218265643741207
68 55 -0.241039719983719897
68 66 -0.417460067714593375
68 68 0.763625057136629426
68 78 -0.00449568872756905477
68 168 -0.00450640682480232119
68 182 -0.0366532625603181311
68 186 -0.193553931965259524
68 187 0.364248319469817394
68 197 -0.0230279167045481722
68 198 -0.211013002837806773
68 200 0.0038766207121701951
70 53 -0.0220052607751320128
70 57 -0.62606185459818009
70 66 -0.709188914094579625
70 70 2.69680069118917043
70 72 -0.868177475627374462
70 79 -0.33343728872116285
70 80 0.0326009141089523072
70 188 -0.0132991746200465041
70 189 0.142863304319566814
70 201 -0.242971209485102674
70 202 -0.0571237316961114017
72 57 0.0395865431648559918
72 59 -0.766555735809109962
72 70 -0.868177475627374462
72 72 3.004380610227531
72 74 -0.860970113660770253
72 80 -0.420949682235405187
72 81 0.067804865910972234
72 189 0.0949061280093734944
72 190 0.0315203658752016697
72 202 -0.256989506606762397
72 203 -0.0645559992485116724
74 59 0.113523176105213966
74 61 -0.807080062372086626
74 72 -0.860970113660770253
74 74 2.67395716521126658
74 76 -0.595593561954583905
74 81 -0.362110886756370598
74 82 0.0264659909500767204
74 190 0.240420126381985982
74 191 -0.122162167961891152
74 203 -0.277403525369270931
74 204 -0.0290461405735701096
76 61 0.126263312214118795
76 63 -0.595593561954583905
76 74 -0.595593561954583905
76 76 1.30295687291881968
76 77 -0.069083513528796256
76 82 -0.0690835135287962421
76 191 0.437982083118832688
76 192 -0.165800954260358929
76 204 -0.165800954260358874
76 205 -0.206246208764292976
77 63 0.0264659909500767274
77 64 -0.0653273508878016163
77 76 -0.069083513528796256
77 77 0.112354151981026218
77 192 0.0504623890899108807
77 194 -0.0172589525400132712
77 205 -0.0140888284297221271
77 206 -0.0235238866346805589
78 66 -0.195122131315567632
78 68 -0.00449568872756905477
78 78 0.490095006112993281
78 79 -0.234286493737966728
78 197 -0.0335015891685023909
78 200 -0.148886588143151699
78 201 0.316255632342309245
78 210 -0.0652692789273047469
78 213 -0.124788868435240202
79 66 -0.00751831582769177734
79 70 -0.33343728872116285
79 78 -0.234286493737966728
79 79 1.01820321034265393
79 80 -0.380274276100449837
79 201 0.0119559896341929067
79 202 0.239793744616387028
79 213 -0.207292766431841996
79 215 -0.107143803774120652
80 70 0.0326009141089523072
80 72 -0.420949682235405187
80 79 -0.380274276100449837
80 80 1.16064511868056441
80 81 -0.312874512577411612
80 202 0.164690912760619784
80 203 0.111569663127606689
80 215 -0.211594313814527923
80 217 -0.143813823949948544
81 72 0.067804865910972234
81 74 -0.362110886756370598
81 80 -0.312874512577411612
81 81 0.717303638753736594
81 82 -0.0653273508878016024
81 203 0.248136810966928689
81 204 -0.0171717508746061648
81 217 -0.12041347662536947
81 219 -0.155347337910078015
82 74 0.0264659909500767204
82 76 -0.0690835135287962421
82 81 -0.0653273508878016024
82 82 0.112354151981026218
82 204 0.0504623890899108737
82 205 -0.0140888284297221236
82 219 -0.0172589525400132747
82 220 -0.0235238866346805624
86 5 -0.190975905721001371
86 12 -0.01263548860473045
86 86 0.321880576510274075
86 87 -0.177588536053254364
86 89 -0.0154492835770226079
86 93 -0.097163960519894052
86 94 -0.0290791057589912319
86 114 0.0787577813099781116
86 115 0.122253922414641891
87 86 -0.177588536053254364
87 87 2.97145095786657309
87 88 -0.480814319109366062
87 89 -0.000673692484462027176
87 90 -0.580097502699584266
87 91 -0.0309654130660482162
87 94 -0.598739868878869319
87 114 -0.685995730123149072
87 115 -0.107408590214263855
87 265 -0.473365787169438612
87 266 -0.0447183940029521609
87 282 0.104198438656221359
87 283 0.104718437278594118
88 87 -0.480814319109366062
88 88 1.21565195687672545
88 91 -0.201442559322119047
88 94 -0.076336017750855481
88 95 -0.366089914559825869
88 244 -0.0400397435163436233
88 245 -0.447308998738204233
88 247 -0.0849541305632196264
88 265 0.168526157605304788
88 266 0.312807569077903691
89 5 -0.00168193224265562186
89 8 -0.0225156468764868313
89 86 -0.0154492835770226079
89 87 -0.000673692484462027176
89 89 0.0396468626961651097
89 90 -0.0235238866346806769
89 110 0.00639267081500233952
89 114 0.0178049083041403183
90 87 -0.580097502699584266
90 89 -0.0235238866346806769
90 90 2.06385035044829745
90 91 -0.285471419298957141
90 110 -0.610402700604178117
90 113 -0.345452108265552615
90 114 -0.0938450855613154611
90 241 -0.00312052035986071881
90 264 -0.486017771061225012
90 265 0.00363546708312682126
90 281 0.0791778533466616918
90 282 0.281267323607268416
91 87 -0.0309654130660482162
91 88 -0.201442559322119047
91 90 -0.285471419298957141
91 91 0.557035713599617788
91 239 -0.28883142279688534
91 241 -0.0280069781179647509
91 245 -0.031005611172225285
91 264 0.0777034463894111516
91 265 0.23098424378517074
93 12 -0.311383926923354815
93 16 -0.0227246148515876274
93 86 -0.097163960519894052
93 93 0.591261479380834953
93 94 -0.255543936133338367
93 97 -0.139593235768987078
93 98 -0.089377501636492912
93 115 0.171809155666625191
93 116 0.152716540786194566
94 86 -0.0290791057589912319
94 87 -0.598739868878869319
94 88 -0.076336017750855481
94 93 -0.255543936133338367
94 94 3.35720312029641654
94 95 -0.58808927478979367
94 98 -0.517985252415242736
94 115 -0.743214686375103017
94 116 -0.116692259193041978
94 266 -0.436531373522273614
94 267 -0.108323186446548092
94 283 0.0932043116526927312
94 284 0.0201275293149486972
95 88 -0.366089914559825869
95 94 -0.58808927478979367
95 95 1.7250336869914249
95 98 -0.119989437263552892
95 99 -0.42023286939498905
95 233 -0.145039143078829896
95 244 -0.00274206455292421575
95 247 -0.487838418316632771
95 248 -0.0966734714943450479
95 266 0.242770238963758794
95 267 0.258890667495710047
97 16 -0.343941434223549503
97 20 -0.0205757467874101672
97 93 -0.139593235768987078
97 97 0.625980435636513843
97 98 -0.253216942886807406
97 101 -0.0980136919219156411
97 102 -0.123898653748143184
97 116 0.249399293462859772
97 117 0.103859976237439297
98 93 -0.089377501636492912
98 94 -0.517985252415242736
98 95 -0.119989437263552892
98 97 -0.253216942886807406
98 98 3.46421926294947946
98 99 -0.624689599890012603
98 102 -0.455303363954357998
98 116 -0.789912454148320009
98 117 -0.106408371938587765
98 267 -0.408649467288009771
98 268 -0.157424287416799757
98 284 0.0653847675333322359
98 285 -0.00664735164462826062
99 95 -0.42023286939498905
99 98 -0.624689599890012603
99 99 1.81349758383947091
99 102 -0.142102334676468184
99 103 -0.368543468373192129
99 230 -0.16100371616484857
99 233 -0.00913173797833789422
99 248 -0.493150797352815085
99 250 -0.12908822347532517
99 267 0.320621303733661267
99 268 0.21382385973285678
101 20 -0.260265442854406392
101 24 -0.00450640682480232119
101 97 -0.0980136919219156411
101 101 0.389471992647892229
101 102 -0.219188468803281605
101 105 -0.015680963362426005
101 106 -0.0515084934538999131
101 117 0.28421590234505778
101 118 -0.0245244277722180964
102 97 -0.123898653748143184
102 98 -0.455303363954357998
102 99 -0.142102334676468184
102 101 -0.219188468803281605
102 102 3.42164679574538111
102 103 -0.602505230542923154
102 106 -0.469802037543441409
102 117 -0.881785526816996512
102 118 -0.0146225040227909477
102 268 -0.404642366932411679
102 269 -0.16497417327858363
102 285 0.102318333556032454
102 286 -0.0451404689820149238
103 99 -0.368543468373192129
103 102 -0.602505230542923154
103 103 1.42469696884003927
103 106 -0.115222076258264805
103 107 -0.206382400187033022
103 230 -0.00600720170278652536
103 249 -0.0533294979841519717
103 250 -0.453135451110579068
103 252 -0.226904461658271051
103 268 0.419465766377379035
103 269 0.187867052599783119
105 24 -0.0366532625603181311
105 101 -0.015680963362426005
105 105 0.0531748471613881224
105 106 -0.0371170535885353703
105 118 0.0517257159269139052
105 121 -0.0154492835770225229
106 101 -0.0515084934538999131
106 102 -0.469802037543441409
106 103 -0.115222076258264805
106 105 -0.0371170535885353703
106 106 2.73401914264878299
106 107 -0.463469345913765873
106 108 -0.337650047751941407
106 118 -0.878463666527357856
106 121 -0.148987232486252452
106 269 -0.446666151487504937
106 270 -0.153016779151068927
106 286 0.318622962763889128
106 287 0.0492607787493612517
107 103 -0.206382400187033022
107 106 -0.463469345913765873
107 107 0.754195474327059356
107 108 -0.0300464222083701819
107 252 -0.394761812346349217
107 255 -0.0286490552850977645
107 256 -0.106461114567531198
107 269 0.508080358952083921
107 270 -0.0325056827709960389
108 106 -0.337650047751941407
108 107 -0.0300464222083701819
108 108 1.29648450404748683
108 121 -0.711723868181796115
108 122 -0.0453391958902195774
108 255 -0.0704870238179906572
108 270 -0.407370786184961919
108 272 -0.0362525832002366932
108 273 -0.278089675877868425
108 287 0.596944322747528844
108 288 0.0235307763183695007
110 8 -0.263528549410464996
110 89 0.00639267081500233952
110 90 -0.610402700604178117
110 110 3.28849262924562158
110 111 0.00639267081500233866
110 112 -0.610402700604178117
110 113 -0.0422588106602847929
110 114 -0.631781149257414132
110 129 -0.631781149257414354
110 130 -0.123621099393577141
110 281 -0.450615393338100356
110 282 0.0102573381699735018
110 297 0.0102573381699734636
110 298 0.0425989053100381265
111 7 -0.00168193224265562164
111 8 -0.0225156468764868313
111 110 0.00639267081500233866
111 111 0.0396468626961651097
111 112 -0.0235238866346806873
111 124 -0.0154492835770226045
111 125 -0.000673692484462026309
111 129 0.0178049083041403183
112 110 -0.610402700604178117
112 111 -0.0235238866346806873
112 112 2.06385035044829701
112 113 -0.345452108265552671
112 125 -0.580097502699584266
112 128 -0.285471419298957085
112 129 -0.093845085561315475
112 261 -0.00312052035986071924
112 280 -0.486017771061225012
112 281 0.0791778533466617057
112 296 0.00363546708312680912
112 297 0.281267323607268416
113 90 -0.345452108265552615
113 110 -0.0422588106602847929
113 112 -0.345452108265552671
113 113 0.828042322121137375
113 241 -0.0351650971543070665
113 260 -0.380829487594912752
113 261 -0.0351650971543070595
113 264 0.0172440012236369095
113 280 0.0172440012236368817
113 281 0.32179238452650577
114 5 -0.339149618244979745
114 8 0.0157511365061692998
114 86 0.0787577813099781116
114 87 -0.685995730123149072
114 89 0.0178049083041403183
114 90 -0.0938450855613154611
114 110 -0.631781149257414132
114 114 3.41483808150435397
114 115 -0.645540158854658985
114 130 -0.678967541290659171
114 131 -0.074885471962813685
114 282 -0.3661266269104681
114 283 -0.0159082903317538105
114 298 0.00504776491257049546
115 5 -0.00456656782220081839
115 12 -0.333631024601069748
115 86 0.122253922414641891
115 87 -0.107408590214263855
115 93 0.171809155666625191
115 94 -0.743214686375103017
115 114 -0.645540158854658985
115 115 2.94887649575819299
115 116 -0.603802131405357323
115 131 -0.571453799769209403
115 132 -0.0482877405009206548
115 283 -0.178487664212133718
115 284 -0.00654721008454210284
116 12 -0.0440143994221468896
116 16 -0.30188156954174139
116 93 0.152716540786194566
116 94 -0.116692259193041978
116 97 0.249399293462859772
116 98 -0.789912454148320009
116 115 -0.603802131405357323
116 116 2.66704663448558277
116 117 -0.565252704143296314
116 132 -0.518785132418465911
116 133 -0.0471039414136956436
116 284 -0.0784406113861195325
116 285 -0.00327726566245161149
117 16 -0.0946776441314672035
117 20 -0.260037865685882552
117 97 0.103859976237439297
117 98 -0.106408371938587765
117 101 0.28421590234505778
117 102 -0.881785526816996512
117 116 -0.565252704143296314
117 117 2.8426005438616988
117 118 -0.538941445977333067
117 133 -0.586290529203693622
117 134 -0.0804740467492708333
117 285 -0.0912730831052584179
117 286 -0.0255352046924099026
118 20 -0.167934846319416381
118 24 -0.193553931965259496
118 101 -0.0245244277722180964
118 102 -0.0146225040227909477
118 105 0.0517257159269139052
118 106 -0.878463666527357856
118 117 -0.538941445977333067
118 118 3.54168108510130208
118 121 -0.323593244256256907
118 134 -0.846820817517859425
118 135 -0.0649110697828339661
118 286 -0.239978212931202084
118 287 -0.256460438337798191
118 303 -0.0436021956178897913
120 24 -0.0230279167045481792
120 25 -0.0335015891685023978
120 120 0.0577686527750950751
120 121 -0.0343561732388780253
120 135 0.0556326732133204035
120 138 -0.0225156468764868764
121 24 -0.211013002837806773
121 105 -0.0154492835770225229
121 106 -0.148987232486252452
121 108 -0.711723868181796115
121 118 -0.323593244256256907
121 120 -0.0343561732388780253
121 121 3.22194081447621317
121 122 -0.267936271617681743
121 135 -0.968848534348460189
121 138 -0.0940445538732057884
121 287 -0.326437619705389703
121 288 -0.228310714485302491
121 303 0.134209842901448412
121 304 -0.0254501587696085441
122 108 -0.0453391958902195774
122 121 -0.267936271617681743
122 122 1.06292187571209373
122 138 -0.620882131014178773
122 272 -0.0769302839039236463
122 288 -0.388589364411636995
122 291 -0.140872572056425865
122 304 0.617598168593941343
122 305 -0.139970225411968491
124 7 -0.190975905721001371
124 29 -0.0126354886047304552
124 111 -0.0154492835770226045
124 124 0.32188057651027413
124 125 -0.177588536053254392
124 129 0.0787577813099780977
124 140 -0.097163960519894052
124 141 -0.0290791057589912458
124 144 0.122253922414641919
125 111 -0.000673692484462026309
125 112 -0.580097502699584266
125 124 -0.177588536053254392
125 125 2.97145095786657309
125 127 -0.480814319109366117
125 128 -0.0309654130660482162
125 129 -0.685995730123149072
125 141 -0.598739868878869319
125 144 -0.107408590214263855
125 296 -0.473365787169438612
125 297 0.104198438656221332
125 310 -0.0447183940029521679
125 311 0.104718437278594145
127 125 -0.480814319109366117
127 127 1.21565195687672545
127 128 -0.201442559322119047
127 141 -0.076336017750855481
127 143 -0.366089914559825869
127 293 -0.447308998738204178
127 294 -0.0400397435163436025
127 296 0.168526157605304761
127 307 -0.0849541305632195987
127 310 0.312807569077903636
128 112 -0.285471419298957085
128 125 -0.0309654130660482162
128 127 -0.201442559322119047
128 128 0.557035713599617788
128 261 -0.028006978117964744
128 276 -0.28883142279688534
128 280 0.0777034463894111516
128 293 -0.0310056111722252781
128 296 0.230984243785170684
129 7 -0.339149618244979689
129 8 0.0157511365061692998
129 110 -0.631781149257414354
129 111 0.0178049083041403183
129 112 -0.093845085561315475
129 124 0.0787577813099780977
129 125 -0.685995730123149072
129 129 3.41483808150435397
129 130 -0.678967541290659282
129 144 -0.645540158854659096
129 145 -0.0748854719628136711
129 297 -0.3661266269104681
129 298 0.00504776491257048505
129 311 -0.0159082903317538105
130 4 -0.32336157936632437
130 5 0.0908003596990101525
130 7 0.0908003596990101802
130 8 0.215706934241403803
130 110 -0.123621099393577141
130 114 -0.678967541290659171
130 129 -0.678967541290659282
130 130 2.50554834658562342
130 131 -0.510165024081051022
130 145 -0.510165024081051022
130 146 -0.0249484707257131323
130 298 -0.0526597199960119888
131 4 0.0383642037721427243
131 5 0.18322721234759709
131 11 -0.263416916215129138
131 12 0.146726397770647693
131 114 -0.074885471962813685
131 115 -0.571453799769209403
131 130 -0.510165024081051022
131 131 1.77233159691782105
131 132 -0.372020779605672536
131 146 -0.339268233375261907
131 147 -0.00943918579907098571
132 11 -0.0294926126735389933
132 12 0.124241807990687653
132 15 -0.215750590905944006
132 16 0.204539198966784408
132 115 -0.0482877405009206548
132 116 -0.518785132418465911
132 131 -0.372020779605672536
132 132 1.44236065988966455
132 133 -0.322794385296998887
132 147 -0.258013135094473656
132 148 -0.00599729035112217014
133 15 -0.0935148885939327129
133 16 0.0787208990412072013
133 19 -0.169438710924336766
133 20 0.279077703938735877
133 116 -0.0471039414136956436
133 117 -0.586290529203693622
133 132 -0.322794385296998887
133 133 1.53169999473313756
133 134 -0.365475511251201868
133 148 -0.294953339566205008
133 149 -0.00992729146301632968
134 19 -0.152457614545687403
134 20 0.0513499549493027924
134 23 -0.126331166556883312
134 24 0.364248319469817394
134 117 -0.0804740467492708333
134 118 -0.846820817517859425
134 133 -0.365475511251201868
134 134 2.1828253778387614
134 135 -0.473753129992438959
134 149 -0.51364351371632766
134 150 -0.0394678519282123663
135 23 -0.231157304454628287
135 24 0.00387662071217022286
135 25 -0.148886588143151644
135 118 -0.0649110697828339661
135 120 0.0556326732133204035
135 121 -0.968848534348460189
135 134 -0.473753129992438959
135 135 3.65611897891305127
135 138 -0.389485400822782324
135 150 -1.06976014263386987
135 152 0.176782114416847491
135 303 -0.0882059413156303512
135 304 -0.311396765528274555
135 316 -0.146005510233319397
138 25 -0.065269278927304733
138 120 -0.0225156468764868764
138 121 -0.0940445538732057884
138 122 -0.620882131014178773
138 135 -0.389485400822782324
138 138 2.62382310438631405
138 139 -0.0419827936605356236
138 152 -1.12820402963153477
138 153 -0.0197543367136276196
138 304 -0.206329901251614767
138 305 -0.403482376704716483
138 316 0.380853753669729955
138 317 -0.0127264085800568305
139 138 -0.0419827936605356236
139 139 0.108287526663210038
139 153 -0.063786456587243287
139 305 -0.0657584132930539023
139 317 0.103222889604564855
139 318 -0.0399827527269421071
140 29 -0.311383926923354759
140 42 -0.0227246148515876378
140 124 -0.097163960519894052
140 140 0.591261479380835064
140 141 -0.255543936133338367
140 144 0.171809155666625191
140 154 -0.139593235768987078
140 155 -0.0893775016364928981
140 158 0.152716540786194566
141 124 -0.0290791057589912458
141 125 -0.598739868878869319
141 127 -0.076336017750855481
141 140 -0.255543936133338367
141 141 3.35720312029641654
141 143 -0.58808927478979367
141 144 -0.743214686375103017
141 155 -0.517985252415242736
141 158 -0.116692259193041936
141 310 -0.436531373522273614
141 311 0.0932043116526927312
141 326 -0.108323186446548106
141 327 0.0201275293149486938
143 127 -0.366089914559825869
143 141 -0.58808927478979367
143 143 1.72503368699142445
143 155 -0.119989437263552892
143 157 -0.42023286939498905
143 294 -0.00274206455292421531
143 307 -0.487838418316632771
143 308 -0.145039143078829896
143 310 0.242770238963758767
143 325 -0.0966734714943450202
143 326 0.258890667495710047
144 7 -0.00456656782220081145
144 29 -0.333631024601069859
144 124 0.122253922414641919
144 125 -0.107408590214263855
144 129 -0.645540158854659096
144 140 0.171809155666625191
144 141 -0.743214686375103017
144 144 2.94887649575819299
144 145 -0.571453799769209403
144 158 -0.603802131405357434
144 159 -0.0482877405009206548
144 311 -0.178487664212133745
144 327 -0.00654721008454210284
145 4 0.0383642037721427381
145 7 0.183227212347597063
145 27 -0.263416916215129082
145 29 0.146726397770647665
145 129 -0.0748854719628136711
145 130 -0.510165024081051022
145 144 -0.571453799769209403
145 145 1.77233159691782083
145 146 -0.339268233375261907
145 159 -0.372020779605672425
145 160 -0.00943918579907098571
146 4 0.122622436684143243
146 11 0.0652907890535732865
146 27 0.0652907890535732865
146 31 -0.20025920422871793
146 130 -0.0249484707257131323
146 131 -0.339268233375261907
146 145 -0.339268233375261907
146 146 1.0206934888927599
146 147 -0.184525954974300965
146 160 -0.184525954974300938
146 161 -0.00110145203049291586
147 11 0.0828174491986704286
147 15 0.107387031824534532
147 31 -0.0177884670626481355
147 33 -0.140438112879565924
147 131 -0.00943918579907098571
147 132 -0.258013135094473656
147 146 -0.184525954974300965
147 147 0.633402771945760223
147 148 -0.130258959049539186
147 161 -0.0829943382647931327
147 162 -0.000149099844573329489
148 15 0.0387283488056077152
148 19 0.172571170511251315
148 33 -0.0895714066665030673
148 35 -0.0842431043260924717
148 132 -0.00599729035112217014
148 133 -0.294953339566205008
148 147 -0.130258959049539186
148 148 0.673859120542098622
148 149 -0.183641486317600022
148 162 -0.0964828414487573088
148 163 -1.02121331384881931e-05
149 19 -0.00411512837644234693
149 23 0.253540511416437186
149 35 -0.15837173310475422
149 37 -0.0132991746200465319
149 133 -0.00992729146301632968
149 134 -0.51364351371632766
149 148 -0.183641486317600022
149 149 1.25905408355451476
149 150 -0.342011505539938976
149 163 -0.291479752511488499
149 164 0.00389499067866270858
150 23 -0.0170218265643740999
150 25 0.31625563234230919
150 37 -0.242971209485102702
150 38 0.0119559896341929484
150 134 -0.0394678519282123663
150 135 -1.06976014263386987
150 149 -0.342011505539938976
150 150 2.86356641073314222
150 152 -0.600615451282391688
150 164 -0.914645430917923274
150 166 0.152644306583530842
150 316 -0.041729226277330625
150 330 -0.0761996946640314948
152 25 -0.124788868435240202
152 38 -0.207292766431842024
152 135 0.176782114416847491
152 138 -1.12820402963153477
152 150 -0.600615451282391688
152 152 3.74113331639147706
152 153 -0.14306941800478451
152 166 -1.18475473147465826
152 167 0.0326982138886975637
152 316 -0.171345749197649111
152 317 -0.434297852962523045
152 330 0.119917407310174626
152 331 -0.0761621845865739361
153 138 -0.0197543367136276196
153 139 -0.063786456587243287
153 152 -0.14306941800478451
153 153 0.455896079563263057
153 167 -0.208245413144468372
153 317 -0.121617653957301231
153 318 -0.021950636570428575
153 331 0.247141096248881309
153 334 -0.124613260834290779
154 42 -0.343941434223549503
154 55 -0.0205757467874101603
154 140 -0.139593235768987078
154 154 0.625980435636513732
154 155 -0.253216942886807461
154 158 0.249399293462859772
154 168 -0.0980136919219156272
154 169 -0.123898653748143184
154 172 0.103859976237439297
155 140 -0.0893775016364928981
155 141 -0.517985252415242736
155 143 -0.119989437263552892
155 154 -0.253216942886807461
155 155 3.4642192629494799
155 157 -0.624689599890012826
155 158 -0.789912454148319898
155 169 -0.455303363954357887
155 172 -0.106408371938587765
155 326 -0.408649467288009827
155 327 0.0653847675333322359
155 339 -0.157424287416799757
155 340 -0.00664735164462825802
157 143 -0.42023286939498905
157 155 -0.624689599890012826
157 157 1.81349758383947091
157 169 -0.142102334676468184
157 171 -0.368543468373192074
157 308 -0.00913173797833789075
157 320 -0.16100371616484857
157 325 -0.493150797352815029
157 326 0.320621303733661267
157 337 -0.12908822347532517
157 339 0.21382385973285678
158 29 -0.0440143994221469173
158 42 -0.301881569541741335
158 140 0.152716540786194566
158 141 -0.116692259193041936
158 144 -0.603802131405357434
158 154 0.249399293462859772
158 155 -0.789912454148319898
158 158 2.66704663448558321
158 159 -0.518785132418465911
158 172 -0.565252704143296314
158 173 -0.0471039414136956366
158 327 -0.0784406113861195325
158 340 -0.00327726566245161105
159 27 -0.0294926126735390107
159 29 0.124241807990687639
159 40 -0.215750590905944006
159 42 0.204539198966784408
159 144 -0.0482877405009206548
159 145 -0.372020779605672425
159 158 -0.518785132418465911
159 159 1.44236065988966455
159 160 -0.258013135094473545
159 173 -0.322794385296998998
159 174 -0.00599729035112216841
160 27 0.0828174491986704286
160 31 -0.0177884670626481389
160 40 0.107387031824534532
160 44 -0.140438112879565896
160 145 -0.00943918579907098571
160 146 -0.184525954974300938
160 159 -0.258013135094473545
160 160 0.633402771945760223
160 161 -0.0829943382647931327
160 174 -0.130258959049539186
160 175 -0.000149099844573329489
161 31 0.040078624339144435
161 33 0.0221023753823443893
161 44 0.0221023753823443858
161 46 -0.0766296307204060723
161 146 -0.00110145203049291586
161 147 -0.0829943382647931327
161 160 -0.0829943382647931327
161 161 0.204179607466617147
161 162 -0.0223716116449825704
161 175 -0.0223716116449825496
162 33 -0.012726645838710143
162 35 0.0832765800824051966
162 46 -0.0483529018522857595
162 48 -0.0100536714166010455
162 147 -0.000149099844573329489
162 148 -0.0964828414487573088
162 161 -0.0223716116449825704
162 162 0.216571703644806296
162 163 -0.0829266610646787472
162 176 -0.0273366820068252844
162 177 0.000551831390202702312
163 35 -0.0517754737631232892
163 37 0.142863304319566786
163 48 -0.134425068288791666
163 50 0.0949061280093734666
163 148 -1.02121331384881931e-05
163 149 -0.291479752511488499
163 162 -0.0829266610646787472
163 163 0.800170239833142283
163 164 -0.274722993365942081
163 177 -0.219978471280955712
163 178 0.0173789602460358225
164 37 -0.0571237316961113878
164 38 0.239793744616387028
164 50 -0.256989506606762397
164 51 0.164690912760619756
164 149 0.00389499067866270858
164 150 -0.914645430917923274
164 163 -0.274722993365942081
164 164 2.5156666987732712
164 166 -0.682456135293957544
164 178 -0.90510926904902278
164 180 0.2492430725269692
164 330 -0.00751229570379123752
164 343 -0.0747300567223993933
166 38 -0.107143803774120666
166 51 -0.211594313814527896
166 150 0.152644306583530842
166 152 -1.18475473147465826
166 164 -0.682456135293957544
166 166 3.944696154971576
166 167 -0.22614071359240609
166 180 -1.21303304667641321
166 181 0.0911877823421573808
166 330 -0.0297352599026120788
166 331 -0.516958771800542505
166 343 0.0371515951384950652
166 344 -0.0538630627065197626
167 152 0.0326982138886975637
167 153 -0.208245413144468372
167 166 -0.22614071359240609
167 167 0.610949486155299315
167 181 -0.175967160877991802
167 331 0.00954879425011821714
167 334 -0.0442013674955132052
167 344 0.125533127107769121
167 345 -0.12417496629150479
168 55 -0.260265442854406392
168 68 -0.00450640682480232119
168 154 -0.0980136919219156272
168 168 0.389471992647892118
168 169 -0.21918846880328155
168 172 0.28421590234505778
168 182 -0.015680963362426005
168 183 -0.0515084934538999339
168 186 -0.0245244277722181103
169 154 -0.123898653748143184
169 155 -0.455303363954357887
169 157 -0.142102334676468184
169 168 -0.21918846880328155
169 169 3.42164679574538111
169 171 -0.602505230542923043
169 172 -0.88178552681699629
169 183 -0.469802037543441409
169 186 -0.0146225040227909407
169 339 -0.404642366932411734
169 340 0.102318333556032454
169 350 -0.164974173278583602
169 351 -0.0451404689820149307
171 157 -0.368543468373192074
171 169 -0.602505230542923043
171 171 1.42469696884003949
171 183 -0.115222076258264805
171 185 -0.206382400187033022
171 320 -0.0060072017027865245
171 337 -0.453135451110579068
171 338 -0.0533294979841519717
171 339 0.41946576637737909
171 347 -0.226904461658271078
171 350 0.187867052599783091
172 42 -0.0946776441314672035
172 55 -0.260037865685882552
172 154 0.103859976237439297
172 155 -0.106408371938587765
172 158 -0.565252704143296314
172 168 0.28421590234505778
172 169 -0.88178552681699629
172 172 2.84260054386169836
172 173 -0.586290529203693511
172 186 -0.538941445977333067
172 187 -0.0804740467492708333
172 340 -0.0912730831052583902
172 351 -0.0255352046924099026
173 40 -0.0935148885939327129
173 42 0.0787208990412072152
173 53 -0.169438710924336766
173 55 0.279077703938735877
173 158 -0.0471039414136956366
173 159 -0.322794385296998998
173 172 -0.586290529203693511
173 173 1.53169999473313778
173 174 -0.294953339566205008
173 187 -0.365475511251201812
173 188 -0.00992729146301632795
174 40 0.0387283488056077152
174 44 -0.0895714066665030811
174 53 0.172571170511251287
174 57 -0.0842431043260924439
174 159 -0.00599729035112216841
174 160 -0.130258959049539186
174 173 -0.294953339566205008
174 174 0.673859120542098622
174 175 -0.0964828414487573227
174 188 -0.183641486317599995
174 189 -1.02121331384881931e-05
175 44 -0.0127266458387101447
175 46 -0.0483529018522857595
175 57 0.0832765800824051966
175 59 -0.0100536714166010264
175 160 -0.000149099844573329489
175 161 -0.0223716116449825496
175 174 -0.0964828414487573227
175 175 0.216571703644806324
175 176 -0.0273366820068252844
175 189 -0.0829266610646787611
175 190 0.000551831390202702421
176 46 -0.0757454895028441128
176 48 0.00588627436078660755
176 59 0.00588627436078660582
176 61 0.0816899172711528787
176 162 -0.0273366820068252844
176 175 -0.0273366820068252844
176 176 0.233328310294664248
176 177 -0.10086163156080033
176 190 -0.100861631560800344
176 191 0.00535134035070503403
177 48 -0.101875864764010865
177 50 0.0315203658752016835
177 61 -0.108554146704239976
177 63 0.240420126381985955
177 162 0.000551831390202702312
177 163 -0.219978471280955712
177 176 -0.10086163156080033
177 177 0.905798009196170262
177 178 -0.36312405238241019
177 191 -0.350484310094915208
177 192 0.0665881439437715772
178 50 -0.0645559992485117001
178 51 0.111569663127606702
178 63 -0.277403525369270931
178 64 0.248136810966928689
178 163 0.0173789602460358225
178 164 -0.90510926904902278
178 177 -0.36312405238241019
178 178 2.89884123525214621
178 180 -0.827012638098874486
178 192 -1.06284910348896067
178 194 0.412689586728408719
178 343 -0.0252316841174564238
178 356 -0.163329984566618486
180 51 -0.143813823949948516
180 64 -0.12041347662536947
180 164 0.2492430725269692
180 166 -1.21303304667641321
180 178 -0.827012638098874486
180 180 3.7491647806747439
180 181 -0.158829693732718769
180 194 -1.03308488296204981
180 343 0.0664406140626378899
180 344 -0.529623391642869867
180 356 -0.0256356101657690197
180 357 -0.0134019034103384227
181 166 0.0911877823421573808
181 167 -0.175967160877991802
181 180 -0.158829693732718769
181 181 0.255344892174315996
181 344 0.0907778480676044996
181 345 -0.0195191943821167516
181 357 -0.0436504952030969118
181 358 -0.0393439783881535943
182 68 -0.0366532625603181311
182 168 -0.015680963362426005
182 182 0.0531748471613881224
182 183 -0.0371170535885353703
