% 2728x2728 20048 nonzeros
4 4 0.00306524721091370848
4 5 0.000187432013927735583
4 7 0.000187432013927735583
4 8 2.24401668080157021e-05
4 11 0.000449235190527529711
4 27 0.000449235190527529711
4 31 0.00037218986696968472
4 130 0.000849152815430995124
4 131 0.000668948596475381504
4 145 0.000668948596475381395
4 146 0.000941488655534778894
5 4 0.000187432013927735583
5 5 0.00128066195263421196
5 8 3.32940498409580921e-05
5 11 0.000112084602852481158
5 12 0.000138205371600448108
5 86 1.6303920738840534e-05
5 89 1.26148437867774927e-07
5 114 0.00064850240078883248
5 115 0.000555577288085574083
5 130 0.000604273186636589978
5 131 0.00105915189256776897
7 4 0.000187432013927735583
7 7 0.00128066195263421174
7 8 3.32940498409580853e-05
7 27 0.000112084602852481158
7 29 0.000138205371600448108
7 111 1.26148437867774927e-07
7 124 1.6303920738840534e-05
7 129 0.00064850240078883248
7 130 0.00060427318663658987
7 144 0.000555577288085574083
7 145 0.00105915189256776876
8 4 2.24401668080157021e-05
8 5 3.32940498409580921e-05
8 7 3.32940498409580853e-05
8 8 0.000268791999917326722
8 89 2.13401107392986055e-07
8 110 0.000190676442068609178
8 111 2.13401107392986055e-07
8 114 0.000236953653503223737
8 129 0.000236953653503223791
8 130 0.000691719942682598142
11 4 0.000449235190527529711
11 5 0.000112084602852481158
11 11 0.0043712563338874676
11 12 0.000367332617160664315
11 15 0.000634754424912254323
11 31 0.000745379353994849716
11 33 0.000624841858455126974
11 131 0.000843992586999576556
11 132 0.000596555829133263156
11 146 0.000515994645179184905
11 147 0.000698190954849662779
12 5 0.000138205371600448108
12 11 0.000367332617160664315
12 12 0.00223113571123566713
12 15 0.000203618146886104274
12 16 0.000223504809546814153
12 86 6.00029541036157469e-06
12 93 6.07696031817982443e-05
12 115 0.000826395416876133391
12 116 0.000675638057298861617
12 131 0.000687938959373099435
12 132 0.00107497106174765438
15 11 0.000634754424912254323
15 12 0.000203618146886104274
15 15 0.00491977721057759894
15 16 0.000437546162821621557
15 19 0.000635627179222119287
15 33 0.000880973097594696711
15 35 0.000629540123256194795
15 132 0.00083248946591997009
15 133 0.000617347029411200766
15 147 0.000415452424528128003
15 148 0.000696825553866248747
16 12 0.000223504809546814153
16 15 0.000437546162821621557
16 16 0.00252965541374682024
16 19 0.000187751740017456654
16 20 0.000200397546607918595
16 93 1.57738748441156408e-05
16 97 7.32883162097361775e-05
16 116 0.000913195449381359273
16 117 0.000713238909826016112
16 132 0.000704144760336214534
16 133 0.00110578130413180212
19 15 0.000635627179222119287
19 16 0.000187751740017456654
19 19 0.00446556722317998245
19 20 0.000328182299884483832
19 23 0.000405005154840229237
19 35 0.000769501029888465093
19 37 0.000336370714668550528
19 133 0.000968738635265103888
19 134 0.000787958176335084508
19 148 0.000529262795382408444
19 149 0.00100191693801705947
20 16 0.000200397546607918595
20 19 0.000328182299884483832
20 20 0.00190801825299905144
20 23 6.8593394331038863e-05
20 24 7.35165548345164711e-05
20 97 1.01171209217316476e-05
20 101 2.8358262662322819e-05
20 117 0.000958317445149499706
20 118 0.000609176258247387243
20 133 0.000773943184208960829
20 134 0.00115955135014944219
23 19 0.000405005154840229237
23 20 6.8593394331038863e-05
23 23 0.00262876269815402698
23 24 8.93415424019349414e-05
23 25 6.32184942209090063e-05
23 37 0.000382667855863956801
23 38 3.90407347552922861e-05
23 134 0.00121124376579512727
23 135 0.000757796068847107302
23 149 0.00083707319084726044
23 150 0.00123131513365264881
24 20 7.35165548345164711e-05
24 23 8.93415424019349414e-05
24 24 0.000535603881126471212
24 25 7.18785495797646489e-07
24 101 3.64647002536456144e-07
24 105 5.16766334703942219e-07
24 118 0.000605362719126919385
24 120 7.44456406361848951e-07
24 121 7.2300170268775e-05
24 134 0.000723380031613039907
24 135 0.000659560410610344778
25 23 6.32184942209090063e-05
25 24 7.18785495797646489e-07
25 25 0.000252405714912796097
25 38 2.56920048432914621e-05
25 120 5.12860834193736138e-07
25 135 0.000458143714126430456
25 138 7.35662518034561853e-06
25 150 0.000610789119650706697
25 152 0.000209796911853233703
27 4 0.000449235190527529711
27 7 0.000112084602852481158
27 27 0.0043712563338874676
27 29 0.000367332617160664207
27 31 0.000745379353994849716
27 40 0.000634754424912254214
27 44 0.000624841858455126974
27 145 0.000843992586999576773
27 146 0.000515994645179184796
27 159 0.000596555829133263156
27 160 0.000698190954849662671
29 7 0.000138205371600448108
29 27 0.000367332617160664207
29 29 0.00223113571123566713
29 40 0.000203618146886104274
29 42 0.000223504809546814099
29 124 6.00029541036157469e-06
29 140 6.07696031817982443e-05
29 144 0.000826395416876133391
29 145 0.000687938959373099327
29 158 0.000675638057298861509
29 159 0.00107497106174765417
31 4 0.00037218986696968472
31 11 0.000745379353994849716
31 27 0.000745379353994849716
31 31 0.00590437753563658515
31 33 0.00100694212292656545
31 44 0.00100694212292656545
31 46 0.00104063056838666398
31 146 0.000633701309043547016
31 147 0.00029426848685263989
31 160 0.000294268486852639836
31 161 0.000267969752662968797
33 11 0.000624841858455126974
33 15 0.000880973097594696711
33 31 0.00100694212292656545
33 33 0.00664769266555861188
33 35 0.00104794445321078344
33 46 0.00119014008197676209
33 48 0.0010880278778591906
33 147 0.000457410624178989961
33 148 0.000261295301316226023
33 161 0.000114939953274329664
33 162 0.000220788924071376819
35 15 0.000629540123256194795
35 19 0.000769501029888465093
35 33 0.00104794445321078344
35 35 0.00638571541282135103
35 37 0.000787259343059493687
35 48 0.00109888461653253754
35 50 0.000645659528771795263
35 148 0.000588614698992873673
35 149 0.000526086316394655529
35 162 0.000216457229893853362
35 163 0.000684108976758670911
37 19 0.000336370714668550528
37 23 0.000382667855863956801
37 35 0.000787259343059493687
37 37 0.00459737606218664236
37 38 0.000251916395305937864
37 50 0.000639292142261068557
37 51 0.00011510835752253554
37 149 0.0011187481785911934
37 150 0.00094014140865810033
37 163 0.000675068837643441394
37 164 0.00123268696988570558
38 23 3.90407347552922861e-05
38 25 2.56920048432914621e-05
38 37 0.000251916395305937864
38 38 0.000978607399836900829
38 51 7.23731284986386567e-05
38 150 0.00120933933419834893
38 152 0.000174421890499976996
38 164 0.000919043644776502944
38 166 0.000565168388921013457
40 27 0.000634754424912254214
40 29 0.000203618146886104274
40 40 0.0049197772105775972
40 42 0.000437546162821621557
40 44 0.000880973097594696603
40 53 0.000635627179222119287
40 57 0.000629540123256194903
40 159 0.000832489465919970199
40 160 0.000415452424528128057
40 173 0.000617347029411200766
40 174 0.000696825553866248638
42 29 0.000223504809546814099
42 40 0.000437546162821621557
42 42 0.00252965541374682067
42 53 0.000187751740017456681
42 55 0.000200397546607918595
42 140 1.57738748441156408e-05
42 154 7.32883162097361775e-05
42 158 0.000913195449381359273
42 159 0.000704144760336214643
42 172 0.000713238909826016112
42 173 0.00110578130413180233
44 27 0.000624841858455126974
44 31 0.00100694212292656545
44 40 0.000880973097594696603
44 44 0.00664769266555861101
44 46 0.00119014008197676209
44 57 0.00104794445321078344
44 59 0.0010880278778591906
44 160 0.000457410624178989907
44 161 0.000114939953274329637
44 174 0.000261295301316226078
44 175 0.000220788924071376819
46 31 0.00104063056838666398
46 33 0.00119014008197676209
46 44 0.00119014008197676209
46 46 0.00753940840841013475
46 48 0.00125897196716805984
46 59 0.00125897196716805962
46 61 0.00114802030373459523
46 161 0.000127481862891335894
46 162 4.74087735117924029e-05
46 175 4.74087735117924029e-05
46 176 0.000160813182840410177
48 33 0.0010880278778591906
48 35 0.00109888461653253754
48 46 0.00125897196716805984
48 48 0.00737724633872510315
48 50 0.00098459534947890762
48 61 0.00116378002270441246
48 63 0.000659548371101892524
48 162 0.000236175176944030833
48 163 0.000340977994952648222
48 176 0.000153291756388226257
48 177 0.000670614591190168367
50 35 0.000645659528771795263
50 37 0.000639292142261068557
50 48 0.00098459534947890762
50 50 0.00551838339028110515
50 51 0.000340321328186637408
50 63 0.000644587694415259954
50 64 9.46823942927412106e-05
50 163 0.000982319825365417449
50 164 0.000943619324413913301
50 177 0.000685285188644421586
50 178 0.00126379116052559651
51 37 0.00011510835752253554
51 38 7.23731284986386567e-05
51 50 0.000340321328186637408
51 51 0.00125987317009362203
51 64 5.16667567597786106e-05
51 164 0.00150373541468287351
51 166 0.000291982156145522006
51 178 0.00095364563472675253
51 180 0.000544296422485374696
53 40 0.000635627179222119287
53 42 0.000187751740017456681
53 53 0.00446556722317998332
53 55 0.000328182299884483832
53 57 0.000769501029888465093
53 66 0.000405005154840229237
53 70 0.000336370714668550528
53 173 0.00096873863526510378
53 174 0.000529262795382408444
53 187 0.000787958176335084616
53 188 0.00100191693801705947
55 42 0.000200397546607918595
55 53 0.000328182299884483832
55 55 0.00190801825299905144
55 66 6.8593394331038863e-05
55 68 7.35165548345164847e-05
55 154 1.01171209217316443e-05
55 168 2.83582626623228156e-05
55 172 0.000958317445149499706
55 173 0.000773943184208960829
55 186 0.000609176258247387243
55 187 0.00115955135014944241
57 40 0.000629540123256194903
57 44 0.00104794445321078344
57 53 0.000769501029888465093
57 57 0.0063857154128213519
57 59 0.00109888461653253754
57 70 0.000787259343059493687
57 72 0.000645659528771795263
57 174 0.000588614698992873673
57 175 0.000216457229893853362
57 188 0.000526086316394655529
57 189 0.000684108976758670802
59 44 0.0010880278778591906
59 46 0.00125897196716805962
59 57 0.00109888461653253754
59 59 0.00737724633872510315
59 61 0.00116378002270441246
59 72 0.00098459534947890762
59 74 0.000659548371101892632
59 175 0.00023617517694403086
59 176 0.00015329175638822623
59 189 0.000340977994952648222
59 190 0.000670614591190168475
61 46 0.00114802030373459523
61 48 0.00116378002270441246
61 59 0.00116378002270441246
61 61 0.00713217330940841415
61 63 0.000837973926945843103
61 74 0.000837973926945843103
61 76 0.000294147846645993955
61 176 0.000383774125066080134
61 177 0.000497125773270183733
61 190 0.000497125773270183733
61 191 0.00105612261352125035
63 48 0.000659548371101892524
63 50 0.000644587694415259954
63 61 0.000837973926945843103
63 63 0.0048031705034698377
63 64 0.000174352955684756118
63 76 0.000303478239929701958
63 77 5.2602667349803755e-06
63 177 0.00128351890581915426
63 178 0.0010855011575800831
63 191 0.00100304689656638239
63 192 0.00133062542753171489
64 50 9.46823942927412106e-05
64 51 5.16667567597786106e-05
64 63 0.000174352955684756118
64 64 0.000545705006513905904
64 77 2.20853205866716523e-06
64 178 0.00123705143663201166
64 180 0.000133857530613344308
64 192 0.000560717441847380371
64 194 0.000178561551400549772
66 53 0.000405005154840229237
66 55 6.8593394331038863e-05
66 66 0.00262876269815402698
66 68 8.93415424019349279e-05
66 70 0.000382667855863956746
66 78 6.32184942209090199e-05
66 79 3.90407347552922793e-05
66 187 0.00121124376579512727
66 188 0.00083707319084726044
66 200 0.000757796068847107302
66 201 0.00123131513365264881
68 55 7.35165548345164847e-05
68 66 8.93415424019349279e-05
68 68 0.000535603881126471212
68 78 7.18785495797646489e-07
68 168 3.64647002536456144e-07
68 182 5.16766334703942114e-07
68 186 0.000605362719126919385
68 187 0.000723380031613039907
68 197 7.44456406361848845e-07
68 198 7.23001702687749864e-05
68 200 0.000659560410610344778
70 53 0.000336370714668550528
70 57 0.000787259343059493687
70 66 0.000382667855863956746
70 70 0.00459737606218664236
70 72 0.000639292142261068666
70 79 0.000251916395305937864
70 80 0.000115108357522535526
70 188 0.0011187481785911934
70 189 0.000675068837643441394
70 201 0.00094014140865810033
70 202 0.00123268696988570537
72 57 0.000645659528771795263
72 59 0.00098459534947890762
72 70 0.000639292142261068666
72 72 0.00551838339028110601
72 74 0.000644587694415259954
72 80 0.000340321328186637408
72 81 9.46823942927411835e-05
72 189 0.000982319825365417232
72 190 0.000685285188644421586
72 202 0.000943619324413913193
72 203 0.00126379116052559651
74 59 0.000659548371101892632
74 61 0.000837973926945843103
74 72 0.000644587694415259954
74 74 0.00480317050346983684
74 76 0.000303478239929702012
74 81 0.000174352955684756118
74 82 5.26026673498037296e-06
74 190 0.00128351890581915404
74 191 0.00100304689656638239
74 203 0.0010855011575800831
74 204 0.00133062542753171467
76 61 0.000294147846645993955
76 63 0.000303478239929701958
76 74 0.000303478239929702012
76 76 0.00167137521626967915
76 77 3.96289695027432173e-06
76 82 3.96289695027432003e-06
76 191 0.0018400090416590719
76 192 0.000787606133254262599
76 204 0.000787606133254262599
76 205 0.000536548127973810558
77 63 5.2602667349803755e-06
77 64 2.20853205866716523e-06
77 76 3.96289695027432173e-06
77 77 1.21287701914671147e-05
77 192 0.000138205459545710535
77 194 3.49514799084428562e-06
77 205 8.06303442339037098e-06
77 206 2.54305988093898896e-06
78 66 6.32184942209090199e-05
78 68 7.18785495797646489e-07
78 78 0.000252405714912796151
78 79 2.56920048432914621e-05
78 197 5.12860834193736032e-07
78 200 0.000458143714126430456
78 201 0.000610789119650706697
78 210 7.35662518034561853e-06
78 213 0.00020979691185323373
79 66 3.90407347552922793e-05
79 70 0.000251916395305937864
79 78 2.56920048432914621e-05
79 79 0.000978607399836900829
79 80 7.23731284986386567e-05
79 201 0.00120933933419834893
79 202 0.000919043644776502836
79 213 0.000174421890499976996
79 215 0.000565168388921013566
80 70 0.000115108357522535526
80 72 0.000340321328186637408
80 79 7.23731284986386567e-05
80 80 0.00125987317009362203
80 81 5.16667567597786106e-05
80 202 0.00150373541468287351
80 203 0.000953645634726752421
80 215 0.000291982156145521952
80 217 0.000544296422485374696
81 72 9.46823942927411835e-05
81 74 0.000174352955684756118
81 80 5.16667567597786106e-05
81 81 0.000545705006513905796
81 82 2.20853205866716523e-06
81 203 0.00123705143663201166
81 204 0.000560717441847380371
81 217 0.000133857530613344335
81 219 0.000178561551400549772
82 74 5.26026673498037296e-06
82 76 3.96289695027432003e-06
82 81 2.20853205866716523e-06
82 82 1.21287701914671147e-05
82 204 0.000138205459545710508
82 205 8.06303442339036759e-06
82 219 3.49514799084428646e-06
82 220 2.54305988093898896e-06
86 5 1.6303920738840534e-05
86 12 6.00029541036157469e-06
86 86 8.72177271527911613e-05
86 87 6.55728973534792854e-05
86 89 1.3366882550989261e-07
86 93 5.96074466514454033e-06
86 94 4.18384298599460883e-05
86 114 0.000160623481509678358
86 115 0.000389872904498719613
87 86 6.55728973534792854e-05
87 87 0.0043374670877718742
87 88 0.00026514564993109814
87 89 8.67445245266995014e-07
87 90 0.000406096145329562291
87 91 4.36049334852123377e-05
87 94 0.000725432962055965087
87 114 0.000816311277757918131
87 115 0.000759889199887219219
87 265 0.000771828988953072873
87 266 0.000560253903080919647
87 282 0.000412019439076775277
87 283 0.000321622777103511997
88 87 0.00026514564993109814
88 88 0.00108434481328973124
88 91 2.85826610563353074e-05
88 94 0.000181074214709459232
88 95 0.000112130529950294963
88 244 5.59828050819615362e-07
88 245 0.000455095327383529227
88 247 0.000387847150070343605
88 265 0.000580353994561143434
88 266 0.00106845139776508627
89 5 1.26148437867774927e-07
89 8 2.13401107392986055e-07
89 86 1.3366882550989261e-07
89 87 8.67445245266995014e-07
89 89 1.2475757047589973e-06
89 90 8.22265805409339782e-07
89 110 1.87534306496866985e-06
89 114 2.65273322801797763e-05
90 87 0.000406096145329562291
90 89 8.22265805409339782e-07
90 90 0.00249881102285566016
90 91 5.98062236349234693e-05
90 110 0.000490787806089230754
90 113 9.24291981391295531e-05
90 114 0.00053085779453227041
90 241 7.36172716322074285e-07
90 264 0.000705849612089357644
90 265 0.00063956403483007504
90 281 0.000632268420642128834
90 282 0.000904397309458467458
91 87 4.36049334852123377e-05
91 88 2.85826610563353074e-05
91 90 5.98062236349234693e-05
91 91 0.000245489179124849821
91 239 0.000110471810842686187
91 241 5.14238294489684871e-07
91 245 0.000102164744839425034
91 264 0.000251410637627175052
91 265 0.000660448417696304088
93 12 6.07696031817982443e-05
93 16 1.57738748441156408e-05
93 86 5.96074466514454033e-06
93 93 0.000306540238246179515
93 94 0.000232820543105549096
93 97 1.44505191959860567e-05
93 98 0.000113048335615971814
93 115 0.000406192870292008588
93 116 0.000687875708636970945
94 86 4.18384298599460883e-05
94 87 0.000725432962055965087
94 88 0.000181074214709459232
94 93 0.000232820543105549096
94 94 0.00520180079455709668
94 95 0.000482056188223747102
94 98 0.0008862761162456885
94 115 0.000847999917182072041
94 116 0.000686295606467508443
94 266 0.000681400577895766696
94 267 0.000406484587032293198
94 283 0.000135403331622929913
94 284 6.21775944777517859e-05
95 88 0.000112130529950294963
95 94 0.000482056188223747102
95 95 0.00194525308583424063
95 98 0.000318067371927554024
95 99 0.000181449488692298248
95 233 8.10791692879960197e-06
95 244 1.86498464831764751e-07
95 247 0.000700157416794109505
95 248 0.000559742504917582579
95 266 0.000660227006143861237
95 267 0.00109569009766637766
97 16 7.32883162097361775e-05
97 20 1.01171209217316476e-05
97 93 1.44505191959860567e-05
97 97 0.000348164117728309397
97 98 0.000289499174602577921
97 101 8.58296079222283224e-06
97 102 8.65196152579488528e-05
97 116 0.000493801015708533091
97 117 0.000685345420523899304
98 93 0.000113048335615971814
98 94 0.0008862761162456885
98 95 0.000318067371927554024
98 97 0.000289499174602577921
98 98 0.00568458925868839827
98 99 0.000567699314869413705
98 102 0.000945822590456987583
98 116 0.000846937024872593432
98 117 0.000714615646368962952
98 267 0.000605973824521438206
98 268 0.000398016595197251029
98 284 3.37282664562311703e-05
98 285 4.16273969097765567e-05
99 95 0.000181449488692298248
99 98 0.000567699314869413705
99 99 0.00219035721453632055
99 102 0.000301902186817011998
99 103 0.000158476888628686482
99 230 9.70105469286725558e-06
99 233 1.20177061064203275e-06
99 248 0.000791928239545975189
99 250 0.000576050153346567909
99 267 0.00067609217229687435
99 268 0.0011314810128370894
101 20 2.8358262662322819e-05
101 24 3.64647002536456144e-07
101 97 8.58296079222283224e-06
101 101 0.000127069856439427595
101 102 0.00013304383905978791
101 105 2.79621138964253265e-07
101 106 4.9674209994370111e-06
101 117 0.00038512945165938828
101 118 0.000313876522278716953
102 97 8.65196152579488528e-05
102 98 0.000945822590456987583
102 99 0.000301902186817011998
102 101 0.00013304383905978791
102 102 0.00590177762273291252
102 103 0.00044660182266773854
102 106 0.000784580439484019706
102 117 0.000981517902415622156
102 118 0.000927319275797348409
102 268 0.000719744647996430412
102 269 0.000618026081104692117
102 285 6.56589969288050117e-05
102 286 0.000241028789328964207
103 99 0.000158476888628686482
103 102 0.00044660182266773854
103 103 0.00156833682182889707
103 106 0.000128097097286259889
103 107 5.91007207856550726e-05
103 230 3.17734558403562856e-07
103 249 9.24038623994018775e-07
103 250 0.000742376861165413063
103 252 0.000342115269588391961
103 268 0.000742705659021829158
103 269 0.00117843451795012757
105 24 5.16766334703942219e-07
105 101 2.79621138964253265e-07
105 105 2.30557287790989314e-06
105 106 2.57160051766872631e-06
105 118 3.84512150588210678e-05
105 121 4.29225450803987673e-06
106 101 4.9674209994370111e-06
106 102 0.000784580439484019706
106 103 0.000128097097286259889
106 105 2.57160051766872631e-06
106 106 0.00458614670228003549
106 107 0.000155315230822824775
106 108 0.000290968756939910121
106 118 0.00107685142040647459
106 121 0.000527208652754506844
106 269 0.00103961428320345885
106 270 0.000859517351921158519
106 286 0.000370879463493768388
106 287 0.000993987607436492377
107 103 5.91007207856550726e-05
107 106 0.000155315230822824775
107 107 0.000463956146928364618
107 108 4.30418824080002847e-06
107 252 0.000307925683907012745
107 255 1.58242214735294789e-06
107 256 1.75693065628326626e-05
107 269 0.000696090309292735315
107 270 0.00062284246060024433
108 106 0.000290968756939910121
108 107 4.30418824080002847e-06
108 108 0.0013790002805248822
108 121 0.000366721236311277703
108 122 1.02809076940959589e-05
108 255 2.73156618502908867e-06
108 270 0.000915923822067427496
108 272 4.12266691686662586e-06
108 273 0.000139481250801155372
108 287 0.00091378628177573955
108 288 0.00102509015873438261
110 8 0.000190676442068609178
110 89 1.87534306496866985e-06
110 90 0.000490787806089230754
110 110 0.00477366783832081348
110 111 1.87534306496866943e-06
110 112 0.000490787806089230754
110 113 0.000100721168461455926
110 114 0.000828219709405826122
110 129 0.00082821970940582623
110 130 0.000654931226171771939
110 281 0.000705506146478803754
110 282 0.000323477528265681165
110 297 0.000323477528265681165
110 298 8.29696196520908534e-05
111 7 1.26148437867774927e-07
111 8 2.13401107392986055e-07
111 110 1.87534306496866943e-06
111 111 1.24757570475899752e-06
111 112 8.22265805409339782e-07
111 124 1.33668825509892583e-07
111 125 8.67445245266994908e-07
111 129 2.65273322801797763e-05
112 110 0.000490787806089230754
112 111 8.22265805409339782e-07
112 112 0.00249881102285566016
112 113 9.24291981391295531e-05
112 125 0.000406096145329562291
112 128 5.98062236349234828e-05
112 129 0.000530857794532270518
112 261 7.36172716322074285e-07
112 280 0.000705849612089357644
112 281 0.000632268420642128834
112 296 0.00063956403483007504
112 297 0.000904397309458467458
113 90 9.24291981391295531e-05
113 110 0.000100721168461455926
113 112 9.24291981391295531e-05
113 113 0.000528827407122812727
113 241 7.43251300132860181e-07
113 260 0.000229514275289973107
113 261 7.43251300132860181e-07
113 264 0.000319896336952161012
113 280 0.000319896336952161012
113 281 0.000902007644103793764
114 5 0.00064850240078883248
114 8 0.000236953653503223737
114 86 0.000160623481509678358
114 87 0.000816311277757918131
114 89 2.65273322801797763e-05
114 90 0.00053085779453227041
114 110 0.000828219709405826122
114 114 0.00506438718754180072
114 115 0.000711129846007591904
114 130 0.00062529138150691204
114 131 0.000230578214491671603
114 282 0.000294841591304195229
114 283 2.72272432480807851e-05
114 298 6.50338649980426679e-06
115 5 0.000555577288085574083
115 12 0.000826395416876133391
115 86 0.000389872904498719613
115 87 0.000759889199887219219
115 93 0.000406192870292008588
115 94 0.000847999917182072041
115 114 0.000711129846007591904
115 115 0.00450924565009682126
115 116 0.000511935279079285869
115 131 0.000329913867487376079
115 132 9.58949723577158704e-05
115 283 4.00277758018535395e-05
115 284 9.00914967908952012e-07
116 12 0.000675638057298861617
116 16 0.000913195449381359273
116 93 0.000687875708636970945
116 94 0.000686295606467508443
116 97 0.000493801015708533091
116 98 0.000846937024872593432
116 115 0.000511935279079285869
116 116 0.0040907687297403279
116 117 0.000498744307281841106
116 132 0.000229720832194636949
116 133 8.05706063307356563e-05
116 284 3.67924576847572702e-06
116 285 8.10570739280412023e-08
117 16 0.000713238909826016112
117 20 0.000958317445149499706
117 97 0.000685345420523899304
117 98 0.000714615646368962952
117 101 0.00038512945165938828
117 102 0.000981517902415622156
117 116 0.000498744307281841106
117 117 0.00469673493802074456
117 118 0.000751441419187301668
117 133 0.000282442044225234522
117 134 0.000174601603852626597
117 285 5.10422529848760156e-06
117 286 2.09608158493738578e-06
118 20 0.000609176258247387243
118 24 0.000605362719126919385
118 101 0.000313876522278716953
118 102 0.000927319275797348409
118 105 3.84512150588210678e-05
118 106 0.00107685142040647459
118 117 0.000751441419187301668
118 118 0.00673818040229594642
118 121 0.00122763190499174872
118 134 0.000612355313656562828
118 135 0.000771522243084447066
118 286 9.17548711909541508e-05
118 287 0.000184800705921176812
118 303 1.92617070954347462e-05
120 24 7.44456406361848951e-07
120 25 5.12860834193736138e-07
120 120 3.30510315369297949e-06
120 121 5.3248884142831404e-06
120 135 4.96252944232966967e-05
120 138 3.28435668833820656e-06
121 24 7.2300170268775e-05
121 105 4.29225450803987673e-06
121 106 0.000527208652754506844
121 108 0.000366721236311277703
121 118 0.00122763190499174872
121 120 5.3248884142831404e-06
121 121 0.00621975926941327126
121 122 0.000343088451118149745
121 135 0.00130090720381602788
121 138 0.000521029469895894874
121 287 0.000903309081621261867
121 288 0.00097672318749370793
121 303 0.000142473034656353853
121 304 0.00101634119927463892
122 108 1.02809076940959589e-05
122 121 0.000343088451118149745
122 122 0.000971254158986330782
122 138 0.000195246758776407639
122 272 3.10736057685188584e-06
122 288 0.000903707180391744415
122 291 2.80449728883496221e-05
122 304 0.00102172904259473837
122 305 0.000519720057620681871
124 7 1.6303920738840534e-05
124 29 6.00029541036157469e-06
124 111 1.33668825509892583e-07
124 124 8.72177271527911884e-05
124 125 6.5572897353479299e-05
124 129 0.000160623481509678358
124 140 5.96074466514454033e-06
124 141 4.18384298599461019e-05
124 144 0.000389872904498719613
125 111 8.67445245266994908e-07
125 112 0.000406096145329562291
125 124 6.5572897353479299e-05
125 125 0.0043374670877718742
125 127 0.000265145649931098194
125 128 4.36049334852123377e-05
125 129 0.00081631127775791824
125 141 0.000725432962055965087
125 144 0.000759889199887219435
125 296 0.000771828988953072981
125 297 0.000412019439076775223
125 310 0.000560253903080919864
125 311 0.000321622777103512051
127 125 0.000265145649931098194
127 127 0.00108434481328973124
127 128 2.85826610563353074e-05
127 141 0.000181074214709459232
127 143 0.000112130529950294963
127 293 0.000455095327383529282
127 294 5.59828050819615256e-07
127 296 0.000580353994561143434
127 307 0.000387847150070343605
127 310 0.00106845139776508627
128 112 5.98062236349234828e-05
128 125 4.36049334852123377e-05
128 127 2.85826610563353074e-05
128 128 0.000245489179124849821
128 261 5.14238294489684871e-07
128 276 0.000110471810842686187
128 280 0.000251410637627175106
128 293 0.000102164744839425034
128 296 0.000660448417696304088
129 7 0.00064850240078883248
129 8 0.000236953653503223791
129 110 0.00082821970940582623
129 111 2.65273322801797763e-05
129 112 0.000530857794532270518
129 124 0.000160623481509678358
129 125 0.00081631127775791824
129 129 0.00506438718754180072
129 130 0.00062529138150691204
129 144 0.000711129846007591904
129 145 0.000230578214491671603
129 297 0.000294841591304195229
129 298 6.50338649980426679e-06
129 311 2.72272432480807918e-05
130 4 0.000849152815430995124
130 5 0.000604273186636589978
130 7 0.00060427318663658987
130 8 0.000691719942682598142
130 110 0.000654931226171771939
130 114 0.00062529138150691204
130 129 0.00062529138150691204
130 130 0.00360150325072801369
130 131 0.000253876586690550085
130 145 0.000253876586690550085
130 146 3.75538134618658311e-05
130 298 4.11387034555396041e-06
131 4 0.000668948596475381504
131 5 0.00105915189256776897
131 11 0.000843992586999576556
131 12 0.000687938959373099435
131 114 0.000230578214491671603
131 115 0.000329913867487376079
131 130 0.000253876586690550085
131 131 0.00209545428998247386
131 132 0.000117716611851665249
131 146 7.70669284269872375e-05
131 147 7.16926705214561982e-06
132 11 0.000596555829133263156
132 12 0.00107497106174765438
132 15 0.00083248946591997009
132 16 0.000704144760336214534
132 115 9.58949723577158704e-05
132 116 0.000229720832194636949
132 131 0.000117716611851665249
132 132 0.00150107778873896538
132 133 9.59892094448400169e-05
132 147 3.14594522422642042e-05
132 148 3.84433774447527558e-06
133 15 0.000617347029411200766
133 16 0.00110578130413180212
133 19 0.000968738635265103888
133 20 0.000773943184208960829
133 116 8.05706063307356563e-05
133 117 0.000282442044225234522
133 132 9.59892094448400169e-05
133 133 0.0017465539041808789
133 134 0.000177604944706543424
133 148 3.97081173990396542e-05
133 149 1.29643492226068616e-05
134 19 0.000787958176335084508
134 20 0.00115955135014944219
134 23 0.00121124376579512727
134 24 0.000723380031613039907
134 117 0.000174601603852626597
134 118 0.000612355313656562828
134 133 0.000177604944706543424
134 134 0.00333182268275243306
134 135 0.000604062324603521733
134 149 0.000150827229170640145
134 150 0.000132390479925166527
135 23 0.000757796068847107302
135 24 0.000659560410610344778
135 25 0.000458143714126430456
135 118 0.000771522243084447066
135 120 4.96252944232966967e-05
135 121 0.00130090720381602788
135 134 0.000604062324603521733
135 135 0.00754565785285278914
135 138 0.00125502263636298505
135 150 0.000799973129700415385
135 152 0.00112683103860720664
135 303 1.98669750476372851e-05
135 304 0.000248625912105458204
135 316 0.000146323207729382457
138 25 7.35662518034561853e-06
138 120 3.28435668833820656e-06
138 121 0.000521029469895894874
138 122 0.000195246758776407639
138 135 0.00125502263636298505
138 138 0.0045355192752615436
138 139 1.14207545155749095e-05
138 152 0.000842571229974569194
138 153 1.38999442147382351e-05
138 304 0.0014652423386330275
138 305 0.000767369784194511361
138 316 0.000670061420870822141
138 317 0.00144348102423643766
139 138 1.14207545155749095e-05
139 139 1.30641338047766956e-05
139 153 1.32249983061428275e-06
139 305 3.00991520102388158e-05
139 317 0.00013379940971143623
139 318 3.3068746739643779e-06
140 29 6.07696031817982443e-05
140 42 1.57738748441156408e-05
140 124 5.96074466514454033e-06
140 140 0.000306540238246179515
140 141 0.000232820543105549069
140 144 0.000406192870292008479
140 154 1.44505191959860567e-05
140 155 0.000113048335615971801
140 158 0.000687875708636970836
141 124 4.18384298599461019e-05
141 125 0.000725432962055965087
141 127 0.000181074214709459232
141 140 0.000232820543105549069
141 141 0.00520180079455709668
141 143 0.000482056188223747156
141 144 0.000847999917182071933
141 155 0.000886276116245688608
141 158 0.000686295606467508552
141 310 0.000681400577895766696
141 311 0.00013540333162292994
141 326 0.000406484587032293198
141 327 6.21775944777517995e-05
143 127 0.000112130529950294963
143 141 0.000482056188223747156
143 143 0.00194525308583424063
143 155 0.000318067371927554078
143 157 0.000181449488692298248
143 294 1.86498464831764751e-07
143 307 0.000700157416794109505
143 308 8.10791692879960197e-06
143 310 0.000660227006143861237
143 325 0.000559742504917582471
143 326 0.00109569009766637766
144 7 0.000555577288085574083
144 29 0.000826395416876133391
144 124 0.000389872904498719613
144 125 0.000759889199887219435
144 129 0.000711129846007591904
144 140 0.000406192870292008479
144 141 0.000847999917182071933
144 144 0.00450924565009682213
144 145 0.000329913867487376079
144 158 0.00051193527907928576
144 159 9.58949723577158568e-05
144 311 4.00277758018535463e-05
144 327 9.00914967908952012e-07
145 4 0.000668948596475381395
145 7 0.00105915189256776876
145 27 0.000843992586999576773
145 29 0.000687938959373099327
145 129 0.000230578214491671603
145 130 0.000253876586690550085
145 144 0.000329913867487376079
145 145 0.0020954542899824743
145 146 7.70669284269872375e-05
145 159 0.000117716611851665208
145 160 7.16926705214561897e-06
146 4 0.000941488655534778894
146 11 0.000515994645179184905
146 27 0.000515994645179184796
146 31 0.000633701309043547016
146 130 3.75538134618658311e-05
146 131 7.70669284269872375e-05
146 145 7.70669284269872375e-05
146 146 0.000786626329089657773
146 147 1.60023738062338679e-05
146 160 1.60023738062338645e-05
146 161 2.33165525372541193e-07
147 11 0.000698190954849662779
147 15 0.000415452424528128003
147 31 0.00029426848685263989
147 33 0.000457410624178989961
147 131 7.16926705214561982e-06
147 132 3.14594522422642042e-05
147 146 1.60023738062338679e-05
147 147 0.000332043769303018931
147 148 7.98408429421062609e-06
147 161 1.39594130886608925e-06
147 162 1.94610790488608772e-08
148 15 0.000696825553866248747
148 19 0.000529262795382408444
148 33 0.000261295301316226023
148 35 0.000588614698992873673
148 132 3.84433774447527558e-06
148 133 3.97081173990396542e-05
148 147 7.98408429421062609e-06
148 148 0.000395693827192928704
148 149 2.51262832157640492e-05
148 162 1.8819923948292193e-06
148 163 4.41509336452795717e-07
149 19 0.00100191693801705947
149 23 0.00083707319084726044
149 35 0.000526086316394655529
149 37 0.0011187481785911934
149 133 1.29643492226068616e-05
149 134 0.000150827229170640145
149 148 2.51262832157640492e-05
149 149 0.00131472597852203823
149 150 0.000192509724354640474
149 163 3.4602438173650858e-05
149 164 2.63083230717527401e-05
150 23 0.00123131513365264881
150 25 0.000610789119650706697
150 37 0.00094014140865810033
150 38 0.00120933933419834893
150 134 0.000132390479925166527
150 135 0.000799973129700415385
150 149 0.000192509724354640474
150 150 0.00514004937268654032
150 152 0.0012835964045210264
150 164 0.000421056305441496533
150 166 0.000876009100293489952
150 316 4.23035676747575613e-06
150 330 1.05444531814809071e-05
152 25 0.000209796911853233703
152 38 0.000174421890499976996
152 135 0.00112683103860720664
152 138 0.000842571229974569194
152 150 0.0012835964045210264
152 152 0.00785982420115190553
152 153 0.000215506929481334341
152 166 0.00133030163182400966
152 167 0.000121709453504367546
152 316 0.000517531114989473674
152 317 0.00124667918409657381
152 330 0.000182034200174363358
152 331 0.00145538517563056349
153 138 1.38999442147382351e-05
153 139 1.32249983061428275e-06
153 152 0.000215506929481334341
153 153 0.000222987219962762182
153 167 1.18066758459886657e-05
153 317 0.000551405403237644485
153 318 1.76720806582368398e-06
153 331 0.000583859233170272093
153 334 4.14581377205659984e-05
154 42 7.32883162097361775e-05
154 55 1.01171209217316443e-05
154 140 1.44505191959860567e-05
154 154 0.000348164117728309397
154 155 0.000289499174602577921
154 158 0.000493801015708533091
154 168 8.58296079222283054e-06
154 169 8.65196152579488257e-05
154 172 0.000685345420523899196
155 140 0.000113048335615971801
155 141 0.000886276116245688608
155 143 0.000318067371927554078
155 154 0.000289499174602577921
155 155 0.00568458925868839827
155 157 0.000567699314869413705
155 158 0.000846937024872593432
155 169 0.000945822590456987583
155 172 0.000714615646368962952
155 326 0.000605973824521438206
155 327 3.3728266456231177e-05
155 339 0.000398016595197251029
155 340 4.16273969097765499e-05
157 143 0.000181449488692298248
157 155 0.000567699314869413705
157 157 0.00219035721453632055
157 169 0.000301902186817012053
157 171 0.000158476888628686482
157 308 1.20177061064203275e-06
157 320 9.70105469286725558e-06
157 325 0.000791928239545975189
157 326 0.000676092172296874567
157 337 0.000576050153346567909
157 339 0.0011314810128370894
158 29 0.000675638057298861509
158 42 0.000913195449381359273
158 140 0.000687875708636970836
158 141 0.000686295606467508552
158 144 0.00051193527907928576
158 154 0.000493801015708533091
158 155 0.000846937024872593432
158 158 0.00409076872974032876
158 159 0.000229720832194636949
158 172 0.000498744307281841106
158 173 8.05706063307356563e-05
158 327 3.67924576847572787e-06
158 340 8.10570739280412023e-08
159 27 0.000596555829133263156
159 29 0.00107497106174765417
159 40 0.000832489465919970199
159 42 0.000704144760336214643
159 144 9.58949723577158568e-05
159 145 0.000117716611851665208
159 158 0.000229720832194636949
159 159 0.00150107778873896538
159 160 3.14594522422642042e-05
159 173 9.59892094448400304e-05
159 174 3.84433774447527473e-06
160 27 0.000698190954849662671
160 31 0.000294268486852639836
160 40 0.000415452424528128057
160 44 0.000457410624178989907
160 145 7.16926705214561897e-06
160 146 1.60023738062338645e-05
160 159 3.14594522422642042e-05
160 160 0.000332043769303018931
160 161 1.39594130886608904e-06
160 174 7.9840842942106244e-06
160 175 1.94610790488608772e-08
161 31 0.000267969752662968797
161 33 0.000114939953274329664
161 44 0.000114939953274329637
161 46 0.000127481862891335894
161 146 2.33165525372541193e-07
161 147 1.39594130886608925e-06
161 160 1.39594130886608904e-06
161 161 3.57026681187799642e-05
161 162 9.52358801061603149e-08
161 175 9.52358801061603149e-08
162 33 0.000220788924071376819
162 35 0.000216457229893853362
162 46 4.74087735117924029e-05
162 48 0.000236175176944030833
162 147 1.94610790488608772e-08
162 148 1.8819923948292193e-06
162 161 9.52358801061603149e-08
162 162 4.49609906064447291e-05
162 163 2.31162993353305443e-06
162 176 1.41204492800571241e-07
162 177 3.9118064874315429e-08
163 35 0.000684108976758670911
163 37 0.000675068837643441394
163 48 0.000340977994952648222
163 50 0.000982319825365417449
163 148 4.41509336452795717e-07
163 149 3.4602438173650858e-05
163 162 2.31162993353305443e-06
163 163 0.00060281089014456511
163 164 8.7471102751922222e-05
163 177 1.91539828375013302e-05
163 178 1.60106261731363363e-05
164 37 0.00123268696988570558
164 38 0.000919043644776502944
164 50 0.000943619324413913301
164 51 0.00150373541468287351
164 149 2.63083230717527401e-05
164 150 0.000421056305441496533
164 163 8.7471102751922222e-05
164 164 0.00419161829682301694
164 166 0.00115677022895789875
164 178 0.000406816821900990954
164 180 0.000898118124325086083
164 330 2.15664674379609331e-07
164 343 9.90844094208782921e-06
166 38 0.000565168388921013457
166 51 0.000291982156145522006
166 150 0.000876009100293489952
166 152 0.00133030163182400966
166 164 0.00115677022895789875
166 166 0.00876555362467997153
166 167 0.000383392644323232441
166 180 0.00136943508778259002
166 181 9.29469112775902536e-05
166 330 0.000136209683870537574
166 331 0.00117913065872770847
166 343 0.000143695352950150523
166 344 0.00148971420960736321
167 152 0.000121709453504367546
167 153 1.18066758459886657e-05
167 166 0.000383392644323232441
167 167 0.000366580961909373365
167 181 5.84278878642837248e-06
167 331 0.000935368011633869547
167 334 8.39117149933207616e-06
167 344 0.000587171492639661967
167 345 4.09591357200229738e-05
168 55 2.83582626623228156e-05
168 68 3.64647002536456144e-07
168 154 8.58296079222283054e-06
168 168 0.000127069856439427622
168 169 0.00013304383905978791
168 172 0.000385129451659388172
168 182 2.79621138964253212e-07
168 183 4.96742099943701195e-06
168 186 0.000313876522278717007
169 154 8.65196152579488257e-05
169 155 0.000945822590456987583
169 157 0.000301902186817012053
169 168 0.00013304383905978791
169 169 0.00590177762273291339
169 171 0.00044660182266773854
169 172 0.000981517902415622156
169 183 0.000784580439484019706
169 186 0.000927319275797348517
169 339 0.000719744647996430412
169 340 6.56589969288050117e-05
169 350 0.000618026081104692117
169 351 0.000241028789328964207
171 157 0.000158476888628686482
171 169 0.00044660182266773854
171 171 0.00156833682182889685
171 183 0.000128097097286259862
171 185 5.91007207856550658e-05
171 320 3.17734558403562856e-07
171 337 0.000742376861165413172
171 338 9.24038623994018775e-07
171 339 0.000742705659021829267
171 347 0.000342115269588392015
171 350 0.00117843451795012757
172 42 0.000713238909826016112
172 55 0.000958317445149499706
172 154 0.000685345420523899196
172 155 0.000714615646368962952
172 158 0.000498744307281841106
172 168 0.000385129451659388172
172 169 0.000981517902415622156
172 172 0.0046967349380207437
172 173 0.000282442044225234468
172 186 0.00075144141918730156
172 187 0.000174601603852626624
172 340 5.10422529848760156e-06
172 351 2.09608158493738578e-06
173 40 0.000617347029411200766
173 42 0.00110578130413180233
173 53 0.00096873863526510378
173 55 0.000773943184208960829
173 158 8.05706063307356563e-05
173 159 9.59892094448400304e-05
173 172 0.000282442044225234468
173 173 0.00174655390418087869
173 174 3.97081173990396542e-05
173 187 0.000177604944706543424
173 188 1.29643492226068616e-05
174 40 0.000696825553866248638
174 44 0.000261295301316226078
174 53 0.000529262795382408444
