% 2728x2728 32744 nonzeros
1 1 0.00658742772748710948
1 2 0.000594984784228023891
1 3 0.00110886407347701135
1 4 -0.0039795173243280706
1 5 -0.000440545364676543877
1 6 0.000594984765279707667
1 7 -0.000440539062581156719
1 8 -0.00402565959888608136
2 1 0.000594984784228023891
2 2 0.00825221180481942873
2 3 0.000595554306701304853
2 4 -0.00172025308955397679
2 5 -0.00608417617796421124
2 9 0.000447848886856135877
2 10 0.000993796675602433288
2 11 -0.00323442148657936265
2 12 0.000154454295890225782
3 1 0.00110886407347701135
3 2 0.000595554306701304853
3 3 0.013240139088119756
3 4 -0.0132411147123701282
3 6 0.000595556955581083352
3 10 0.00019291527699785764
3 11 -0.000480910487052637779
3 26 0.000192910348716285361
3 27 -0.00048089695938097703
3 30 0.000779531734904962922
3 31 -0.00250254962569451851
4 1 -0.0039795173243280706
4 2 -0.00172025308955397679
4 3 -0.0132411147123701282
4 4 0.0280097955715482572
4 5 0.00141690468282804809
4 6 -0.00172026631145125414
4 7 0.00141690916480554209
4 8 0.00248545719913426458
4 11 0.000699500850345325656
4 27 0.000699491082183537971
4 31 0.00195940120049669774
4 130 -0.0122234202713362577
4 131 -0.000493207783470044981
4 145 -0.000493192823744491608
4 146 -0.00281648743508744383
5 1 -0.000440545364676543877
5 2 -0.00608417617796421124
5 4 0.00141690468282804809
5 5 0.0159616636843932583
5 8 0.000378061257921915661
5 11 0.00233308869813260433
5 12 -0.000410183732934193425
5 86 0.000650535102979959241
5 89 0.00119790192147879791
5 114 -0.0100479063592122855
5 115 0.000468382557375927899
5 130 -0.00182164369646408732
5 131 -0.00360208257385918841
6 1 0.000594984765279707667
6 3 0.000595556955581083352
6 4 -0.00172026631145125414
6 6 0.00825221507321850095
6 7 -0.00608417519219673839
6 26 0.000993797060461534473
6 27 -0.00323442047174432937
6 28 0.000447847536545768993
6 29 0.000154460584305728078
7 1 -0.000440539062581156719
7 4 0.00141690916480554209
7 6 -0.00608417519219673839
7 7 0.0159616638123527763
7 8 0.000378055411610987507
7 27 0.00233308948396592289
7 29 -0.000410193038285472985
7 111 0.00119790230792801863
7 124 0.000650534853531619436
7 129 -0.0100479039420500946
7 130 -0.00182165817945855271
7 144 0.000468395619889691638
7 145 -0.00360208123951253917
8 1 -0.00402565959888608136
8 4 0.00248545719913426458
8 5 0.000378061257921915661
8 7 0.000378055411610987507
8 8 0.0125795424477239941
8 89 0.00057583321146976443
8 109 0.00115617682787055257
8 110 -0.00825607944051711534
8 111 0.000575833572906942902
8 114 -0.000724670584322304801
8 129 -0.000724657477888163907
8 130 -0.00439789282702475817
9 2 0.000447848886856135877
9 9 0.00902698917570313002
9 10 0.000777844970808449121
9 11 -0.00274367097834155374
9 12 -0.00690532725383648325
9 13 0.000109561856349884792
9 14 0.000849240217848967077
9 15 -0.00235048034524723299
9 16 0.000787993469858701062
10 2 0.000993796675602433288
10 3 0.00019291527699785764
10 9 0.000777844970808449121
10 10 0.0148384005026438899
10 11 -0.0150861795005817964
10 14 -0.000508928750652963362
10 15 0.000867277071073152854
10 30 0.000455160031991552825
10 31 -0.00141830181894817085
10 32 0.000532940497173318116
10 33 -0.00164492495610772454
11 2 -0.00323442148657936265
11 3 -0.000480910487052637779
11 4 0.000699500850345325656
11 5 0.00233308869813260433
11 9 -0.00274367097834155374
11 10 -0.0150861795005817964
11 11 0.0314286551203199135
11 12 0.00176946286102261201
11 15 -0.000714290093598737505
11 31 0.00124717054365709561
11 33 0.00149450249324970192
11 131 -0.0142736602731799375
11 132 0.000981942201195255089
11 146 -0.00156628864531880999
11 147 -0.00185490130326966584
12 2 0.000154454295890225782
12 5 -0.000410183732934193425
12 9 -0.00690532725383648325
12 11 0.00176946286102261201
12 12 0.0186116902549879268
12 15 0.00210247893026619271
12 16 -0.00165549631763928055
12 86 0.00121485704096328676
12 93 0.000720480758581226819
12 115 -0.0117442043069429219
12 116 0.00175531808204693572
12 131 -0.00299788233007112007
12 132 -0.00261564828233440535
13 9 0.000109561856349884792
13 13 0.0099551436049919468
13 14 0.000954331072996160001
13 15 -0.00374827653771887554
13 16 -0.00757893076661188443
13 17 -0.000405058598758958346
13 18 0.000683779586792023636
13 19 -0.00138411377924124268
13 20 0.00141356356120094472
14 9 0.000849240217848967077
14 10 -0.000508928750652963362
14 13 0.000954331072996160001
14 14 0.0166743180853982272
14 15 -0.0166278368972671495
14 18 -0.00147530653388103575
14 19 0.00222679665319340742
14 32 0.00072346955762646228
14 33 -0.00236698743419036517
14 34 0.00027073669656410966
14 35 -0.000719832667635817618
15 9 -0.00235048034524723299
15 10 0.000867277071073152854
15 11 -0.000714290093598737505
15 12 0.00210247893026619271
15 13 -0.00374827653771887554
15 14 -0.0166278368972671495
15 15 0.0353337621346748246
15 16 0.00209229600878146384
15 19 -0.00275727114042029903
15 33 0.00179100001368801671
15 35 0.000972598654224084277
15 132 -0.015978354270549066
15 133 0.00247141003049208916
15 147 -0.00265758967738305646
15 148 -0.000796723881015405644
16 9 0.000787993469858701062
16 12 -0.00165549631763928055
16 13 -0.00757893076661188443
16 15 0.00209229600878146384
16 16 0.0216678255665930276
16 19 0.00180686954646428182
16 20 -0.00328547437077769634
16 93 0.00120189480903181399
16 97 0.000780122764964606805
16 116 -0.0131774880820997257
16 117 0.00302617449569567327
16 132 -0.0041516960970529879
16 133 -0.00151409102720799233
17 13 -0.000405058598758958346
17 17 0.0109716209065963584
17 18 0.00111235297383673439
17 19 -0.00465784291289217823
17 20 -0.00805146704310259059
17 21 -0.00105575982150502208
17 22 0.000508940459937798394
17 23 -0.000406905573016775029
17 24 0.00198411960890463278
18 13 0.000683779586792023636
18 14 -0.00147530653388103575
18 17 0.00111235297383673439
18 18 0.0186157178912231339
18 19 -0.0177380433139784702
18 22 -0.00263117883519012503
18 23 0.00349378086549899727
18 34 0.000978216085661384738
18 35 -0.00325217884855344853
18 36 1.21813813365185663e-05
18 37 0.000200678747254283711
19 13 -0.00138411377924124268
19 14 0.00222679665319340742
19 15 -0.00275727114042029903
19 16 0.00180686954646428182
19 17 -0.00465784291289217823
19 18 -0.0177380433139784702
19 19 0.0394073634651695842
19 20 0.00235684376003415189
19 23 -0.00525075147428527133
19 35 0.00228226796961422413
19 37 0.000439382673974537735
19 133 -0.0171594669334152045
19 134 0.00383224191820300941
19 148 -0.00365829375660893692
19 149 0.000254017324188404627
20 13 0.00141356356120094472
20 16 -0.00328547437077769634
20 17 -0.00805146704310259059
20 19 0.00235684376003415189
20 20 0.0248886082989780606
20 23 0.00147071519839377628
20 24 -0.00515950033699558684
20 97 0.001157667978397611
20 101 0.000824149702167857969
20 117 -0.0142102922179971475
20 118 0.00416787181407229229
20 133 -0.00517357567238949968
20 134 -0.000399110671982174812
21 17 -0.00105575982150502208
21 21 0.00832125286057079985
21 22 0.0016634388845262174
21 23 -0.00541026483711950362
21 24 -0.00454316543870652602
21 25 0.00102449835223403251
22 17 0.000508940459937798394
22 18 -0.00263117883519012503
22 21 0.0016634388845262174
22 22 0.0189321330035000859
22 23 -0.0183536529945880315
22 25 0.00216466649940719961
22 36 0.00139416778113583568
22 37 -0.00400913740801773187
22 38 0.000330622609288752081
23 17 -0.000406905573016775029
23 18 0.00349378086549899727
23 19 -0.00525075147428527133
23 20 0.00147071519839377628
23 21 -0.00541026483711950362
23 22 -0.0183536529945880315
23 23 0.0433081399152832613
23 24 0.0025437461748008235
23 25 -0.00795461426586325723
23 37 0.00268095196682848012
23 38 -6.05608112473500883e-05
23 134 -0.017737555736797278
23 135 0.00495394728630765661
23 149 -0.00447764754147781437
23 150 0.0012006718272822947
24 17 0.00198411960890463278
24 20 -0.00515950033699558684
24 21 -0.00454316543870652602
24 23 0.0025437461748008235
24 24 0.0231095567514992759
24 25 -0.000127739396195762156
24 101 0.00108545043731800598
24 105 0.000848873117565972462
24 118 -0.0147754563786738416
24 120 -0.00471431519592756254
24 121 0.0050959267432738875
24 134 -0.00597839237777535518
24 135 0.000630896290912038747
25 21 0.00102449835223403251
25 22 0.00216466649940719961
25 23 -0.00795461426586325723
25 24 -0.000127739396195762156
25 25 0.0237603230888182859
25 38 0.0010989385050798493
25 120 0.00128200144130242088
25 135 -0.0177449694343466378
25 137 -0.00579282792462599769
25 138 0.00578417038096440319
25 150 -0.00506804918567196026
25 151 -0.000406770881199991973
25 152 0.001980372820097419
26 3 0.000192910348716285361
26 6 0.000993797060461534473
26 26 0.0148384024920138087
26 27 -0.015086176550804407
26 28 0.000777847112873532266
26 30 0.000455164593742950186
26 31 -0.00141831627994456816
26 39 -0.000508935793464154371
26 40 0.00086729015125414392
26 43 0.000532940982281540263
26 44 -0.00164492411713066267
27 3 -0.00048089695938097703
27 4 0.000699491082183537971
27 6 -0.00323442047174432937
27 7 0.00233308948396592289
27 26 -0.015086176550804407
27 27 0.031428659297330408
27 28 -0.0027436847206918696
27 29 0.00176946601469372879
27 31 0.00124717931571302946
27 40 -0.000714304863511784995
27 44 0.00149450350520860097
27 145 -0.0142736567058649906
27 146 -0.00156630484144959156
27 159 0.000981956605870809877
27 160 -0.00185490019151807791
28 6 0.000447847536545768993
28 26 0.000777847112873532266
28 27 -0.0027436847206918696
28 28 0.00902699367942766569
28 29 -0.0069053247409575861
28 39 0.000849241046866231093
28 40 -0.00235047853641916042
28 41 0.000109559242333173099
28 42 0.0007879993800222468
29 6 0.000154460584305728078
29 7 -0.000410193038285472985
29 27 0.00176946601469372879
29 28 -0.0069053247409575861
29 29 0.0186116933002100915
29 40 0.00210248062604545018
29 42 -0.00165550862347860293
29 124 0.00121485784936110615
29 140 0.000720479827025799729
29 144 -0.0117441986374236199
29 145 -0.00299789745712533348
29 158 0.00175533020507136141
29 159 -0.00261564590944264814
30 3 0.000779531734904962922
30 10 0.000455160031991552825
30 26 0.000455164593742950186
30 30 0.0163854038672065182
30 31 -0.0171710117713907012
30 32 -0.000178318028988007696
30 33 5.27609729405937352e-05
30 43 -0.000178324929862698581
30 44 5.2775364162690612e-05
30 45 0.000182629771289610944
30 46 -0.000835771605997470105
31 3 -0.00250254962569451851
31 4 0.00195940120049669774
31 10 -0.00141830181894817085
31 11 0.00124717054365709561
31 26 -0.00141831627994456816
31 27 0.00124717931571302946
31 30 -0.0171710117713907012
31 31 0.0347377514168360907
31 33 -2.08225703689227039e-06
31 44 -2.09661260766132358e-06
31 46 0.000785552126983176486
31 146 -0.0166494921025989243
31 147 6.75192475418753867e-05
31 160 6.75354290527006721e-05
31 161 -0.000948258812059228347
32 10 0.000532940497173318116
32 14 0.00072346955762646228
32 30 -0.000178318028988007696
32 32 0.0181360601666472887
32 33 -0.0188968755612243036
32 34 -0.00109256946448229014
32 35 0.00156119092127720519
32 45 0.000178542589275678667
32 46 -0.000807280347810661195
32 47 -0.00017649630629573953
32 48 1.93359768010531463e-05
33 10 -0.00164492495610772454
33 11 0.00149450249324970192
33 14 -0.00236698743419036517
33 15 0.00179100001368801671
33 30 5.27609729405937352e-05
33 31 -2.08225703689227039e-06
33 32 -0.0188968755612243036
33 33 0.0384464595112826366
33 35 -0.00192594124594232621
33 46 0.000755619268418714681
33 48 3.28148349072518425e-05
33 147 -0.0186023642449682364
33 148 0.00175379097511928249
33 161 -0.000912649540288454678
33 162 2.48771701521056747e-05
34 14 0.00027073669656410966
34 18 0.000978216085661384738
34 32 -0.00109256946448229014
34 34 0.0199580789309809076
34 35 -0.0201139427713270709
34 36 -0.00221355634815709103
34 37 0.00298728681988143056
34 47 0.000535571316039028049
34 48 -0.001644521646697135
34 49 -0.00051736674426230045
34 50 0.000852067125799025574
35 14 -0.000719832667635817618
35 15 0.000972598654224084277
35 18 -0.00325217884855344853
35 19 0.00228226796961422413
35 32 0.00156119092127720519
35 33 -0.00192594124594232621
35 34 -0.0201139427713270709
35 35 0.0422367515921520803
35 37 -0.0043484038636401115
35 48 0.00149128971490704114
35 50 -0.000695877930783061647
35 148 -0.0199166630102593362
35 149 0.00332277890163426917
35 162 -0.00185972224820426645
35 163 0.000965684832536535878
36 18 1.21813813365185663e-05
36 22 0.00139416778113583568
36 34 -0.00221355634815709103
36 36 0.0204827388410812467
36 37 -0.0207515811948001255
36 38 0.00196040336873555066
36 49 0.000895132950961104873
36 50 -0.00239452034010257135
36 51 0.000615033559809535172
37 18 0.000200678747254283711
37 19 0.000439382673974537735
37 22 -0.00400913740801773187
37 23 0.00268095196682848012
37 34 0.00298728681988143056
37 35 -0.0043484038636401115
37 36 -0.0207515811948001255
37 37 0.0457814335101814421
37 38 -0.007021336674904473
37 50 0.00214084888913455233
37 51 -0.00134126741797463748
37 149 -0.0205022286995695767
37 150 0.00463819961408471447
37 163 -0.00268207550937125862
37 164 0.00178724854693846475
38 22 0.000330622609288752081
38 23 -6.05608112473500883e-05
38 25 0.0010989385050798493
38 36 0.00196040336873555066
38 37 -0.007021336674904473
38 38 0.0246737706924019633
38 51 0.00113552028483255565
38 150 -0.0204090375609895167
38 151 -0.00532042306498558843
38 152 0.00563122292200382568
38 164 -0.00332243789828720777
38 165 -0.00113497407272281645
38 166 0.00243829170079445197
39 26 -0.000508935793464154371
39 28 0.000849241046866231093
39 39 0.016674321524502763
39 40 -0.0166278304418856805
39 41 0.000954332584201475075
39 43 0.000723473539881403014
39 44 -0.00236700217936357043
39 52 -0.00147531522981894517
39 53 0.00222680849643501098
39 56 0.000270737743406430605
39 57 -0.000719831290760964337
40 26 0.00086729015125414392
40 27 -0.000714304863511784995
40 28 -0.00235047853641916042
40 29 0.00210248062604545018
40 39 -0.0166278304418856805
40 40 0.0353337692048231317
40 41 -0.00374829016590912069
40 42 0.0020922975593475222
40 44 0.00179100726319510509
40 53 -0.00275728981247069663
40 57 0.000972600867449712869
40 159 -0.0159783463527376282
40 160 -0.00265760618486722252
40 173 0.00247142278095103824
40 174 -0.000796722095264803566
41 28 0.000109559242333173099
41 39 0.000954332584201475075
41 40 -0.00374829016590912069
41 41 0.00995514898992392455
41 42 -0.00757892653775892218
41 52 0.000683780897205928519
41 53 -0.00138411151389962938
41 54 -0.000405062234824337796
41 55 0.00141356873872750801
42 28 0.0007879993800222468
42 29 -0.00165550862347860293
42 40 0.0020922975593475222
42 41 -0.00757892653775892218
42 42 0.0216678304670168478
42 53 0.00180687224053549533
42 55 -0.00328548872398132328
42 140 0.00120189605682934401
42 154 0.000780121127776316702
42 158 -0.0131774786707286439
42 159 -0.00415171097667347069
42 172 0.00302618480915649779
42 173 -0.00151408810806330811
43 26 0.000532940982281540263
43 30 -0.000178324929862698581
43 39 0.000723473539881403014
43 43 0.0181360617053619756
43 44 -0.018896871830968609
43 45 0.000178549058555911491
43 46 -0.000807295445326065494
43 56 -0.00109257829276554063
43 57 0.00156120435084087096
43 58 -0.00017649569921689384
43 59 1.93365612181088295e-05
44 26 -0.00164492411713066267
44 27 0.00149450350520860097
44 30 5.2775364162690612e-05
44 31 -2.09661260766132358e-06
44 39 -0.00236700217936357043
44 40 0.00179100726319510509
44 43 -0.018896871830968609
44 44 0.0384464626148083577
44 46 0.000755632461147316952
44 57 -0.00192596023175377719
44 59 3.28161539126201897e-05
44 160 -0.0186023595324477549
44 161 -0.000912666645197367558
44 174 0.00175380586714027798
44 175 2.48779198944366919e-05
45 30 0.000182629771289610944
45 32 0.000178542589275678667
45 43 0.000178549058555911491
45 45 0.0197530626001038434
45 46 -0.0207656328720687636
45 47 -0.000657132574689991283
45 48 0.000816547871709601787
45 58 -0.000657141200334163188
45 59 0.000816562384701293776
45 60 -0.000625175040479362433
45 61 0.000779187411936338209
46 30 -0.000835771605997470105
46 31 0.000785552126983176486
46 32 -0.000807280347810661195
46 33 0.000755619268418714681
46 43 -0.000807295445326065494
46 44 0.000755632461147316952
46 45 -0.0207656328720687636
46 46 0.0418378195238085435
46 48 -0.000981498126099945726
46 59 -0.000981516549628156341
46 61 -0.000934250702219779254
46 161 -0.0207462344632044944
46 162 0.000924433218973278207
46 175 0.000924449573914108333
46 176 0.000875973939110201872
47 32 -0.00017649630629573953
47 34 0.000535571316039028049
47 45 -0.000657132574689991283
47 47 0.0213996547402271788
47 48 -0.0220691119845467902
47 49 -0.00171462203221965214
47 50 0.00237410810780684482
47 60 -0.00020012117993067926
47 61 5.06136739041708277e-05
47 62 -0.00104150368007464378
47 63 0.00149903991978027904
48 32 1.93359768010531463e-05
48 33 3.28148349072518425e-05
48 34 -0.001644521646697135
48 35 0.00149128971490704114
48 45 0.000816547871709601787
48 46 -0.000981498126099945726
48 47 -0.0220691119845467902
48 48 0.0452088511764372966
48 50 -0.0032589770662970665
48 61 -5.57243868610493229e-06
48 63 -0.00184154890263638505
48 162 -0.0221681900619111541
48 163 0.00266593685392724818
48 176 6.44290645646794112e-05
48 177 0.00167021473362040655
49 34 -0.00051736674426230045
49 36 0.000895132950961104873
49 47 -0.00171462203221965214
49 49 0.0219591039433716176
49 50 -0.0227311065102139311
49 51 0.0016989427753624298
49 62 0.000189299271735669534
49 63 -0.000675919399207964081
49 64 0.000896535744473025823
50 34 0.000852067125799025574
50 35 -0.000695877930783061647
50 36 -0.00239452034010257135
50 37 0.00214084888913455233
50 47 0.00237410810780684482
50 48 -0.0032589770662970665
50 49 -0.0227311065102139311
50 50 0.0482690600241545142
50 51 -0.00583423293478535325
50 63 0.000914270923241470267
50 64 -0.00261783467716183559
50 163 -0.022769854223988098
50 164 0.00415487908473553477
50 177 -0.000739806735218339088
50 178 0.00233697626367831025
51 36 0.000615033559809535172
51 37 -0.00134126741797463748
51 38 0.00113552028483255565
51 49 0.0016989427753624298
51 50 -0.00583423293478535325
51 51 0.0253836138460871753
51 64 0.00074939310571927654
51 164 -0.0226123820265027448
51 165 -0.00467220119561589063
51 166 0.00530599255023087371
51 178 -0.00142301922057838258
51 179 -0.00184521945056013471
51 180 0.00283982612397529807
52 39 -0.00147531522981894517
52 41 0.000683780897205928519
52 52 0.0186157220686093902
52 53 -0.0177380332555659437
52 54 0.00111235377547966394
52 56 0.000978219311276781701
52 57 -0.00325219320851895602
52 65 -0.00263118852757102638
52 66 0.00349379082970578334
52 69 1.21830197217475929e-05
52 70 0.000200680319475572255
53 39 0.00222680849643501098
53 40 -0.00275728981247069663
53 41 -0.00138411151389962938
53 42 0.00180687224053549533
53 52 -0.0177380332555659437
53 53 0.0394073717769856668
53 54 -0.00465785582962714717
53 55 0.00235684358609720979
53 57 0.00228227330423849076
53 66 -0.00525077240241031851
53 70 0.000439386175496494884
53 173 -0.0171594545896429258
53 174 -0.00365830962385344871
53 187 0.00383225216672734761
53 188 0.000254019280954393615
54 41 -0.000405062234824337796
54 52 0.00111235377547966394
54 53 -0.00465785582962714717
54 54 0.0109716267192047912
54 55 -0.00805146113919624935
54 65 0.000508942254739738276
54 66 -0.000406903217856801084
54 67 -0.00105576411996024795
54 68 0.00198412379204059323
55 41 0.00141356873872750801
55 42 -0.00328548872398132328
55 53 0.00235684358609720979
55 54 -0.00805146113919624935
55 55 0.0248886137612928937
55 66 0.00147071891098092848
55 68 -0.00515951553098558877
55 154 0.00115766966018558031
55 168 0.000824147394670846794
55 172 -0.0142102791436912387
55 173 -0.00517358948686779101
55 186 0.00416787971286545003
55 187 -0.000399107740098225651
56 39 0.000270737743406430605
56 43 -0.00109257829276554063
56 52 0.000978219311276781701
56 56 0.0199580813711921524
56 57 -0.0201139350302494205
56 58 0.000535577075694735607
56 59 -0.00164453676113126288
56 69 -0.00221356644958317205
56 70 0.00298729850383414128
56 71 -0.000517365462749759509
56 72 0.000852067991074913406
57 39 -0.000719831290760964337
57 40 0.000972600867449712869
57 43 0.00156120435084087096
57 44 -0.00192596023175377719
57 52 -0.00325219320851895602
57 53 0.00228227330423849076
57 56 -0.0201139350302494205
57 57 0.0422367563238267296
57 59 0.00149130105956253589
57 70 -0.00434842583126239697
57 72 -0.000695875109588969722
57 174 -0.0199166532310117543
57 175 -0.00185973927872192532
57 188 0.00332279141674640503
57 189 0.000965685889203433631
58 43 -0.00017649569921689384
58 45 -0.000657141200334163188
58 56 0.000535577075694735607
58 58 0.0213996557321423815
58 59 -0.0220691077450659058
58 60 -0.000200113115302163921
58 61 5.05987209538786881e-05
58 71 -0.001714632202966632
58 72 0.00237412114787216967
58 73 -0.00104150296085593229
58 74 0.00149904024707852245
59 43 1.93365612181088295e-05
59 44 3.28161539126201897e-05
59 45 0.000816562384701293776
59 46 -0.000981516549628156341
59 56 -0.00164453676113126288
59 57 0.00149130105956253589
59 58 -0.0220691077450659058
59 59 0.0452088530228626634
59 61 -5.55550075929131613e-06
59 72 -0.00325899919521702944
59 74 -0.00184154728320812884
59 175 -0.0221681846246002644
59 176 6.44121700039165627e-05
59 189 0.00266595119124330955
59 190 0.00167021511610557227
60 45 -0.000625175040479362433
60 47 -0.00020012117993067926
60 58 -0.000200113115302163921
60 60 0.0228276512415455171
60 61 -0.0234328864269201936
60 62 -0.00116845453486169506
60 63 0.00169901098511542514
60 73 -0.00116846437439778721
60 74 0.00169902484244301394
60 75 -0.00152177178209448346
60 76 0.00209129938488240982
61 45 0.000779187411936338209
61 46 -0.000934250702219779254
61 47 5.06136739041708277e-05
61 48 -5.57243868610493229e-06
61 58 5.05987209538786881e-05
61 59 -5.55550075929131613e-06
61 60 -0.0234328864269201936
61 61 0.0480612514560758014
61 63 -0.00207129816146971787
61 74 -0.00207131940736379879
61 76 -0.0028976180066832783
61 176 -0.0236638467256047244
61 177 0.00192107940541739628
61 190 0.00192109482209316148
61 191 0.00229852187932613663
62 47 -0.00104150368007464378
62 49 0.000189299271735669534
62 60 -0.00116845453486169506
62 62 0.0232473355207644047
62 63 -0.024126009201714961
62 64 0.00139961228555605856
62 75 -0.000669204047227257978
62 76 0.00101590434555799496
62 77 0.00115302004026442964
63 47 0.00149903991978027904
63 48 -0.00184154890263638505
63 49 -0.000675919399207964081
63 50 0.000914270923241470267
63 60 0.00169901098511542514
63 61 -0.00207129816146971787
63 62 -0.024126009201714961
63 63 0.0505565179786050464
63 64 -0.00448253202056284831
63 76 -0.000891400974261229943
63 77 -0.00378505698514473377
63 177 -0.0243004919252858241
63 178 0.00354231451993141733
63 191 0.00116381265369883981
63 192 0.00279929058991118789
64 49 0.000896535744473025823
64 50 -0.00261783467716183559
64 51 0.00074939310571927654
64 62 0.00139961228555605856
64 63 -0.00448253202056284831
64 64 0.0261477838523121175
64 77 -2.17519987913036535e-05
64 178 -0.0241394883736026911
64 179 -0.00389378760349179745
64 180 0.00482959760525350675
64 192 0.000462446107526911241
64 193 -0.0024811432860119215
64 194 0.00315116925878149894
65 52 -0.00263118852757102638
65 54 0.000508942254739738276
65 65 0.0189321302832718801
65 66 -0.0183536397396186178
65 67 0.00166344091014690876
65 69 0.00139417160880450706
65 70 -0.00400915083572163464
65 78 0.002164670588403899
65 79 0.000330623457544347295
66 52 0.00349379082970578334
66 53 -0.00525077240241031851
66 54 -0.000406903217856801084
66 55 0.00147071891098092848
66 65 -0.0183536397396186178
66 66 0.0433081479470112454
66 67 -0.00541027660393765455
66 68 0.00254374434076362361
66 70 0.00268095522484906694
66 78 -0.00795463572444490494
66 79 -6.05560734359095014e-05
66 187 -0.017737539657542177
66 188 -0.00447766204369906117
66 200 0.00495395465167071392
66 201 0.0012006735579640816
67 54 -0.00105576411996024795
67 65 0.00166344091014690876
67 66 -0.00541027660393765455
67 67 0.00832125777355104644
67 68 -0.00454315893481928648
67 78 0.00102450097501923356
68 54 0.00198412379204059323
68 55 -0.00515951553098558877
68 66 0.00254374434076362361
68 67 -0.00454315893481928648
68 68 0.0231095599093053689
68 78 -0.00012773724257629114
68 168 0.00108545252304018624
68 182 0.000848870231415854845
68 186 -0.014775440297447465
68 187 -0.00597840458843679375
68 197 -0.00471432505211039597
68 198 0.00509593202338669282
68 200 0.000630898826423507064
69 52 1.21830197217475929e-05
69 56 -0.00221356644958317205
69 65 0.00139417160880450706
69 69 0.0204827354552931246
69 70 -0.0207515697546299289
69 71 0.000895138610149312768
69 72 -0.00239453484725713319
69 79 0.00196040832410807444
69 80 0.000615034033393473405
70 52 0.000200680319475572255
70 53 0.000439386175496494884
70 56 0.00298729850383414128
70 57 -0.00434842583126239697
70 65 -0.00400915083572163464
70 66 0.00268095522484906694
70 69 -0.0207515697546299289
70 70 0.0457814384705919966
70 72 0.00214085793191887402
70 79 -0.00702135977100322006
70 80 -0.00134126309981638593
70 188 -0.0205022144379588579
70 189 -0.00268209159640091233
70 201 0.0046382091530715111
70 202 0.00178724954755567884
71 56 -0.000517365462749759509
71 58 -0.001714632202966632
71 69 0.000895138610149312768
71 71 0.021959100452344095
71 72 -0.0227310981667121423
71 73 0.000189306543551842621
71 74 -0.00067593414659626724
71 80 0.0016989484606293188
71 81 0.000896535912350233618
72 56 0.000852067991074913406
72 57 -0.000695875109588969722
72 58 0.00237412114787216967
72 59 -0.00325899919521702944
72 69 -0.00239453484725713319
72 70 0.00214085793191887402
72 71 -0.0227310981667121423
72 72 0.0482690624933108381
72 74 0.000914285627817759293
72 80 -0.00583425689504928763
72 81 -0.0026178313592700661
72 189 -0.0227698436698230873
72 190 -0.000739823251718180392
72 202 0.00415489058530507053
72 203 0.00233697671733628298
73 58 -0.00104150296085593229
73 60 -0.00116846437439778721
73 71 0.000189306543551842621
73 73 0.02324733250540649
73 74 -0.0241260048706102119
73 75 -0.000669195594288404545
73 76 0.00101589027378103536
73 81 0.00139961847502502131
73 82 0.00115302000238794535
74 58 0.00149904024707852245
74 59 -0.00184154728320812884
74 60 0.00169902484244301394
74 61 -0.00207131940736379879
74 71 -0.00067593414659626724
74 72 0.000914285627817759293
74 73 -0.0241260048706102119
74 74 0.0505565188012689487
74 76 -0.000891381580471898314
74 81 -0.00448255581105536788
74 82 -0.00378505517761734559
74 190 -0.0243004864411631195
74 191 0.00116379700756268707
74 203 0.00354232747010886379
74 204 0.00279929072180635325
75 60 -0.00152177178209448346
75 62 -0.000669204047227257978
75 73 -0.000669195594288404545
75 75 0.0239236708090250043
75 76 -0.0248568513179639045
75 77 0.00108648416453839092
75 82 0.00108649058988956825
75 83 0.00162037717812108331
76 60 0.00209129938488240982
76 61 -0.0028976180066832783
76 62 0.00101590434555799496
76 63 -0.000891400974261229943
76 73 0.00101589027378103536
76 74 -0.000891381580471898314
76 75 -0.0248568513179639045
76 76 0.052465760911811897
76 77 -0.00308232570852157248
76 82 -0.00308234825733004481
76 83 -0.00476087353848594214
76 191 -0.0249905000491151622
76 192 0.00286156332791318848
76 204 0.00286157703530782017
76 205 0.00314130415357868767
77 62 0.00115302004026442964
77 63 -0.00378505698514473377
77 64 -2.17519987913036535e-05
77 75 0.00108648416453839092
77 76 -0.00308232570852157248
77 77 0.0259592251353962973
77 83 -0.0011726512049269576
77 192 -0.0248907394619251945
77 193 -0.00284913087514185358
77 194 0.00424769006863946232
77 205 0.0021778273808144232
77 206 0.00117740944479860976
78 65 0.002164670588403899
78 66 -0.00795463572444490494
78 67 0.00102450097501923356
78 68 -0.00012773724257629114
78 78 0.0237603336079006515
78 79 0.00109893750933669275
78 197 0.001281999903702747
78 200 -0.0177449508170412391
78 201 -0.00506806195329473699
78 209 -0.00579283830645312917
78 210 0.00578417495286935764
78 212 -0.000406767615604137264
78 213 0.0019803741221818545
79 65 0.000330623457544347295
79 66 -6.05560734359095014e-05
79 69 0.00196040832410807444
79 70 -0.00702135977100322006
79 78 0.00109893750933669275
79 79 0.0246737799880689251
79 80 0.00113552275579380311
79 201 -0.0204090200744813342
79 202 -0.00332245248688322736
79 212 -0.00532043460642912282
79 213 0.00563122943365030812
79 214 -0.00113497090646182022
79 215 0.00243829245019247954
80 69 0.000615034033393473405
80 70 -0.00134126309981638593
80 71 0.0016989484606293188
80 72 -0.00583425689504928763
80 79 0.00113552275579380311
80 80 0.0253836205716884526
80 81 0.000749399225701883383
80 202 -0.0226123675082905394
80 203 -0.00142303466574653656
80 214 -0.00467221359610392288
80 215 0.00530600097411034616
80 216 -0.0018452167283938602
80 217 0.00283982647208325372
81 71 0.000896535912350233618
81 72 -0.0026178313592700661
81 73 0.00139961847502502131
81 74 -0.00448255581105536788
81 80 0.000749399225701883383
81 81 0.0261477881163231021
81 82 -2.17425708887598185e-05
81 203 -0.0241394782947234807
81 204 0.000462430974608178886
81 216 -0.00389380037222081645
81 217 0.00482960764966038764
81 218 -0.00248114132097783293
81 219 0.00315116937546751959
82 73 0.00115302000238794535
82 74 -0.00378505517761734559
82 75 0.00108649058988956825
82 76 -0.00308234825733004481
82 81 -2.17425708887598185e-05
82 82 0.0259592268926661755
82 83 -0.00117264047062769108
82 204 -0.0248907345115713004
82 205 0.00217781361190565398
82 218 -0.00284914116539078215
82 219 0.00424770123496587271
82 220 0.00117740982161070669
83 75 0.00162037717812108331
83 76 -0.00476087353848594214
83 77 -0.0011726512049269576
83 82 -0.00117264047062769108
83 83 0.0249474306005230788
83 205 -0.0249002088317571667
83 206 0.00163651455344712032
83 220 0.00163652048430927154
83 221 0.00216553122939720398
84 84 0.00643935554278145771
84 85 0.000692289849656785913
84 86 0.00121435956838222337
84 87 -0.00532660353178799131
84 88 0.000440464034140689736
84 89 0.000277690334981852132
84 90 -0.00140374807618143466
84 91 -0.00233380772197358186
85 84 0.000692289849656785913
85 85 0.00783945783972757326
85 86 0.000409954620947832133
85 87 -0.00374926727096474904
85 88 -0.00338392940170174862
85 92 0.000506474093285864523
85 93 0.00131788540556888639
85 94 -0.00454212061005303432
85 95 0.00090925547353258758
86 5 0.000650535102979959241
86 12 0.00121485704096328676
86 84 0.00121435956838222337
86 85 0.000409954620947832133
86 86 0.0102346188704693572
86 87 -0.00794372093827064828
86 89 0.000287719610601071631
86 93 -0.000238648107396628099
86 94 0.00126291413056109358
86 114 -0.00291701094014314936
86 115 -0.00417557895909439862
87 84 -0.00532660353178799131
87 85 -0.00374926727096474904
87 86 -0.00794372093827064828
87 87 0.0217738476839626841
87 88 0.000581533740257839148
87 89 0.000223870813437141683
87 90 0.000795800458651048067
87 91 0.00243305125254579578
87 94 -0.000196041555318766925
87 114 0.00129566522902004608
87 115 0.00266996412501125518
87 265 -0.00638413312691276172
87 266 0.00143964139554986952
87 282 -0.00302328158193311287
87 283 -0.004590326693247649
88 84 0.000440464034140689736
88 85 -0.00338392940170174862
88 87 0.000581533740257839148
88 88 0.0115114573928788849
88 91 -0.000250989172734674727
88 94 0.00276341086635045838
88 95 -0.00120156019167801846
88 238 0.00109628682824668318
88 244 -0.000422171499114955577
88 245 -0.00449904678923191727
88 247 0.00205181010837638105
88 265 -0.00380908795563389803
88 266 -0.00487817796015572059
89 5 0.00119790192147879791
89 8 0.00057583321146976443
89 84 0.000277690334981852132
89 86 0.000287719610601071631
89 87 0.000223870813437141683
89 89 0.0078165132659316159
89 90 -0.0042887598892027241
89 109 0.000624804918186256807
89 110 -0.00174529329152621959
89 114 -0.00497028089535755599
90 84 -0.00140374807618143466
90 87 0.000795800458651048067
90 89 -0.0042887598892027241
90 90 0.0115010414252402771
90 91 0.00045180515241603368
90 109 -0.000442774957602707795
90 110 0.00120312135745077528
90 113 0.000431686047812961679
90 114 0.00251284886744301567
90 241 0.000964078647605507463
90 264 -0.00498330373649032154
90 265 0.000378936982837804542
90 281 -0.00169428331237175844
90 282 -0.00542644896760847983
91 84 -0.00233380772197358186
91 87 0.00243305125254579578
91 88 -0.000250989172734674727
91 90 0.00045180515241603368
91 91 0.00910769566917141518
91 237 0.000857097933770885399
91 238 -0.000226638571331933241
91 239 -0.00347770599584271232
91 241 0.000436116826153313739
91 245 0.00118235736029585758
91 264 -0.00247719449207453157
91 265 -0.00570178824039586658
92 85 0.000506474093285864523
92 92 0.00869117083390777423
92 93 0.000380365430803827149
92 94 -0.0049654541336712401
92 95 -0.00394246422373109844
92 96 0.000121683794300715554
92 97 0.00139753670515513242
92 98 -0.00357830844495572037
92 99 0.00138899594490474567
93 12 0.000720480758581226819
93 16 0.00120189480903181399
93 85 0.00131788540556888639
93 86 -0.000238648107396628099
93 92 0.000380365430803827149
93 93 0.0119769292815487833
93 94 -0.00930013474811801008
93 97 -0.00108264497250159034
93 98 0.00235222853099116601
93 115 -0.00413795175590546058
93 116 -0.00319040463260401429
94 85 -0.00454212061005303432
94 86 0.00126291413056109358
94 87 -0.000196041555318766925
94 88 0.00276341086635045838
94 92 -0.0049654541336712401
94 93 -0.00930013474811801008
94 94 0.025484253640544647
94 95 0.000411073881568913111
94 98 -0.00191517252037128722
94 115 0.00135970933483825778
94 116 0.00275604704816883716
94 266 -0.0077495353197377416
94 267 0.00255882496994164644
94 283 -0.00443210844426271833
94 284 -0.00349566654044105489
95 85 0.00090925547353258758
95 88 -0.00120156019167801846
95 92 -0.00394246422373109844
95 94 0.000411073881568913111
95 95 0.0142311965971764088
95 98 0.0030427876648512122
95 99 -0.00259649182690308532
95 233 -0.000619689126151413408
95 244 0.00133870500222977424
95 247 -0.00550247022083911151
95 248 0.00293696963513975871
95 266 -0.00518630896400209835
95 267 -0.0038210037011938312
96 92 0.000121683794300715554
96 96 0.00971557779386745396
96 97 0.000345542628635103939
96 98 -0.00611386297328544125
96 99 -0.00441659321097205224
96 100 -0.000444104645216891975
96 101 0.00144539844297690394
96 102 -0.00249624571481318501
96 103 0.00184260388450739414
97 16 0.000780122764964606805
97 20 0.001157667978397611
97 92 0.00139753670515513242
97 93 -0.00108264497250159034
97 96 0.000345542628635103939
97 97 0.0140541716210382597
97 98 -0.0104686917478412755
97 101 -0.00219759714600774878
97 102 0.00340524697977949344
97 116 -0.00530763126553385721
97 117 -0.00208372354608573826
98 92 -0.00357830844495572037
98 93 0.00235222853099116601
98 94 -0.00191517252037128722
98 95 0.0030427876648512122
98 96 -0.00611386297328544125
98 97 -0.0104686917478412755
98 98 0.0299051495995961321
98 99 0.000220624136625782513
98 102 -0.00426553296058969095
98 116 0.001384863975098592
98 117 0.00275579339736901343
98 267 -0.00893434833000138033
98 268 0.00362665843399685456
98 284 -0.0057787169836139643
98 285 -0.0022334717778699862
99 92 0.00138899594490474567
99 95 -0.00259649182690308532
99 96 -0.00441659321097205224
99 98 0.000220624136625782513
99 99 0.0174786445658395434
99 102 0.00324247636761034646
99 103 -0.00435098902939951709
99 230 -0.000803162466997514395
99 233 0.00156512818684583443
99 248 -0.00639663299096004251
99 250 0.0037598688165746694
99 267 -0.00648322554254469711
99 268 -0.00260864295062400876
100 96 -0.000444104645216891975
100 100 0.0108402193479885198
100 101 0.000307650457317491192
100 102 -0.00710358399745013823
100 103 -0.00476894363859023309
100 104 -0.00114619949855999546
100 105 0.00145766715036586771
100 106 -0.00137818662845846387
100 107 0.00223548145260384513
101 20 0.000824149702167857969
101 24 0.00108545043731800598
101 96 0.00144539844297690394
101 97 -0.00219759714600774878
101 100 0.000307650457317491192
101 101 0.0163115602994416652
101 102 -0.0113488202961474216
101 105 -0.00349216174368398909
101 106 0.00433700474379161531
101 117 -0.00632351705001659662
101 118 -0.000949117847157784651
102 96 -0.00249624571481318501
102 97 0.00340524697977949344
102 98 -0.00426553296058969095
102 99 0.00324247636761034646
102 100 -0.00710358399745013823
102 101 -0.0113488202961474216
102 102 0.0346672007088992123
102 103 2.48710787596117741e-05
102 106 -0.00703224056131166765
102 117 0.00136628019780059089
102 118 0.00266915901954809616
102 268 -0.00981362343546226916
102 269 0.00453694523539997351
102 285 -0.00691539420680549379
102 286 -0.000936738415217460351
103 96 0.00184260388450739414
103 99 -0.00435098902939951709
103 100 -0.00476894363859023309
103 102 2.48710787596117741e-05
103 103 0.02100445878574278
103 106 0.00334562141222291554
103 107 -0.00631603035091600571
103 230 0.00175574704085037277
103 249 -0.000958347296116310093
103 250 -0.00710052574630357178
103 252 0.00444923839854893984
103 268 -0.0075745631168002113
103 269 -0.00135314142250616198
104 100 -0.00114619949855999546
104 104 0.00838822078223559406
104 105 0.00144823895411135841
104 106 -0.00786772321360389507
104 107 -0.00196816833803968192
104 108 0.00114563131385661912
105 24 0.000848873117565972462
105 100 0.00145766715036586771
105 101 -0.00349216174368398909
105 104 0.00144823895411135841
105 105 0.0166915229747723257
105 106 -0.0118861119956784334
105 108 0.00293569090249579156
105 118 -0.00710900132403372281
105 119 -0.00200729583825568804
105 120 0.000992372891674764453
105 121 0.000120204910665753693
106 100 -0.00137818662845846387
106 101 0.00433700474379161531
106 102 -0.00703224056131166765
106 103 0.00334562141222291554
106 104 -0.00786772321360389507
106 105 -0.0118861119956784334
106 106 0.0393465407052290481
106 107 -0.000161018594107182689
106 108 -0.00994441888193306998
106 118 0.00130675357368139353
106 121 0.00251141559232626087
106 269 -0.0103227034566514882
106 270 0.00522022412763567707
106 286 -0.00773839503473775468
106 287 0.000263238211595050241
107 100 0.00223548145260384513
107 103 -0.00631603035091600571
107 104 -0.00196816833803968192
107 106 -0.000161018594107182689
107 107 0.0204614705221882846
107 108 0.00137881887578714178
107 249 0.00189533694315225211
107 251 -0.00107630358097042761
107 252 -0.00756607461319991174
107 255 -0.00530307185456920568
107 256 0.00496001310307177257
107 269 -0.00837279127220859343
107 270 -0.000167662292792291993
108 104 0.00114563131385661912
108 105 0.00293569090249579156
108 106 -0.00994441888193306998
108 107 0.00137881887578714178
108 108 0.0245611572513224317
108 119 -0.00296531305796335831
108 121 0.00121581011620952974
108 122 0.000535837328553089194
108 255 -0.000267255433118198413
108 270 -0.0104696287178095131
108 272 -0.0068440862668000535
108 273 0.00565792894687738076
108 287 -0.00821619314416574889
108 288 0.00127602076668795715
109 8 0.00115617682787055257
109 89 0.000624804918186256807
109 90 -0.000442774957602707795
109 109 0.00642096963992778384
109 110 -0.00554408206527580525
109 111 0.000624806206612506286
109 112 -0.000442769190276792127
109 113 -0.00239713137944179422
110 8 -0.00825607944051711534
110 89 -0.00174529329152621959
110 90 0.00120312135745077528
110 109 -0.00554408206527580525
110 110 0.0207740778371353144
110 111 -0.00174530573229918565
110 112 0.00120312063615600137
110 113 0.00230902301318638894
110 114 0.00109854972231311935
110 129 0.00109854497625783403
110 130 0.0025290414635395558
110 281 -0.00671850882668585843
110 282 -0.000660967436862578382
110 297 -0.000660953353257409475
110 298 -0.00488428885961481648
111 7 0.00119790230792801863
111 8 0.000575833572906942902
111 109 0.000624806206612506286
111 110 -0.00174530573229918565
111 111 0.0078165157383629693
111 112 -0.00428875864449063549
111 123 0.000277687449427151025
111 124 0.000287716512584146929
111 125 0.000223882107692573672
111 129 -0.00497027951872448803
112 109 -0.000442769190276792127
112 110 0.00120312063615600137
112 111 -0.00428875864449063549
112 112 0.0115010475490592203
112 113 0.000431683829879307614
112 123 -0.00140375389328082235
112 125 0.000795794878375227972
112 128 0.000451803218431233086
112 129 0.00251284967866640882
112 261 0.000964079073464161902
