% 27x27 223 nonzeros
1 1 1.46984729741981957
1 2 -0.544328002051366777
1 3 -0.0321254377673856478
1 4 0.259513022036437557
1 5 -0.0321254377673856478
1 6 -0.544328002051366777
1 7 -0.0321254377673856478
1 8 -0.544328002051366777
2 1 -0.544328002051366777
2 2 2.15764814754713941
2 3 -0.771620134024790016
2 4 0.190096782901378436
2 5 -0.771620134024790016
2 9 -0.0649145309796985148
2 10 -0.111111169199904644
2 11 0.0269602090319369901
2 12 -0.111111169199904714
3 1 -0.0321254377673856478
3 2 -0.771620134024790016
3 3 3.50946777144529598
3 4 -0.63074524388912101
3 6 -0.771620128814145101
3 10 -0.277904935563497435
3 11 -0.498364663605267766
3 13 -0.277904873963621457
3 14 -0.498364658394622906
3 17 0.222222095545217879
3 18 0.0269602090319370005
4 1 0.259513022036437557
4 2 0.190096782901378436
4 3 -0.63074524388912101
4 4 2.12486472185358188
4 5 -0.630745243889121232
4 6 0.190096782901378436
4 7 -0.630745243889121343
4 8 0.190096782901378492
4 11 -0.630745243889121232
4 14 -0.630745243889121121
4 18 0.190096782901378436
4 19 -0.630745243889121232
4 23 0.190096782901378464
4 25 0.190096782901378436
4 27 0.259513022036437557
5 1 -0.0321254377673856478
5 2 -0.771620134024790016
5 4 -0.630745243889121232
5 5 3.50946784346646234
5 8 -0.771620134024790127
5 11 -0.49836466360526771
5 12 -0.27790493556349749
5 19 -0.498364663605267655
5 20 -0.277904935563497379
5 23 0.0269602090319369658
5 24 0.222222095545217879
6 1 -0.544328002051366777
6 3 -0.771620128814145101
6 4 0.190096782901378436
6 6 2.15764814754713896
6 7 -0.771620128814145212
6 13 -0.111111169199904644
6 14 0.0269601986106474539
6 15 -0.0649145309796985148
6 16 -0.111111169199904658
7 1 -0.0321254377673856478
7 4 -0.630745243889121343
7 6 -0.771620128814145212
7 7 3.50946769942413139
7 8 -0.771620128814145323
7 14 -0.49836465839462285
7 16 -0.277904873963621624
7 19 -0.498364658394622906
7 21 -0.277904873963621624
7 25 0.0269602090319369103
7 26 0.222222095545217935
8 1 -0.544328002051366777
8 4 0.190096782901378492
8 5 -0.771620134024790127
8 7 -0.771620128814145323
8 8 2.15764814754713941
8 19 0.0269602038212922862
8 20 -0.111111169199904672
8 21 -0.111111169199904686
8 22 -0.0649145309796985009
9 2 -0.0649145309796985148
9 9 0.352051542107721493
9 10 -0.254679553336620401
9 11 0.222222095545217879
9 12 -0.254679553336620401
10 2 -0.111111169199904644
10 3 -0.277904935563497435
10 9 -0.254679553336620401
10 10 1.28739131620004521
10 11 -0.27790493556349749
10 17 -0.254679553336620401
10 18 -0.111111169199904672
11 2 0.0269602090319369901
11 3 -0.498364663605267766
11 4 -0.630745243889121232
11 5 -0.49836466360526771
11 9 0.222222095545217879
11 10 -0.27790493556349749
11 11 3.5094678434664619
11 12 -0.27790493556349749
11 18 -0.771620134024789905
11 23 -0.771620134024789905
11 27 -0.0321254377673856409
12 2 -0.111111169199904714
12 5 -0.27790493556349749
12 9 -0.254679553336620401
12 11 -0.27790493556349749
12 12 1.28739131620004499
12 23 -0.111111169199904686
12 24 -0.254679553336620401
13 3 -0.277904873963621457
13 6 -0.111111169199904644
13 13 1.28739131620004477
13 14 -0.277904997163373302
13 15 -0.254679553336620401
13 17 -0.25467955333662029
13 18 -0.111111169199904658
14 3 -0.498364658394622906
14 4 -0.630745243889121121
14 6 0.0269601986106474539
14 7 -0.49836465839462285
14 13 -0.277904997163373302
14 14 3.50946796666621363
14 15 0.222222095545217824
14 16 -0.277904997163373191
14 18 -0.771620134024790016
14 25 -0.771620134024789905
14 27 -0.0321254377673856478
15 6 -0.0649145309796985148
15 13 -0.254679553336620401
15 14 0.222222095545217824
15 15 0.352051542107721438
15 16 -0.25467955333662029
16 6 -0.111111169199904658
16 7 -0.277904873963621624
16 14 -0.277904997163373191
16 15 -0.25467955333662029
16 16 1.28739131620004477
16 25 -0.111111169199904686
16 26 -0.254679553336620401
17 3 0.222222095545217879
17 10 -0.254679553336620401
17 13 -0.25467955333662029
17 17 0.352051542107721382
17 18 -0.0649145309796985148
18 3 0.0269602090319370005
18 4 0.190096782901378436
18 10 -0.111111169199904672
18 11 -0.771620134024789905
18 13 -0.111111169199904658
18 14 -0.771620134024790016
18 17 -0.0649145309796985148
18 18 2.15764814754713852
18 27 -0.544328002051366555
19 4 -0.630745243889121232
19 5 -0.498364663605267655
19 7 -0.498364658394622906
19 8 0.0269602038212922862
19 19 3.50946790506633777
19 20 -0.277904935563497435
19 21 -0.277904997163373135
19 22 0.222222095545217824
19 23 -0.771620134024789905
19 25 -0.771620134024789683
19 27 -0.0321254377673856478
20 5 -0.277904935563497379
20 8 -0.111111169199904672
20 19 -0.277904935563497435
20 20 1.28739131620004499
20 22 -0.254679553336620346
20 23 -0.111111169199904616
20 24 -0.254679553336620457
21 7 -0.277904873963621624
21 8 -0.111111169199904686
21 19 -0.277904997163373135
21 21 1.28739131620004499
21 22 -0.25467955333662029
21 25 -0.111111169199904658
21 26 -0.254679553336620457
22 8 -0.0649145309796985009
22 19 0.222222095545217824
22 20 -0.254679553336620346
22 21 -0.25467955333662029
22 22 0.352051542107721327
23 4 0.190096782901378464
23 5 0.0269602090319369658
23 11 -0.771620134024789905
23 12 -0.111111169199904686
23 19 -0.771620134024789905
23 20 -0.111111169199904616
23 23 2.15764814754713852
23 24 -0.0649145309796985148
23 27 -0.544328002051366777
24 5 0.222222095545217879
24 12 -0.254679553336620401
24 20 -0.254679553336620457
24 23 -0.0649145309796985148
24 24 0.352051542107721493
25 4 0.190096782901378436
25 7 0.0269602090319369103
25 14 -0.771620134024789905
25 16 -0.111111169199904686
25 19 -0.771620134024789683
25 21 -0.111111169199904658
25 25 2.15764814754713852
25 26 -0.0649145309796985426
25 27 -0.544328002051366666
26 7 0.222222095545217935
26 16 -0.254679553336620401
26 21 -0.254679553336620457
26 25 -0.0649145309796985426
26 26 0.352051542107721549
27 4 0.259513022036437557
27 11 -0.0321254377673856409
27 14 -0.0321254377673856478
27 18 -0.544328002051366555
27 19 -0.0321254377673856478
27 23 -0.544328002051366777
27 25 -0.544328002051366666
27 27 1.46984729741981957
