% 27x27 223 nonzeros
1 1 0.100949045974751905
1 2 0.0207292209198429132
1 3 0.0321254377673856478
1 4 0.070148889064218567
1 5 0.0321254377673856409
1 6 0.0207292209198429167
1 7 0.0321254377673856478
1 8 0.0207292209198429167
2 1 0.0207292209198429132
2 2 0.215539788343604766
2 3 0.0585066762711109051
2 4 0.0333492448548873693
2 5 0.058506676271110919
2 9 0.00859551316447181198
2 10 0.0294660286985883556
2 11 0.0952773647902417364
2 12 0.0294660286985883625
3 1 0.0321254377673856478
3 2 0.0585066762711109051
3 3 0.478415861776401108
3 4 0.0242160579321880863
3 6 0.0585066710604661561
3 10 0.0750595049690708505
3 11 0.0360408289988512209
3 13 0.0750595616808376193
3 14 0.0360408237882064789
3 17 0.0225835520692386632
3 18 0.0952773647902417364
4 1 0.070148889064218567
4 2 0.0333492448548873693
4 3 0.0242160579321880863
4 4 0.133226498542300759
4 5 0.0242160579321880898
4 6 0.0333492448548873693
4 7 0.0242160579321880898
4 8 0.0333492448548873693
4 11 0.0242160579321880898
4 14 0.0242160579321880898
4 18 0.0333492448548873693
4 19 0.0242160579321880898
4 23 0.0333492448548873624
4 25 0.0333492448548873693
4 27 0.070148889064218567
5 1 0.0321254377673856409
5 2 0.058506676271110919
5 4 0.0242160579321880898
5 5 0.478416026378521098
5 8 0.058506676271110919
5 11 0.0360408289988512209
5 12 0.0750595049690708505
5 19 0.0360408289988512209
5 20 0.0750595049690708505
5 23 0.0952773647902417364
5 24 0.0225835520692386701
6 1 0.0207292209198429167
6 3 0.0585066710604661561
6 4 0.0333492448548873693
6 6 0.215539788343604738
6 7 0.0585066710604661561
6 13 0.0294660286985883625
6 14 0.0952773752115312345
6 15 0.00859551316447181371
6 16 0.0294660286985883521
7 1 0.0321254377673856478
7 4 0.0242160579321880898
7 6 0.0585066710604661561
7 7 0.47841569717428134
7 8 0.0585066710604661561
7 14 0.0360408237882064719
7 16 0.0750595616808376193
7 19 0.0360408237882064719
7 21 0.0750595616808376054
7 25 0.0952773647902417364
7 26 0.0225835520692386771
8 1 0.0207292209198429167
8 4 0.0333492448548873693
8 5 0.058506676271110919
8 7 0.0585066710604661561
8 8 0.215539788343604766
8 19 0.0952773700008864993
8 20 0.0294660286985883556
8 21 0.0294660286985883521
8 22 0.00859551316447181024
9 2 0.00859551316447181198
9 9 0.00539258690825501763
9 10 0.00224052751924420793
9 11 0.0225835520692386701
9 12 0.00224052751924420836
10 2 0.0294660286985883556
10 3 0.0750595049690708505
10 9 0.00224052751924420793
10 10 0.0855014312299769985
10 11 0.0750595049690708643
10 17 0.0022405275192442088
10 18 0.029466028698588359
11 2 0.0952773647902417364
11 3 0.0360408289988512209
11 4 0.0242160579321880898
11 5 0.0360408289988512209
11 9 0.0225835520692386701
11 10 0.0750595049690708643
11 11 0.478416026378520876
11 12 0.0750595049690708782
11 18 0.0585066762711109051
11 23 0.0585066762711109051
11 27 0.0321254377673856478
12 2 0.0294660286985883625
12 5 0.0750595049690708505
12 9 0.00224052751924420836
12 11 0.0750595049690708782
12 12 0.0855014312299769846
12 23 0.0294660286985883556
12 24 0.0022405275192442088
13 3 0.0750595616808376193
13 6 0.0294660286985883625
13 13 0.0855014312299769985
13 14 0.0750594482573041233
13 15 0.0022405275192442088
13 17 0.00224052751924420793
13 18 0.0294660286985883521
14 3 0.0360408237882064789
14 4 0.0242160579321880898
14 6 0.0952773752115312345
14 7 0.0360408237882064719
14 13 0.0750594482573041233
14 14 0.478416376425339518
14 15 0.0225835520692386701
14 16 0.0750594482573040955
14 18 0.0585066762711109051
14 25 0.0585066762711109051
14 27 0.0321254377673856478
15 6 0.00859551316447181371
15 13 0.0022405275192442088
15 14 0.0225835520692386701
15 15 0.00539258690825501937
15 16 0.0022405275192442088
16 6 0.0294660286985883521
16 7 0.0750595616808376193
16 14 0.0750594482573040955
16 15 0.0022405275192442088
16 16 0.0855014312299769846
16 25 0.0294660286985883556
16 26 0.00224052751924420923
17 3 0.0225835520692386632
17 10 0.0022405275192442088
17 13 0.00224052751924420793
17 17 0.00539258690825501937
17 18 0.00859551316447181371
18 3 0.0952773647902417364
18 4 0.0333492448548873693
18 10 0.029466028698588359
18 11 0.0585066762711109051
18 13 0.0294660286985883521
18 14 0.0585066762711109051
18 17 0.00859551316447181371
18 18 0.215539788343604821
18 27 0.0207292209198429167
19 4 0.0242160579321880898
19 5 0.0360408289988512209
19 7 0.0360408237882064719
19 8 0.0952773700008864993
19 19 0.478416201401930197
19 20 0.0750595049690708505
19 21 0.0750594482573040955
19 22 0.0225835520692386632
19 23 0.0585066762711109051
19 25 0.0585066762711108912
19 27 0.0321254377673856478
20 5 0.0750595049690708505
20 8 0.0294660286985883556
20 19 0.0750595049690708505
20 20 0.0855014312299769708
20 22 0.0022405275192442075
20 23 0.0294660286985883521
20 24 0.00224052751924420793
21 7 0.0750595616808376054
21 8 0.0294660286985883521
21 19 0.0750594482573040955
21 21 0.0855014312299769846
21 22 0.00224052751924420793
21 25 0.0294660286985883521
21 26 0.00224052751924420836
22 8 0.00859551316447181024
22 19 0.0225835520692386632
22 20 0.0022405275192442075
22 21 0.00224052751924420793
22 22 0.0053925869082550159
23 4 0.0333492448548873624
23 5 0.0952773647902417364
23 11 0.0585066762711109051
23 12 0.0294660286985883556
23 19 0.0585066762711109051
23 20 0.0294660286985883521
23 23 0.215539788343604766
23 24 0.00859551316447181371
23 27 0.0207292209198429167
24 5 0.0225835520692386701
24 12 0.0022405275192442088
24 20 0.00224052751924420793
24 23 0.00859551316447181371
24 24 0.00539258690825501937
25 4 0.0333492448548873693
25 7 0.0952773647902417364
25 14 0.0585066762711109051
25 16 0.0294660286985883556
25 19 0.0585066762711108912
25 21 0.0294660286985883521
25 25 0.215539788343604766
25 26 0.00859551316447181718
25 27 0.0207292209198429167
26 7 0.0225835520692386771
26 16 0.00224052751924420923
26 21 0.00224052751924420836
26 25 0.00859551316447181718
26 26 0.00539258690825501937
27 4 0.070148889064218567
27 11 0.0321254377673856478
27 14 0.0321254377673856478
27 18 0.0207292209198429167
27 19 0.0321254377673856478
27 23 0.0207292209198429167
27 25 0.0207292209198429167
27 27 0.100949045974751891
