% 7552x7552 81392 nonzeros
1 1 0.0186461302257928743
1 2 -0.00514194970307591676
1 3 -0.00045498750418699875
1 4 0.00709331285659465464
1 5 -0.00150880819126330201
1 6 -0.0129613567484869983
1 7 0.00629344958142674486
1 8 -0.0119657905168010555
2 1 -0.00514194970307591676
2 2 0.146821753482272943
2 3 -0.105117346803474454
2 4 0.0619673845652994187
2 5 -0.0932014638432935999
2 9 -0.03157056043997504
2 10 -0.00298942226209356326
2 11 0.045453764644195524
2 12 -0.0162221596398552936
3 1 -0.00045498750418699875
3 2 -0.105117346803474454
3 3 0.929979925188024525
3 4 -0.237395693573164757
3 6 -0.17537085443377734
3 10 -0.252453545888152553
3 11 -0.0463429434642257665
3 32 -0.351674667517455131
3 33 0.11839701599480712
3 34 -0.0203446965937312714
3 35 0.140777794595336764
4 1 0.00709331285659465464
4 2 0.0619673845652994187
4 3 -0.237395693573164757
4 4 3.51781039186873734
4 5 -0.776895047875529321
4 6 -0.0319589083422808506
4 7 -0.639891975926405343
4 8 -0.106986083177381175
4 11 -0.656818338534258306
4 33 -0.7589022943883168
4 35 -0.0927937157155121484
4 317 -0.260037985781751912
4 318 -0.0336249322981805668
4 338 0.00843388632214888204
5 1 -0.00150880819126330201
5 2 -0.0932014638432935999
5 4 -0.776895047875529321
5 5 3.0097346740791826
5 8 -0.618753908103967576
5 11 -0.0934904788044603613
5 12 -0.637358700316561277
5 260 -0.051209651774185648
5 267 -0.566616431154501998
5 298 -0.347756778376819065
5 299 -0.0457078882617266563
5 317 0.127012237401492284
5 318 0.095752245221633614
6 1 -0.0129613567484869983
6 3 -0.17537085443377734
6 4 -0.0319589083422808506
6 6 0.505255859765269322
6 7 -0.212289048313105966
6 26 -0.0560655595710735505
6 27 -0.235861725320144294
6 28 0.0700413646305767523
6 32 -0.0124368477424198261
6 33 0.161647076075442708
7 1 0.00629344958142674486
7 4 -0.639891975926405343
7 6 -0.212289048313105966
7 7 3.46561497230323967
7 8 -0.707080348261512892
7 26 -0.00223104093058061788
7 28 -0.747961329877740444
7 31 -0.680519849699064983
7 33 -0.116107003695053612
7 292 -0.0759024104664575289
7 316 -0.317327633018052613
7 317 -0.0330187791306522233
7 337 0.0460671064292054802
7 338 0.0143538910047551257
8 1 -0.0119657905168010555
8 4 -0.106986083177381175
8 5 -0.618753908103967576
8 7 -0.707080348261512892
8 8 2.52116734973539813
8 260 -0.458108251749386963
8 263 -0.0268700795669050176
8 292 -0.515359275555390739
8 297 -0.370124738087666827
8 298 -0.0100163244344287534
8 316 0.122551875918609818
8 317 0.181545573799433063
9 2 -0.03157056043997504
9 9 0.254565912717626852
9 10 -0.168488689501104599
9 11 0.116638436016214306
9 12 -0.139415592121031051
9 13 -0.0452205131133302518
9 14 -0.00461528951785080289
9 15 0.0548494878573509009
9 16 -0.0367431918979002764
10 2 -0.00298942226209356326
10 3 -0.252453545888152553
10 9 -0.168488689501104599
10 10 1.17999188404087341
10 11 -0.231215690221289016
10 14 -0.277694041832909966
10 15 -0.0662066550375026014
10 34 -0.422580550392125998
10 35 0.154474128702100311
10 36 -0.0240038961428208283
10 37 0.111166478535025495
11 2 0.045453764644195524
11 3 -0.0463429434642257665
11 4 -0.656818338534258306
11 5 -0.0934904788044603613
11 9 0.116638436016214306
11 10 -0.231215690221289016
11 11 3.34361192175834354
11 12 -0.829833881596922618
11 15 -0.655478457125558966
11 35 -0.712497579836585793
11 37 -0.0779887931406024193
11 318 -0.178007475832604595
11 319 -0.0240304838622461686
12 2 -0.0162221596398552936
12 5 -0.637358700316561277
12 9 -0.139415592121031051
12 11 -0.829833881596922618
12 12 3.26195273554224352
12 15 -0.0752520116465428685
12 16 -0.61706020094987013
12 267 -0.0737446709913580217
12 271 -0.634885167425801589
12 299 -0.320876453394910721
12 300 -0.0812245564146450022
12 318 0.122526898217740723
12 319 0.0413937607375137323
13 9 -0.0452205131133302518
13 13 0.263191709506209681
13 14 -0.177970526663533829
13 15 0.149478195284148574
13 16 -0.144396743144037443
13 17 -0.0315911154278569264
13 18 -0.00351805962684308355
13 19 0.0303176329144880102
13 20 -0.0402905797292447271
14 9 -0.00461528951785080289
14 10 -0.277694041832909966
14 13 -0.177970526663533829
14 14 1.214771247364266
14 15 -0.212574684681213322
14 18 -0.252449511321374664
14 19 -0.0969339852038041544
14 36 -0.446710004341938693
14 37 0.186332087493951609
14 38 -0.0219661102346139191
14 39 0.0898108189390221245
15 9 0.0548494878573509009
15 10 -0.0662066550375026014
15 11 -0.655478457125558966
15 12 -0.0752520116465428685
15 13 0.149478195284148574
15 14 -0.212574684681213322
15 15 3.26050758889722481
15 16 -0.876034459356235029
15 19 -0.639990666750988368
15 37 -0.699781032673584158
15 39 -0.0770184979560104288
15 319 -0.136752090090536405
15 320 -0.0257467167205529465
16 9 -0.0367431918979002764
16 12 -0.61706020094987013
16 13 -0.144396743144037443
16 15 -0.876034459356235029
16 16 3.34550111522380078
16 19 -0.0515589605634012571
16 20 -0.598728984543160925
16 271 -0.0889932249141061477
16 275 -0.664416767949159381
16 300 -0.298697846066273864
16 301 -0.108927300183480999
16 319 0.122977899529352494
16 320 0.0170786648144715669
17 13 -0.0315911154278569264
17 17 0.163503233293009892
17 18 -0.123838100315500493
17 19 0.13803466090194072
17 20 -0.114721804768857266
17 21 -0.00514469094048932481
17 22 -0.000636078521884363948
17 23 -0.0143459978467781121
17 24 -0.0112601063735841226
18 13 -0.00351805962684308355
18 14 -0.252449511321374664
18 17 -0.123838100315500493
18 18 1.01458211230142759
18 19 -0.181793855778505015
18 22 -0.175740413490918207
18 23 -0.141444011574307249
18 38 -0.415942827072865895
18 39 0.216416310625937636
18 40 -0.0146501035161816437
18 41 0.0783784597691309787
19 13 0.0303176329144880102
19 14 -0.0969339852038041544
19 15 -0.639990666750988368
19 16 -0.0515589605634012571
19 17 0.13803466090194072
19 18 -0.181793855778505015
19 19 3.36324492250395046
19 20 -0.921093325603312474
19 23 -0.601415521228345185
19 39 -0.744290474886736497
19 41 -0.0913677385390427865
19 320 -0.143351191128296002
19 321 -0.0598014966379483773
20 13 -0.0402905797292447271
20 16 -0.598728984543160925
20 17 -0.114721804768857266
20 19 -0.921093325603312474
20 20 3.27487527880056817
20 23 -0.0274182161451080458
20 24 -0.586007365537259184
20 275 -0.0924634067148336625
20 279 -0.651808084774118335
20 301 -0.286708134388661828
20 302 -0.125466218908722948
20 320 0.155799005476270014
20 321 0.0140318368364420031
21 17 -0.00514469094048932481
21 21 0.021881824267376046
21 22 -0.0166286545703432202
21 23 0.0217216260820600991
21 24 -0.0167005876774588384
21 25 -0.00512951716114476864
22 17 -0.000636078521884363948
22 18 -0.175740413490918207
22 21 -0.0166286545703432202
22 22 0.583374028476751016
22 23 -0.143994021152773044
22 25 -0.168223897706244518
22 40 -0.31322395019738658
22 41 0.240766983711616894
22 42 -0.0562115867601334918
22 43 -0.00488712393118639031
22 44 0.0554047141425019832
23 17 -0.0143459978467781121
23 18 -0.141444011574307249
23 19 -0.601415521228345185
23 20 -0.0274182161451080458
23 21 0.0217216260820600991
23 22 -0.143994021152773044
23 23 3.62573796599900611
23 24 -0.902020590419755353
23 25 -0.493620425572922461
23 41 -0.858961858711733028
23 44 -0.0849780692019969919
23 321 -0.186524271558044186
23 322 -0.180730344067032533
23 339 -0.0120062646022694921
24 17 -0.0112601063735841226
24 20 -0.586007365537259184
24 21 -0.0167005876774588384
24 23 -0.902020590419755353
24 24 2.89388466164340219
24 25 -0.107281476161793302
24 279 -0.0810717830571449499
24 283 -0.585838668771692994
24 302 -0.284543860359655731
24 303 -0.494684758752113818
24 304 -0.135027529739317892
24 321 0.240049234619103102
24 322 0.070502830587270679
25 21 -0.00512951716114476864
25 22 -0.168223897706244518
25 23 -0.493620425572922461
25 24 -0.107281476161793302
25 25 3.59021573196670429
25 42 -0.110589188345189868
25 44 -0.989999698066687306
25 45 0.0356771734645272495
25 303 -0.810063062577483284
25 322 -0.194413506364909311
25 323 -0.554698292450377828
25 324 -0.18998338646570212
25 339 0.0423668088030230705
25 340 -0.0442572633618000602
26 6 -0.0560655595710735505
26 7 -0.00223104093058061788
26 26 0.135069411965191066
26 27 -0.00371768960690719869
26 28 0.0616135198921361274
26 29 -0.0734326984166028263
26 30 0.015019225081647488
26 31 -0.0762551684138105118
27 6 -0.235861725320144294
27 26 -0.00371768960690719869
27 27 1.36237108963128462
27 28 -0.254685807629729422
27 29 -0.256173981711203091
27 32 -0.382994269815064958
27 33 0.019100581269880415
27 52 -0.417530044407686485
27 53 0.0716306511211247249
27 54 -0.0300160605613653438
27 55 0.127877257029810842
28 6 0.0700413646305767523
28 7 -0.747961329877740444
28 26 0.0616135198921361274
28 27 -0.254685807629729422
28 28 3.28306535039895664
28 29 0.0253879353139400896
28 30 -0.705243986967821535
28 31 -0.113761065540851275
28 33 -0.685366320281718844
28 53 -0.690464832262440598
28 55 -0.0623363851123015511
28 337 -0.17913858953998224
28 338 -0.00135725435271208937
28 356 0.000207401329688003259
29 26 -0.0734326984166028263
29 27 -0.256173981711203091
29 28 0.0253879353139400896
29 29 0.693630699736480283
29 30 -0.238426594170475292
29 46 -0.0734326984166029928
29 47 -0.25617398171120237
29 48 0.0253879353139400826
29 52 -0.0164768152594651843
29 53 0.169710199321191246
30 26 0.015019225081647488
30 28 -0.705243986967821535
30 29 -0.238426594170475292
30 30 3.5183496206357816
30 31 -0.710481139984428189
30 46 0.0150192250816475505
30 48 -0.705243986967821535
30 51 -0.710481139984431076
30 53 -0.104320717008519012
30 310 -0.0841230802814746659
30 336 -0.305147451185088181
30 337 0.00675516116500914868
30 355 0.00675516116500948522
30 356 0.00156970342096491374
31 7 -0.680519849699064983
31 26 -0.0762551684138105118
31 28 -0.113761065540851275
31 30 -0.710481139984428189
31 31 2.92330860137354831
31 292 -0.567851700367297596
31 294 -0.0395362338427966004
31 310 -0.58576741543408628
31 315 -0.360034905804709815
31 316 0.0176686943743044507
31 336 0.0606366343722684192
31 337 0.132593548966924157
32 3 -0.351674667517455131
32 6 -0.0124368477424198261
32 27 -0.382994269815064958
32 32 1.8295266573779021
32 33 -0.245246214601214096
32 34 -0.457349384476894882
32 35 -0.00394921830423775391
32 54 -0.536284093007920903
32 55 0.0999481616573013598
32 56 -0.0391163765312536674
32 57 0.0995762529612579106
33 3 0.11839701599480712
33 4 -0.7589022943883168
33 6 0.161647076075442708
33 7 -0.116107003695053612
33 27 0.019100581269880415
33 28 -0.685366320281718844
33 32 -0.245246214601214096
33 33 2.73568447965187422
33 35 -0.592263781536986444
33 55 -0.576409219953723406
33 57 -0.0393228274505634801
33 338 -0.021211491084427575
34 3 -0.0203446965937312714
34 10 -0.422580550392125998
34 32 -0.457349384476894882
34 34 2.0974900374793326
34 35 -0.224565363010998054
34 36 -0.481912290523852815
34 37 -0.0339305285477637594
34 56 -0.615540177175478709
34 57 0.123315534575947239
34 58 -0.0415002802994505413
34 59 0.0769176989650163789
35 3 0.140777794595336764
35 4 -0.0927937157155121484
35 10 0.154474128702100311
35 11 -0.712497579836585793
35 32 -0.00394921830423775391
35 33 -0.592263781536986444
35 34 -0.224565363010998054
35 35 2.38457426780252524
35 37 -0.525205753558198429
35 57 -0.500149955672662183
35 59 -0.0284008234647811775
36 10 -0.0240038961428208283
36 14 -0.446710004341938693
36 34 -0.481912290523852815
36 36 2.16128162189397699
36 37 -0.199807037444632324
36 38 -0.457470011083298767
36 39 -0.0660382484466225383
36 58 -0.652911077825637842
36 59 0.14898959196344147
36 60 -0.037035342013008371
36 61 0.0556166939643940456
37 10 0.111166478535025495
37 11 -0.0779887931406024193
37 14 0.186332087493951609
37 15 -0.699781032673584158
37 34 -0.0339305285477637594
37 35 -0.525205753558198429
37 36 -0.199807037444632324
37 37 2.23854287675955232
37 39 -0.501361194664759813
37 59 -0.472369155606818358
37 61 -0.0255979471521703625
38 14 -0.0219661102346139191
38 18 -0.415942827072865895
38 36 -0.457470011083298767
38 38 2.00370911225098425
38 39 -0.172935674441841158
38 40 -0.383259230056699318
38 41 -0.100458515610881149
38 60 -0.640164277081871735
38 61 0.179534475955885731
38 62 -0.0271598633981310483
38 63 0.0361129207733327448
39 14 0.0898108189390221245
39 15 -0.0770184979560104288
39 18 0.216416310625937636
39 19 -0.744290474886736497
39 36 -0.0660382484466225383
39 37 -0.501361194664759813
39 38 -0.172935674441841158
39 39 2.31022000132178196
39 41 -0.521102434421312544
39 61 -0.50361049971481664
39 63 -0.0300901063546424458
40 18 -0.0146501035161816437
40 22 -0.31322395019738658
40 38 -0.383259230056699318
40 40 1.59050588597254228
40 41 -0.140239654242376055
40 43 -0.256736034283726655
40 44 -0.143511115599282313
40 62 -0.561527770570205531
40 63 0.213416606305965484
40 64 -0.0145560709758333993
40 65 0.0237814371631836219
41 18 0.0783784597691309787
41 19 -0.0913677385390427865
41 22 0.240766983711616894
41 23 -0.858961858711733028
41 38 -0.100458515610881149
41 39 -0.521102434421312544
41 40 -0.140239654242376055
41 41 2.62614809437230834
41 44 -0.580401606205294129
41 63 -0.608011552578922365
41 65 -0.0447501775434942031
42 22 -0.0562115867601334918
42 25 -0.110589188345189868
42 42 0.167526439296985158
42 43 -0.108721841686268333
42 44 0.163660966849254796
42 45 -0.0556647893546482406
43 22 -0.00488712393118639031
43 40 -0.256736034283726655
43 42 -0.108721841686268333
43 43 0.862397258405403377
43 44 -0.091081639140095344
43 45 -0.207678464940521695
43 64 -0.389215697912720038
43 65 0.244301674240127192
43 66 -0.073717586708960281
43 67 -0.00333756139708011376
43 68 0.0286770173550282836
44 22 0.0554047141425019832
44 23 -0.0849780692019969919
44 25 -0.989999698066687306
44 40 -0.143511115599282313
44 41 -0.580401606205294129
44 42 0.163660966849254796
44 43 -0.091081639140095344
44 44 3.2424564959863531
44 45 -0.575980982418300758
44 65 -0.807071864363650748
44 68 -0.0740447216814672932
44 339 -0.030067363239929857
44 340 -0.0827130642706567221
44 357 -0.00167205279074876512
45 25 0.0356771734645272495
45 42 -0.0556647893546482406
45 43 -0.207678464940521695
45 44 -0.575980982418300758
45 45 3.82919268685214043
45 66 -0.0976932861279811854
45 68 -1.02599200609033692
45 69 0.0856063358269408547
45 323 -0.964544454608626367
45 340 -0.168366256364725242
45 341 -0.549048717688420007
45 342 -0.231441132831704588
45 357 0.00438887550124047923
45 358 -0.0784549812195840385
46 29 -0.0734326984166029928
46 30 0.0150192250816475505
46 46 0.135069411965191233
46 47 -0.00371768960690720476
46 48 0.0616135198921363564
46 49 -0.0560655595710734048
46 50 -0.00223104093058062395
46 51 -0.0762551684138109143
47 29 -0.25617398171120237
47 46 -0.00371768960690720476
47 47 1.36237108963128417
47 48 -0.254685807629729533
47 49 -0.235861725320144544
47 52 -0.417530044407685708
47 53 0.0716306511211246694
47 76 -0.382994269815065513
47 77 0.0191005812698805295
47 78 -0.030016060561365375
47 79 0.127877257029810898
48 29 0.0253879353139400826
48 30 -0.705243986967821535
48 46 0.0616135198921363564
48 47 -0.254685807629729533
48 48 3.28306535039895486
48 49 0.0700413646305768356
48 50 -0.747961329877739445
48 51 -0.113761065540851178
48 53 -0.690464832262440042
48 77 -0.685366320281719066
48 79 -0.0623363851123015442
48 355 -0.179138589539981657
48 356 0.000207401329688014128
48 371 -0.00135725435271207354
49 46 -0.0560655595710734048
49 47 -0.235861725320144544
49 48 0.0700413646305768356
49 49 0.505255859765267323
49 50 -0.212289048313105605
49 70 -0.0129613567484863218
49 71 -0.175370854433776091
49 72 -0.0319589083422809409
49 76 -0.0124368477424197359
49 77 0.161647076075442486
50 46 -0.00223104093058062395
50 48 -0.747961329877739445
50 49 -0.212289048313105605
50 50 3.46561497230323834
50 51 -0.680519849699065205
50 70 0.00629344958142680558
50 72 -0.639891975926403789
50 75 -0.70708034826151489
50 77 -0.116107003695053085
50 330 -0.0759024104664574872
50 354 -0.317327633018052058
50 355 0.0460671064292055149
50 370 -0.033018779130652702
50 371 0.0143538910047544214
51 30 -0.710481139984431076
51 46 -0.0762551684138109143
51 48 -0.113761065540851178
51 50 -0.680519849699065205
51 51 2.92330860137355142
51 310 -0.585767415434086836
51 312 -0.0395362338427966281
51 330 -0.567851700367297152
51 335 -0.360034905804709537
51 336 0.0606366343722687176
51 354 0.0176686943743045201
51 355 0.132593548966923824
52 27 -0.417530044407686485
52 29 -0.0164768152594651843
52 47 -0.417530044407685708
52 52 2.03956109602558699
52 53 -0.245509892184341189
52 54 -0.544267287902152508
52 55 0.0454208825786883152
52 78 -0.544267287902152397
52 79 0.0454208825786882806
52 80 -0.0439357316058857014
52 81 0.0991142424864050881
53 27 0.0716306511211247249
53 28 -0.690464832262440598
53 29 0.169710199321191246
53 30 -0.104320717008519012
53 47 0.0716306511211246694
53 48 -0.690464832262440042
53 52 -0.245509892184341189
53 53 2.52591686608580046
53 55 -0.538015780036005364
53 79 -0.538015780036005142
53 81 -0.0301192422874161057
53 356 -0.00197729157207389688
54 27 -0.0300160605613653438
54 32 -0.536284093007920903
54 52 -0.544267287902152508
54 54 2.51984940565173154
54 55 -0.21868697566091036
54 56 -0.620651852084869504
54 57 0.00879275795926498516
54 80 -0.668311890000083286
54 81 0.0599667557726185282
54 82 -0.0498775477002298545
54 83 0.0794867875339168029
55 27 0.127877257029810842
55 28 -0.0623363851123015511
55 32 0.0999481616573013598
55 33 -0.576409219953723406
55 52 0.0454208825786883152
55 53 -0.538015780036005364
55 54 -0.21868697566091036
55 55 1.96524396898634501
55 57 -0.420460628281543625
55 81 -0.407885225241643112
55 83 -0.0146960559660179978
56 32 -0.0391163765312536674
56 34 -0.615540177175478709
56 54 -0.620651852084869504
56 56 2.80831353868466849
56 57 -0.186977256665369934
56 58 -0.648137054006801772
56 59 -0.0289170645416128441
56 82 -0.757481933517122008
56 83 0.0753902712134379288
56 84 -0.047093434200243485
56 85 0.0602113388246450984
57 32 0.0995762529612579106
57 33 -0.0393228274505634801
57 34 0.123315534575947239
57 35 -0.500149955672662183
57 54 0.00879275795926498516
57 55 -0.420460628281543625
57 56 -0.186977256665369934
57 57 1.58850423836546772
57 59 -0.347068701072661634
57 83 -0.318042545685706501
57 85 -0.0081668690334302449
58 34 -0.0415002802994505413
58 36 -0.652911077825637842
58 56 -0.648137054006801772
58 58 2.89865887818105206
58 59 -0.156492688177326866
58 60 -0.626035968266053788
58 61 -0.0640301091768828851
58 84 -0.808215577338631919
58 85 0.0973702301280980065
58 86 -0.0373564586539952143
58 87 0.0386501054356303483
59 34 0.0769176989650163789
59 35 -0.0284008234647811775
59 36 0.14898959196344147
59 37 -0.472369155606818358
59 56 -0.0289170645416128441
59 57 -0.347068701072661634
59 58 -0.156492688177326866
59 59 1.41305454530846686
59 61 -0.322097202050166231
59 85 -0.27737151895095119
59 87 -0.00624468237260651649
60 36 -0.037035342013008371
60 38 -0.640164277081871735
60 58 -0.626035968266053788
60 60 2.77289178266013847
60 61 -0.128341860928821994
60 62 -0.552301306010230419
60 63 -0.0970995218562022422
60 86 -0.811073213881942312
60 87 0.126738423244125931
60 88 -0.0240608752216071725
60 89 0.0164821593554728245
61 36 0.0556166939643940456
61 37 -0.0255979471521703625
61 38 0.179534475955885731
61 39 -0.50361049971481664
61 58 -0.0640301091768828851
61 59 -0.322097202050166231
61 60 -0.128341860928821994
61 61 1.45870266834666995
61 63 -0.346893232847493682
61 87 -0.295948518395063309
61 89 -0.00733446800153459734
62 38 -0.0271598633981310483
62 40 -0.561527770570205531
62 60 -0.552301306010230419
62 62 2.39833530136451323
62 63 -0.0996454904882953657
62 64 -0.424141931104028314
62 65 -0.132063123690413897
62 88 -0.749676904577446179
62 89 0.161289489780230472
62 90 -0.0113120404392716492
62 91 -0.00179636086672103554
63 38 0.0361129207733327448
63 39 -0.0300901063546424458
63 40 0.213416606305965484
63 41 -0.608011552578922365
63 60 -0.0970995218562022422
63 61 -0.346893232847493682
63 62 -0.0996454904882953657
63 63 1.75217390042234467
63 65 -0.420115031061011446
63 89 -0.387897625027964765
63 91 -0.0119508672871105441
64 40 -0.0145560709758333993
64 43 -0.389215697912720038
64 62 -0.424141931104028314
64 64 1.71921206120534831
64 65 -0.0636138926425239837
64 67 -0.2383370869496656
64 68 -0.176437905918963578
64 90 -0.597574048474825426
64 91 0.197532891100363706
64 92 -0.00279332085864840429
64 93 -0.0100749974685034813
65 40 0.0237814371631836219
65 41 -0.0447501775434942031
65 43 0.244301674240127192
65 44 -0.807071864363650748
65 62 -0.132063123690413897
65 63 -0.420115031061011446
65 64 -0.0636138926425239837
65 65 2.33567729457538054
65 68 -0.537210895167614
65 91 -0.576278928480991381
65 93 -0.0226564930289920724
66 43 -0.073717586708960281
66 45 -0.0976932861279811854
66 66 0.172048596517807545
66 67 -0.0953943245108708621
66 68 0.167671656196881069
66 69 -0.0729150553668763135
67 43 -0.00333756139708011376
67 64 -0.2383370869496656
67 66 -0.0953943245108708621
67 67 0.68059934216343787
67 68 -0.0302286920874146464
67 69 -0.198174422297139496
67 92 -0.309934913108124821
67 93 0.232588066096234697
67 94 -0.0129855476360096287
67 95 -3.76453693772141416e-05
67 96 -0.0247572149039902989
68 43 0.0286770173550282836
68 44 -0.0740447216814672932
68 45 -1.02599200609033692
68 64 -0.176437905918963578
68 65 -0.537210895167614
68 66 0.167671656196881069
68 67 -0.0302286920874146464
68 68 3.28537422624676934
68 69 -0.619897672987074655
68 93 -0.903301909076413501
68 96 0.000125521957546368551
68 357 -0.00270578019527455789
68 358 -0.0902314332745360881
68 372 -0.0217974052771296653
69 45 0.0856063358269408547
69 66 -0.0729150553668763135
69 67 -0.198174422297139496
69 68 -0.619897672987074655
69 69 3.70669675691438805
69 94 -0.0104208974578140698
69 96 -1.02450900668652545
69 97 0.00736076468145382967
69 341 -1.01408897499809925
69 358 -0.130080078364329388
69 359 -0.463989619122960384
69 360 -0.258745479844187332
69 372 0.0446907809405072479
69 373 -0.0515334312382845564
70 49 -0.0129613567484863218
70 50 0.00629344958142680558
70 70 0.0186461302257926245
70 71 -0.000454987504187017019
70 72 0.00709331285659487581
70 73 -0.00514194970307599135
70 74 -0.00150880819126332543
70 75 -0.0119657905168016505
71 49 -0.175370854433776091
71 70 -0.000454987504187017019
71 71 0.929979925188023859
71 72 -0.237395693573164535
71 73 -0.105117346803474024
71 76 -0.351674667517455908
71 77 0.118397015994807148
71 98 -0.25245354588815333
71 99 -0.0463429434642257804
71 102 -0.0203446965937313096
71 103 0.140777794595336958
72 49 -0.0319589083422809409
72 50 -0.639891975926403789
72 70 0.00709331285659487581
72 71 -0.237395693573164535
72 72 3.51781039186873112
72 73 0.0619673845652990371
72 74 -0.776895047875528433
72 75 -0.106986083177381924
72 77 -0.758902294388312249
72 99 -0.656818338534256529
72 103 -0.0927937157155122039
72 370 -0.260037985781752301
72 371 0.00843388632214835642
72 382 -0.0336249322981806431
73 70 -0.00514194970307599135
73 71 -0.105117346803474024
73 72 0.0619673845652990371
73 73 0.146821753482272305
73 74 -0.0932014638432931142
73 98 -0.00298942226209355849
73 99 0.0454537646441954962
73 100 -0.0315705604399747625
73 101 -0.0162221596398554081
74 70 -0.00150880819126332543
74 72 -0.776895047875528433
74 73 -0.0932014638432931142
74 74 3.00973467407918838
74 75 -0.618753908103968131
74 99 -0.0934904788044605278
74 101 -0.637358700316564608
74 348 -0.051209651774185766
74 365 -0.56661643115450433
74 369 -0.347756778376819842
74 370 0.127012237401492339
74 381 -0.0457078882617269824
74 382 0.0957522452216338776
75 50 -0.70708034826151489
75 70 -0.0119657905168016505
75 72 -0.106986083177381924
75 74 -0.618753908103968131
75 75 2.52116734973539991
75 330 -0.515359275555390295
75 332 -0.0268700795669050349
75 348 -0.458108251749386519
75 353 -0.370124738087666216
75 354 0.122551875918609471
75 369 -0.0100163244344287534
75 370 0.181545573799433507
76 47 -0.382994269815065513
76 49 -0.0124368477424197359
76 71 -0.351674667517455908
76 76 1.82952665737790321
76 77 -0.245246214601214374
76 78 -0.536284093007920459
76 79 0.0999481616573014153
76 102 -0.457349384476894882
76 103 -0.00394921830423772269
76 104 -0.0391163765312536049
76 105 0.0995762529612577857
77 47 0.0191005812698805295
77 48 -0.685366320281719066
77 49 0.161647076075442486
77 50 -0.116107003695053085
77 71 0.118397015994807148
77 72 -0.758902294388312249
77 76 -0.245246214601214374
77 77 2.73568447965187067
77 79 -0.57640921995372385
77 103 -0.592263781536987999
77 105 -0.0393228274505634592
77 371 -0.0212114910844259895
78 47 -0.030016060561365375
78 52 -0.544267287902152397
78 76 -0.536284093007920459
78 78 2.51984940565173154
78 79 -0.218686975660910277
78 80 -0.668311890000084174
78 81 0.0599667557726184935
78 104 -0.620651852084869615
78 105 0.00879275795926504761
78 106 -0.0498775477002299933
78 107 0.0794867875339169416
79 47 0.127877257029810898
79 48 -0.0623363851123015442
79 52 0.0454208825786882806
79 53 -0.538015780036005142
79 76 0.0999481616573014153
79 77 -0.57640921995372385
79 78 -0.218686975660910277
79 79 1.96524396898634413
79 81 -0.407885225241643057
79 105 -0.420460628281543014
79 107 -0.014696055966017977
80 52 -0.0439357316058857014
80 54 -0.668311890000083286
80 78 -0.668311890000084174
80 80 3.01952069671683043
80 81 -0.180594943562905785
80 82 -0.751587534871915874
80 83 0.0155358519601488561
80 106 -0.751587534871916874
80 107 0.0155358519601487936
80 108 -0.0492389258356803056
80 109 0.0629760501113442311
81 52 0.0991142424864050881
81 53 -0.0301192422874161057
81 54 0.0599667557726185282
81 55 -0.407885225241643112
81 78 0.0599667557726184935
81 79 -0.407885225241643057
81 80 -0.180594943562905785
81 81 1.37209418255262561
81 83 -0.279898213261066064
81 107 -0.279898213261065898
81 109 -0.00486087372852737204
82 54 -0.0498775477002298545
82 56 -0.757481933517122008
82 80 -0.751587534871915874
82 82 3.33230799958753332
82 83 -0.142958868530688177
82 84 -0.7860435958494294
82 85 -0.0254357718885248885
82 108 -0.851600899190074312
82 109 0.0281074337420266183
82 110 -0.0381705306355772864
82 111 0.0427412488540018856
83 54 0.0794867875339168029
83 55 -0.0146960559660179978
83 56 0.0753902712134379288
83 57 -0.318042545685706501
83 80 0.0155358519601488561
83 81 -0.279898213261066064
83 82 -0.142958868530688177
83 83 0.967695284318653592
83 85 -0.20041028724414206
83 109 -0.180478526508644571
83 111 -0.00162369782989196321
84 56 -0.047093434200243485
84 58 -0.808215577338631919
84 82 -0.7860435958494294
84 84 3.44940742686875179
84 85 -0.109970559547350855
84 86 -0.768973806662234916
84 87 -0.0614950292289826519
84 110 -0.915550174997079913
84 111 0.0500245609103566954
84 112 -0.0207060753379997922
84 113 0.018616265382844048
85 56 0.0602113388246450984
85 57 -0.0081668690334302449
85 58 0.0973702301280980065
85 59 -0.27737151895095119
85 82 -0.0254357718885248885
85 83 -0.20041028724414206
85 84 -0.109970559547350855
85 85 0.768721497685163402
85 87 -0.173527996203873297
85 111 -0.13056285333625714
85 113 -0.000857210433376890107
86 58 -0.0373564586539952143
86 60 -0.811073213881942312
86 84 -0.768973806662234916
86 86 3.3498958311400524
86 87 -0.080414983996896186
86 88 -0.696139336200095604
86 89 -0.0953692502050544205
86 112 -0.932065705283442236
86 113 0.0793390726962037302
86 114 -0.00276582591221977842
86 115 -0.00507632304037562015
87 58 0.0386501054356303483
87 59 -0.00624468237260651649
87 60 0.126738423244125931
87 61 -0.295948518395063309
87 84 -0.0614950292289826519
87 85 -0.173527996203873297
87 86 -0.080414983996896186
87 87 0.793374438477652322
87 89 -0.20066776421446203
87 113 -0.139429891150983559
87 115 -0.00103410159454118012
88 60 -0.0240608752216071725
88 62 -0.749676904577446179
88 86 -0.696139336200095604
88 88 2.99891654784166883
88 89 -0.0497777391044880724
88 90 -0.562951854937426388
88 91 -0.13167988829457089
88 114 -0.882929887804579261
88 115 0.111443817655437427
88 116 0.00921765107332562367
88 117 -0.0223615304302178797
89 60 0.0164821593554728245
89 61 -0.00733446800153459734
89 62 0.161289489780230472
89 63 -0.387897625027964765
89 86 -0.0953692502050544205
89 87 -0.20066776421446203
89 88 -0.0497777391044880724
89 89 1.0673880789922352
89 91 -0.281653296593185998
89 115 -0.220690280470471789
89 117 -0.00176930451077675919
90 62 -0.0113120404392716492
90 64 -0.597574048474825426
90 88 -0.562951854937426388
90 90 2.34166861510719126
90 91 -0.0124884783412435793
90 92 -0.366073055681540416
90 93 -0.173998297791847278
90 116 -0.740798102563822614
90 117 0.142746384838258356
90 118 0.0104723233918667183
90 119 -0.0296914451073387355
91 62 -0.00179636086672103554
91 63 -0.0119508672871105441
91 64 0.197532891100363706
91 65 -0.576278928480991381
91 88 -0.13167988829457089
91 89 -0.281653296593185998
91 90 -0.0124884783412435793
91 91 1.63452656238556537
91 93 -0.416051363369773275
91 117 -0.398242342988363807
91 119 -0.00191792726396869222
92 64 -0.00279332085864840429
92 67 -0.309934913108124821
92 90 -0.366073055681540416
92 92 1.28684211021833339
92 93 0.0351122520876546856
92 95 -0.106121605518142398
92 96 -0.219862451261946312
92 118 -0.463041814493300063
92 119 0.177314954461978092
92 120 0.00249557651788435845
92 121 -0.0339377323641480641
93 64 -0.0100749974685034813
93 65 -0.0226564930289920724
93 67 0.232588066096234697
93 68 -0.903301909076413501
93 90 -0.173998297791847278
93 91 -0.416051363369773275
93 92 0.0351122520876546856
93 93 2.579108057466454
93 96 -0.60543476841741406
93 119 -0.719093320057570429
93 121 0.00380277356017028056
94 67 -0.0129855476360096287
94 69 -0.0104208974578140698
94 94 0.0234292856627910245
94 95 -0.0102829552669472368
94 96 0.0231918896318143962
94 97 -0.012931774933834482
95 67 -3.76453693772141416e-05
95 92 -0.106121605518142398
95 94 -0.0102829552669472368
95 95 0.186418712664544128
95 96 -0.0443771676148071795
95 97 -0.0149204403606638808
95 120 -0.0661877458480485958
95 121 0.145475121404366581
95 122 -0.0899662740909242253
96 67 -0.0247572149039902989
96 68 0.000125521957546368551
96 69 -1.02450900668652545
96 92 -0.219862451261946312
96 93 -0.60543476841741406
96 94 0.0231918896318143962
96 95 -0.0443771676148071795
96 96 3.82547276557991855
96 97 -0.622097495991881133
96 121 -1.09755534792221354
96 122 0.176431967636325543
96 372 -0.0225058841833037232
96 373 -0.243125488748079988
96 383 -0.120997319075443338
97 69 0.00736076468145382967
97 94 -0.012931774933834482
97 95 -0.0149204403606638808
97 96 -0.622097495991881133
97 97 2.91539057354303255
97 122 -1.06687957220425012
97 359 -0.849723450066233177
97 373 0.00559970668954574979
97 374 -0.250714824360516064
97 375 -0.310742325510464878
97 383 0.242135177512429717
97 384 0.0160557611650432724
97 385 -0.0585321001636607968
98 71 -0.25245354588815333
98 73 -0.00298942226209355849
98 98 1.17999188404087274
98 99 -0.231215690221289127
98 100 -0.168488689501104183
98 102 -0.422580550392126386
98 103 0.154474128702100616
98 123 -0.277694041832908967
98 124 -0.0662066550375026569
98 127 -0.0240038961428208561
98 128 0.111166478535025509
99 71 -0.0463429434642257804
99 72 -0.656818338534256529
99 73 0.0454537646441954962
99 74 -0.0934904788044605278
99 98 -0.231215690221289127
99 99 3.34361192175834621
99 100 0.116638436016213834
99 101 -0.829833881596924838
99 103 -0.712497579836587014
99 124 -0.655478457125557856
99 128 -0.0779887931406024193
99 382 -0.178007475832605733
99 392 -0.0240304838622462727
100 73 -0.0315705604399747625
100 98 -0.168488689501104183
100 99 0.116638436016213834
100 100 0.254565912717626075
100 101 -0.139415592121030552
100 123 -0.00461528951785082891
100 124 0.0548494878573509703
100 125 -0.0452205131133301963
100 126 -0.0367431918979003527
101 73 -0.0162221596398554081
101 74 -0.637358700316564608
101 99 -0.829833881596924838
101 100 -0.139415592121030552
101 101 3.26195273554225063
101 124 -0.0752520116465431044
101 126 -0.617060200949874016
101 365 -0.0737446709913583964
101 377 -0.634885167425800256
101 381 -0.320876453394910499
101 382 0.122526898217741459
101 391 -0.0812245564146450438
101 392 0.0413937607375139544
102 71 -0.0203446965937313096
102 76 -0.457349384476894882
102 98 -0.422580550392126386
102 102 2.09749003747933349
102 103 -0.224565363010997998
102 104 -0.615540177175479597
102 105 0.123315534575947239
102 127 -0.48191229052385276
102 128 -0.0339305285477637941
102 129 -0.0415002802994506037
102 130 0.0769176989650164622
103 71 0.140777794595336958
103 72 -0.0927937157155122039
103 76 -0.00394921830423772269
103 77 -0.592263781536987999
103 98 0.154474128702100616
103 99 -0.712497579836587014
103 102 -0.224565363010997998
103 103 2.38457426780252701
103 105 -0.500149955672661517
103 128 -0.525205753558198873
103 130 -0.028400823464781174
104 76 -0.0391163765312536049
104 78 -0.620651852084869615
104 102 -0.615540177175479597
104 104 2.80831353868466982
104 105 -0.186977256665370212
104 106 -0.757481933517121675
104 107 0.0753902712134380121
104 129 -0.648137054006802216
104 130 -0.0289170645416129066
104 131 -0.0470934342002434503
104 132 0.0602113388246451262
105 76 0.0995762529612577857
105 77 -0.0393228274505634592
105 78 0.00879275795926504761
105 79 -0.420460628281543014
105 102 0.123315534575947239
105 103 -0.500149955672661517
105 104 -0.186977256665370212
105 105 1.5885042383654675
105 107 -0.318042545685707168
105 130 -0.347068701072661911
105 132 -0.00816686903343029173
106 78 -0.0498775477002299933
106 80 -0.751587534871916874
106 104 -0.757481933517121675
106 106 3.33230799958753288
106 107 -0.142958868530688316
106 108 -0.851600899190073979
106 109 0.0281074337420266149
106 131 -0.786043595849428733
106 132 -0.0254357718885248676
106 133 -0.0381705306355772656
106 134 0.0427412488540018648
107 78 0.0794867875339169416
107 79 -0.014696055966017977
107 80 0.0155358519601487936
107 81 -0.279898213261065898
107 104 0.0753902712134380121
107 105 -0.318042545685707168
107 106 -0.142958868530688316
107 107 0.967695284318654259
107 109 -0.180478526508644543
107 132 -0.200410287244142338
107 134 -0.00162369782989196495
108 80 -0.0492389258356803056
108 82 -0.851600899190074312
108 106 -0.851600899190073979
108 108 3.67187301778220787
108 109 -0.103761627975792733
108 110 -0.896206204962829878
108 111 -0.0122132634824193287
108 133 -0.896206204962828767
108 134 -0.0122132634824193634
108 135 -0.017449173260325631
108 136 0.0186174445602363993
109 80 0.0629760501113442311
109 81 -0.00486087372852737204
109 82 0.0281074337420266183
109 83 -0.180478526508644571
109 106 0.0281074337420266149
109 107 -0.180478526508644543
109 108 -0.103761627975792733
109 109 0.541600321778068827
109 111 -0.0955109448736256444
109 134 -0.0955109448736254502
109 136 -0.000189794904605943964
110 82 -0.0381705306355772864
110 84 -0.915550174997079913
110 108 -0.896206204962829878
110 110 3.81502022399315743
110 111 -0.0712901530020896707
110 112 -0.886264831999507785
110 113 -0.04688148505617655
110 135 -0.971692216195458092
110 136 0.0119855015904546027
110 137 0.00860134151744697262
110 138 -0.0095514702523388801
111 82 0.0427412488540018856
111 83 -0.00162369782989196321
111 84 0.0500245609103566954
111 85 -0.13056285333625714
111 108 -0.0122132634824193287
111 109 -0.0955109448736256444
111 110 -0.0712901530020896707
111 111 0.325618969770551325
111 113 -0.0668611697192436627
111 136 -0.0402943496309696308
111 138 -2.83476604129135153e-05
112 84 -0.0207060753379997922
112 86 -0.932065705283442236
112 110 -0.886264831999507785
112 112 3.73648487285069431
112 113 -0.0412243260074230261
112 114 -0.814796563352532477
112 115 -0.0817618321734346482
112 137 -0.998727902365522557
112 138 0.0419834352040856645
112 139 0.0312266784728628122
112 140 -0.0341477500077796842
113 84 0.018616265382844048
113 85 -0.000857210433376890107
113 86 0.0793390726962037302
113 87 -0.139429891150983559
113 110 -0.04688148505617655
113 111 -0.0668611697192436627
113 112 -0.0412243260074230261
113 113 0.336185840967519856
113 115 -0.0955981282122553705
113 138 -0.0432630196134928258
113 140 -2.59488536157669551e-05
114 86 -0.00276582591221977842
114 88 -0.882929887804579261
114 112 -0.814796563352532477
114 114 3.39668400056584563
114 115 -0.00608819912872589179
114 116 -0.674512452339737556
114 117 -0.123718130088738193
114 139 -0.956425890814625701
114 140 0.0700028912513185747
114 141 0.0412291563449475873
114 142 -0.0466790987209535213
115 86 -0.00507632304037562015
115 87 -0.00103410159454118012
115 88 0.111443817655437427
115 89 -0.220690280470471789
115 112 -0.0817618321734346482
115 113 -0.0955981282122553705
115 114 -0.00608819912872589179
115 115 0.597932699315524729
115 117 -0.182052726604406245
115 140 -0.117573832531785882
115 142 0.00049890678503454835
116 88 0.00921765107332562367
116 90 -0.740798102563822614
116 114 -0.674512452339737556
116 116 2.73707157357995268
116 117 0.0406888003431827711
116 118 -0.460431077920978038
116 119 -0.174937744753076052
116 141 -0.815115958684098585
116 142 0.0912565728930749553
116 143 0.0322128421928725983
116 144 -0.0446521038206961901
117 88 -0.0223615304302178797
117 89 -0.00176930451077675919
117 90 0.142746384838258356
117 91 -0.398242342988363807
117 114 -0.123718130088738193
117 115 -0.182052726604406245
117 116 0.0406888003431827711
117 117 1.15646155488285007
117 119 -0.328871478166746056
117 142 -0.288303893702080871
117 144 0.00542266642703892205
118 90 0.0104723233918667183
118 92 -0.463041814493300063
118 116 -0.460431077920978038
118 118 1.66679642201981681
118 119 0.0973080014663039727
118 120 -0.175452762096850262
118 121 -0.220525062051200038
118 143 -0.531659080444731647
118 144 0.115493819248024446
118 145 0.00832222347630929594
118 146 -0.047282992595261121
119 90 -0.0296914451073387355
119 91 -0.00191792726396869222
119 92 0.177314954461978092
119 93 -0.719093320057570429
119 116 -0.174937744753076052
119 117 -0.328871478166746056
119 118 0.0973080014663039727
119 119 2.1066453397366538
119 121 -0.547839167185613318
119 144 -0.608704192997972182
119 146 0.0297869798673496
120 92 0.00249557651788435845
120 95 -0.0661877458480485958
120 118 -0.175452762096850262
120 120 0.3480757307579046
120 121 0.01785070047388293
120 122 -0.0627528623198986696
120 145 -0.0997262770019283762
120 146 0.142806833814962536
120 147 -0.107109194297908578
121 92 -0.0339377323641480641
121 93 0.00380277356017028056
121 95 0.145475121404366581
121 96 -1.09755534792221354
121 118 -0.220525062051200038
121 119 -0.547839167185613318
121 120 0.01785070047388293
121 121 3.57881948481618783
121 122 -0.763967915329736291
121 146 -1.0857687611744351
121 147 0.21057835598087607
121 383 -0.0920040920503184256
121 393 -0.114928358157818669
122 95 -0.0899662740909242253
122 96 0.176431967636325543
122 97 -1.06687957220425012
122 120 -0.0627528623198986696
122 121 -0.763967915329736291
122 122 3.48445731581272522
122 147 -1.1174355522593713
122 383 -0.0149758473347624335
122 384 -0.346281568491927372
122 385 -0.328587942409792833
122 393 0.15023451578314867
122 394 0.0499556786059759186
122 395 -0.0702319433975110846
123 98 -0.277694041832908967
123 100 -0.00461528951785082891
123 123 1.21477124736426423
123 124 -0.212574684681213211
123 125 -0.17797052666353369
123 127 -0.446710004341938582
123 128 0.186332087493951526
123 148 -0.252449511321374609
123 149 -0.0969339852038039185
123 152 -0.0219661102346139364
123 153 0.0898108189390219441
124 98 -0.0662066550375026569
124 99 -0.655478457125557856
124 100 0.0548494878573509703
124 101 -0.0752520116465431044
124 123 -0.212574684681213211
124 124 3.26050758889722792
124 125 0.149478195284148213
124 126 -0.876034459356238471
124 128 -0.699781032673583936
124 149 -0.639990666750986703
124 153 -0.0770184979560102345
124 392 -0.13675209009053832
124 402 -0.0257467167205528841
125 100 -0.0452205131133301963
125 123 -0.17797052666353369
125 124 0.149478195284148213
125 125 0.263191709506209237
125 126 -0.144396743144037026
125 148 -0.00351805962684304755
125 149 0.0303176329144882392
125 150 -0.0315911154278567669
125 151 -0.0402905797292449699
126 100 -0.0367431918979003527
126 101 -0.617060200949874016
126 124 -0.876034459356238471
