% 7552x7552 81392 nonzeros
1 1 6.6789150063657919e-08
1 2 3.50651163960132499e-09
1 3 2.56765290486602521e-09
1 4 2.50541486580329789e-06
1 5 3.93264072173624234e-08
1 6 9.83969044643082371e-09
1 7 2.2544327124928126e-07
1 8 6.9474585106887943e-08
2 1 3.50651163960132499e-09
2 2 4.18598319718811009e-06
2 3 6.51312714914829754e-07
2 4 1.72628028018008684e-05
2 5 4.69756407816926181e-06
2 9 1.45183500675169483e-07
2 10 1.11328241098728986e-07
2 11 3.76205572696735921e-05
2 12 1.73108319559318751e-06
3 1 2.56765290486602521e-09
3 2 6.51312714914829754e-07
3 3 0.000166901098682260504
3 4 0.000135678891323545757
3 6 4.06754508113750984e-06
3 10 1.10339520474938879e-05
3 11 9.82867235270478996e-05
3 32 2.14096528846925688e-05
3 33 0.000131285116508335776
3 34 7.2209622105186043e-06
3 35 0.000228170586190439538
4 1 2.50541486580329789e-06
4 2 1.72628028018008684e-05
4 3 0.000135678891323545757
4 4 0.00140754462678569186
4 5 0.00022196064666208271
4 6 4.82712899307665211e-05
4 7 0.000230903834615305004
4 8 0.000158080876626625759
4 11 0.000222168322146734491
4 33 0.000188912079135943793
4 35 0.000105537906819382825
4 317 7.19757601486191543e-05
4 318 1.18204280441511429e-05
4 338 5.92730199302829441e-07
5 1 3.93264072173624234e-08
5 2 4.69756407816926181e-06
5 4 0.00022196064666208271
5 5 0.00117027690064577328
5 8 0.000131114031644886085
5 11 0.000209329311748435539
5 12 0.000180060923519418769
5 260 2.68937296635179389e-05
5 267 8.85158563007256685e-05
5 298 0.000199786692205985783
5 299 0.000138782093202020402
5 317 9.6514438433688434e-05
5 318 0.00010040925757922422
6 1 9.83969044643082371e-09
6 3 4.06754508113750984e-06
6 4 4.82712899307665211e-05
6 6 5.84161812642677197e-05
6 7 5.79668710324619715e-05
6 26 3.51669704125095553e-07
6 27 7.07780698796631494e-06
6 28 7.51661137796132454e-05
6 32 2.48030332393011256e-06
6 33 0.000160016021114076247
7 1 2.2544327124928126e-07
7 4 0.000230903834615305004
7 6 5.79668710324619715e-05
7 7 0.00135890243849541722
7 8 0.000169054153278968536
7 26 4.35742768110015903e-06
7 28 0.000225813948629016026
7 31 0.000190450093401590167
7 33 0.000175375582528586695
7 292 7.32556502239046017e-05
7 316 0.000150604766473885537
7 317 5.77483305816125909e-05
7 337 3.50847416749812757e-05
7 338 6.00902819050483117e-06
8 1 6.9474585106887943e-08
8 4 0.000158080876626625759
8 5 0.000131114031644886085
8 7 0.000169054153278968536
8 8 0.000896103826632366381
8 260 4.87448824719216882e-05
8 263 7.83015602719419231e-06
8 292 7.20876646694477389e-05
8 297 0.000207966553049488767
8 298 0.000162063359306847943
8 316 0.0001438107794554813
8 317 0.000185628285330514877
9 2 1.45183500675169483e-07
9 9 1.40027608696801465e-05
9 10 2.2552235150300759e-06
9 11 4.65314203670554066e-05
9 12 1.63933441246932768e-05
9 13 3.27499405128646517e-07
9 14 2.61371261017642358e-07
9 15 7.02996258141973241e-05
9 16 4.34610675128588994e-06
10 2 1.11328241098728986e-07
10 3 1.10339520474938879e-05
10 9 2.2552235150300759e-06
10 10 0.000255236371658020705
10 11 0.000174582623931740315
10 14 1.55896433266295941e-05
10 15 0.000122049328274567994
10 34 3.47274943823327418e-05
10 35 0.000158480889915641734
10 36 1.07697055595713304e-05
10 37 0.000252573125288057187
11 2 3.76205572696735921e-05
11 3 9.82867235270478996e-05
11 4 0.000222168322146734491
11 5 0.000209329311748435539
11 9 4.65314203670554066e-05
11 10 0.000174582623931740315
11 11 0.00138507548952795652
11 12 0.000238149263716405619
11 15 0.000202429701249655711
11 35 0.000146824018501763207
11 37 7.61327220963187699e-05
11 318 2.38963394001115034e-05
11 319 2.66006763812391402e-06
12 2 1.73108319559318751e-06
12 5 0.000180060923519418769
12 9 1.63933441246932768e-05
12 11 0.000238149263716405619
12 12 0.00132764511033527208
12 15 0.000220537233341091383
12 16 0.000207200553364406375
12 267 5.20020796671708717e-05
12 271 0.000119077808445839528
12 299 0.000183494817589362831
12 300 0.000119591713000374291
12 318 5.63901459087683715e-05
12 319 5.56100466256930978e-05
13 9 3.27499405128646517e-07
13 13 1.49761014985595303e-05
13 14 2.48627681439163985e-06
13 15 5.56280971855234736e-05
13 16 1.8901220911249716e-05
13 17 1.76654491958809687e-07
13 18 1.4604776256085852e-07
13 19 6.64144353077057801e-05
13 20 2.785983779605024e-06
14 9 2.61371261017642358e-07
14 10 1.55896433266295941e-05
14 13 2.48627681439163985e-06
14 14 0.000273611078380563643
14 15 0.000188538555534527021
14 18 1.34423460191787242e-05
14 19 0.000122422586174140383
14 36 3.82898292083476145e-05
14 37 0.000168749584769900166
14 38 9.46439784309444108e-06
14 39 0.00025579344954611131
15 9 7.02996258141973241e-05
15 10 0.000122049328274567994
15 11 0.000202429701249655711
15 12 0.000220537233341091383
15 13 5.56280971855234736e-05
15 14 0.000188538555534527021
15 15 0.00137526579751689809
15 16 0.000247595368362676005
15 19 0.000205407382076261099
15 37 0.000132267215413095658
15 39 7.421632519176266e-05
15 319 1.07548462894358235e-05
15 320 1.56944376225611364e-06
16 9 4.34610675128588994e-06
16 12 0.000207200553364406375
16 13 1.8901220911249716e-05
16 15 0.000247595368362676005
16 16 0.00140142480383864025
16 19 0.000228561555964098688
16 20 0.000210892274360149087
16 271 6.94789431865566493e-05
16 275 0.000129817926764316826
16 300 0.000176146881113731013
16 301 0.000119905293591993339
16 319 3.92480457409770741e-05
16 320 5.16851225378376622e-05
17 13 1.76654491958809687e-07
17 17 5.09094766054115614e-06
17 18 8.64968033527796666e-07
17 19 3.64203991610017374e-05
17 20 7.21374329324426428e-06
17 21 5.22099848285575578e-09
17 22 4.45475963940518567e-09
17 23 2.61450060129816517e-05
17 24 1.10725434976390727e-07
18 13 1.4604776256085852e-07
18 14 1.34423460191787242e-05
18 17 8.64968033527796666e-07
18 18 0.00020615490143422382
18 19 0.000177079569122548747
18 22 6.08109679323975163e-06
18 23 9.30894481267767509e-05
18 38 2.88244424800840643e-05
18 39 0.000165713629760126213
18 40 4.29442861181836897e-06
18 41 0.000235091805038386284
19 13 6.64144353077057801e-05
19 14 0.000122422586174140383
19 15 0.000205407382076261099
19 16 0.000228561555964098688
19 17 3.64203991610017374e-05
19 18 0.000177079569122548747
19 19 0.00146563168060778824
19 20 0.000260334473936159718
19 23 0.000240592694862747829
19 39 0.0001454887583671041
19 41 0.00010153899103973479
19 320 1.2584569689885735e-05
19 321 4.4043882477780751e-06
20 13 2.785983779605024e-06
20 16 0.000210892274360149087
20 17 7.21374329324426428e-06
20 19 0.000260334473936159718
20 20 0.00138845608328447083
20 23 0.000231341950217540753
20 24 0.000183891805139100347
20 275 6.75141602998007679e-05
20 279 0.000115521600358318215
20 301 0.000190634933313739056
20 302 0.000144796399768568388
20 320 4.78952042887255384e-05
20 321 9.06936337851670961e-05
21 17 5.22099848285575578e-09
21 21 9.09347139034761701e-08
21 22 1.52915908867990172e-08
21 23 2.98800287363479292e-06
21 24 1.34025345808136286e-07
21 25 3.75053208505863167e-07
22 17 4.45475963940518567e-09
22 18 6.08109679323975163e-06
22 21 1.52915908867990172e-08
22 22 8.33421357645559586e-05
22 23 0.000111658471746215517
22 25 2.33251846647526033e-05
22 40 1.17132902015803409e-05
22 41 0.000135967311279733944
22 42 6.53232699059668366e-07
22 43 4.68587848853603982e-07
22 44 0.000154826436837588859
23 17 2.61450060129816517e-05
23 18 9.30894481267767509e-05
23 19 0.000240592694862747829
23 20 0.000231341950217540753
23 21 2.98800287363479292e-06
23 22 0.000111658471746215517
23 23 0.00166290383916325025
23 24 0.000251433342288241116
23 25 0.000287541946505946093
23 41 0.000194540305563515507
23 44 0.000187479152680971055
23 321 3.74539031172556235e-05
23 322 3.42665357655529081e-05
23 339 1.11131385914786891e-06
24 17 1.10725434976390727e-07
24 20 0.000183891805139100347
24 21 1.34025345808136286e-07
24 23 0.000251433342288241116
24 24 0.00121381885704964845
24 25 0.000162613104383316806
24 279 4.56548639688761847e-05
24 283 7.76149186685043792e-05
24 302 0.000227431176180038303
24 303 0.000124005485823085973
24 304 0.000184631153673976771
24 321 8.96196279136584841e-05
24 322 0.00018688330998044281
25 21 3.75053208505863167e-07
25 22 2.33251846647526033e-05
25 23 0.000287541946505946093
25 24 0.000162613104383316806
25 25 0.00167416307228599381
25 42 1.18619617690423506e-05
25 44 0.000288157534885804688
25 45 0.000253343937052799453
25 303 0.000170350896991046429
25 322 0.000134479517866670375
25 323 0.000205987503583782399
25 324 0.000134255850578535293
25 339 7.67102813837439207e-06
25 340 7.86655290448196238e-05
26 6 3.51669704125095553e-07
26 7 4.35742768110015903e-06
26 26 4.20388932755505014e-06
26 27 2.01393585424328897e-07
26 28 4.04365629224396838e-05
26 29 4.79624790472604006e-07
26 30 7.22609647065421633e-06
26 31 4.1763760446438114e-06
27 6 7.07780698796631494e-06
27 26 2.01393585424328897e-07
27 27 0.000320710961619021157
27 28 0.000181568139286435556
27 29 9.73737257525988102e-06
27 32 3.18503677506950237e-05
27 33 0.000148500798865244549
27 52 3.76832723489795078e-05
27 53 0.000155182730558360056
27 54 1.90734081453900354e-05
27 55 0.000262568716373489687
28 6 7.51661137796132454e-05
28 7 0.000225813948629016026
28 26 4.04365629224396838e-05
28 27 0.000181568139286435556
28 28 0.00131051189741606777
28 29 8.73593726519131947e-05
28 30 0.000222455583930045468
28 31 0.000202988423983652686
28 33 0.000160208565513695667
28 53 0.000147167547093703262
28 55 5.64013135004503083e-05
28 337 2.03101914895280851e-05
28 338 1.88784038541277886e-07
28 356 3.53630900371503548e-09
29 26 4.79624790472604006e-07
29 27 9.73737257525988102e-06
29 28 8.73593726519131947e-05
29 29 0.000100653554343990822
29 30 9.19098754460580437e-05
29 46 4.79624790472603688e-07
29 47 9.73737257525987593e-06
29 48 8.73593726519129372e-05
29 52 4.76001123426917611e-06
29 53 0.000197151455633195354
30 26 7.22609647065421633e-06
30 28 0.000222455583930045468
30 29 9.19098754460580437e-05
30 30 0.00136283769686123125
30 31 0.000201353489100350696
30 46 7.22609647065433999e-06
30 48 0.000222455583930046606
30 51 0.000201353489100351076
30 53 0.000140263104911401352
30 310 9.70198267873943808e-05
30 336 0.000125620860843886578
30 337 2.35672895288914215e-05
30 355 2.35672895288914215e-05
30 356 2.27845809179353201e-07
31 7 0.000190450093401590167
31 26 4.1763760446438114e-06
31 28 0.000202988423983652686
31 30 0.000201353489100350696
31 31 0.00110870903202697595
31 292 9.06382516752453501e-05
31 294 1.95450489914813159e-05
31 310 0.000100338447435104999
31 315 0.000197955802558099877
31 316 0.000127746406626576086
31 336 0.000118185445216022151
31 337 0.000103488490082917169
32 3 2.14096528846925688e-05
32 6 2.48030332393011256e-06
32 27 3.18503677506950237e-05
32 32 0.000540847422476946663
32 33 0.000217948316975041546
32 34 5.62939539507853877e-05
32 35 0.00017361205092440295
32 54 7.37215978409803014e-05
32 55 0.000176570129203009645
32 56 3.92168158441440106e-05
32 57 0.000270695324116985525
33 3 0.000131285116508335776
33 4 0.000188912079135943793
33 6 0.000160016021114076247
33 7 0.000175375582528586695
33 27 0.000148500798865244549
33 28 0.000160208565513695667
33 32 0.000217948316975041546
33 33 0.00105788885764410557
33 35 0.000107974699593089887
33 55 8.61737373946105993e-05
33 57 2.53158144472976494e-05
33 338 2.30772314867605046e-07
34 3 7.2209622105186043e-06
34 10 3.47274943823327418e-05
34 32 5.62939539507853877e-05
34 34 0.000691433796036845143
34 35 0.000233336492282406195
34 36 7.09700012100306446e-05
34 37 0.000182108369141311565
34 56 0.000102451288275321622
34 57 0.000176680764413099248
34 58 5.34867715974558802e-05
34 59 0.000265606422582278894
35 3 0.000228170586190439538
35 4 0.000105537906819382825
35 10 0.000158480889915641734
35 11 0.000146824018501763207
35 32 0.00017361205092440295
35 33 0.000107974699593089887
35 34 0.000233336492282406195
35 35 0.000864353277569740843
35 37 8.33859238088483228e-05
35 57 5.52428654655746649e-05
35 59 1.47526870479082645e-05
36 10 1.07697055595713304e-05
36 14 3.82898292083476145e-05
36 34 7.09700012100306446e-05
36 36 0.000739141658920090708
36 37 0.000243521431878561899
36 38 6.82170921089262001e-05
36 39 0.000187517236579866971
36 58 0.000112499936619225356
36 59 0.000176971593362468179
36 60 5.14606441196205681e-05
36 61 0.00026918427803087323
37 10 0.000252573125288057187
37 11 7.61327220963187699e-05
37 14 0.000168749584769900166
37 15 0.000132267215413095658
37 34 0.000182108369141311565
37 35 8.33859238088483228e-05
37 36 0.000243521431878561899
37 37 0.000792023349499496282
37 39 8.07276159844526694e-05
37 59 4.42138576126772768e-05
37 61 1.31999716547908252e-05
38 14 9.46439784309444108e-06
38 18 2.88244424800840643e-05
38 36 6.82170921089262001e-05
38 38 0.000663902055002952565
38 39 0.000254132303335616186
38 40 4.73633237636330234e-05
38 41 0.000188865502117396329
38 60 9.82986548041140881e-05
38 61 0.000186993228158420776
38 62 3.31003723624967037e-05
38 63 0.000282453716249044613
39 14 0.00025579344954611131
39 15 7.421632519176266e-05
39 18 0.000165713629760126213
39 19 0.0001454887583671041
39 36 0.000187517236579866971
39 37 8.07276159844526694e-05
39 38 0.000254132303335616186
39 39 0.000850245889849389935
39 41 0.000101644680550863999
39 61 4.90790504121916556e-05
39 63 1.96708416909359833e-05
40 18 4.29442861181836897e-06
40 22 1.17132902015803409e-05
40 38 4.73633237636330234e-05
40 40 0.000458224126882193197
40 41 0.000254529574022837105
40 43 1.81735537700897276e-05
40 44 0.000162895451667150598
40 62 6.21279446102021885e-05
40 63 0.000198985334848466195
40 64 1.11129487778402128e-05
40 65 0.000281470260820013076
41 18 0.000235091805038386284
41 19 0.00010153899103973479
41 22 0.000135967311279733944
41 23 0.000194540305563515507
41 38 0.000188865502117396329
41 39 0.000101644680550863999
41 40 0.000254529574022837105
41 41 0.00106795088638394196
41 44 0.000159684183019278089
41 63 7.53439628560911633e-05
41 65 4.54549728806829043e-05
42 22 6.53232699059668366e-07
42 25 1.18619617690423506e-05
42 42 6.83119588988872363e-06
42 43 9.49601180629317341e-07
42 44 4.91377784920716702e-05
42 45 1.64376563374507737e-05
43 22 4.68587848853603982e-07
43 40 1.81735537700897276e-05
43 42 9.49601180629317341e-07
43 43 0.000169214957607104069
43 44 0.000193650889184443975
43 45 6.17816193019164679e-05
43 64 2.01264617196491034e-05
43 65 0.000176818438141421093
43 66 1.14923110168437191e-06
43 67 6.51751649450116692e-07
43 68 0.000202346381684980826
44 22 0.000154826436837588859
44 23 0.000187479152680971055
44 25 0.000288157534885804688
44 40 0.000162895451667150598
44 41 0.000159684183019278089
44 42 4.91377784920716702e-05
44 43 0.000193650889184443975
44 44 0.00149916378689119757
44 45 0.00028070067939679874
44 65 0.000143079457287419279
44 68 0.000139387407074601524
44 339 5.63671474624785972e-07
44 340 1.55224848827158233e-06
44 357 9.17713825137100252e-09
45 25 0.000253343937052799453
45 42 1.64376563374507737e-05
45 43 6.17816193019164679e-05
45 44 0.00028070067939679874
45 45 0.00187861201613424129
45 66 1.79325383184548661e-05
45 68 0.000288455795567098435
45 69 0.000265671236096340542
45 323 0.000228643164212679532
45 340 6.36176312861324564e-05
45 341 0.000232780408892446056
45 342 0.000113728394274066039
45 357 3.43966695542870249e-07
45 358 6.92342693299431082e-05
46 29 4.79624790472603688e-07
46 30 7.22609647065433999e-06
46 46 4.20388932755507978e-06
46 47 2.0139358542432895e-07
46 48 4.04365629224398465e-05
46 49 3.51669704125096824e-07
46 50 4.35742768110013955e-06
46 51 4.17637604464379784e-06
47 29 9.73737257525987593e-06
47 46 2.0139358542432895e-07
47 47 0.000320710961619021374
47 48 0.00018156813928643542
47 49 7.07780698796630647e-06
47 52 3.76832723489794536e-05
47 53 0.00015518273055835992
47 76 3.1850367750695044e-05
47 77 0.000148500798865244604
47 78 1.90734081453900489e-05
47 79 0.000262568716373489796
48 29 8.73593726519129372e-05
48 30 0.000222455583930046606
48 46 4.04365629224398465e-05
48 47 0.00018156813928643542
48 48 0.00131051189741606734
48 49 7.51661137796130285e-05
48 50 0.000225813948629015619
48 51 0.000202988423983652686
48 53 0.00014716754709370291
48 77 0.000160208565513695152
48 79 5.64013135004503218e-05
48 355 2.03101914895280817e-05
48 356 3.53630900371498751e-09
48 371 1.88784038541274154e-07
49 46 3.51669704125096824e-07
49 47 7.07780698796630647e-06
49 48 7.51661137796130285e-05
49 49 5.84161812642674215e-05
49 50 5.79668710324620799e-05
49 70 9.8396904464308022e-09
49 71 4.0675450811375056e-06
49 72 4.82712899307661213e-05
49 76 2.48030332393008292e-06
49 77 0.000160016021114075461
50 46 4.35742768110013955e-06
50 48 0.000225813948629015619
50 49 5.79668710324620799e-05
50 50 0.00135890243849541245
50 51 0.000190450093401590628
50 70 2.25443271249265219e-07
50 72 0.000230903834615306142
50 75 0.000169054153278967967
50 77 0.000175375582528586207
50 330 7.32556502239046017e-05
50 354 0.000150604766473885646
50 355 3.50847416749814316e-05
50 370 5.77483305816119742e-05
50 371 6.00902819050485913e-06
51 30 0.000201353489100351076
51 46 4.17637604464379784e-06
51 48 0.000202988423983652686
51 50 0.000190450093401590628
51 51 0.00110870903202697573
51 310 0.000100338447435104985
51 312 1.95450489914813193e-05
51 330 9.0638251675245079e-05
51 335 0.000197955802558099823
51 336 0.000118185445216022341
51 354 0.00012774640662657576
51 355 0.000103488490082917278
52 27 3.76832723489795078e-05
52 29 4.76001123426917611e-06
52 47 3.76832723489794536e-05
52 52 0.00064834102451964313
52 53 0.000223024468622895261
52 54 8.32547669644181899e-05
52 55 0.000176459323068697024
52 78 8.32547669644182441e-05
52 79 0.000176459323068697214
52 80 5.54554168548288706e-05
52 81 0.000262058336607116059
53 27 0.000155182730558360056
53 28 0.000147167547093703262
53 29 0.000197151455633195354
53 30 0.000140263104911401352
53 47 0.00015518273055835992
53 48 0.00014716754709370291
53 52 0.000223024468622895261
53 53 0.00093234796387105961
53 55 7.60520070426067148e-05
53 79 7.60520070426067555e-05
53 81 1.63333974161281986e-05
53 356 2.47803955350483717e-09
54 27 1.90734081453900354e-05
54 32 7.37215978409803014e-05
54 52 8.32547669644181899e-05
54 54 0.000928310143981589571
54 55 0.000227758509648911639
54 56 0.000125999475732142032
54 57 0.000166884820834452339
54 80 0.000138840863471089137
54 81 0.000159929107481333464
54 82 0.000100591818080089022
54 83 0.000225671829375556556
55 27 0.000262568716373489687
55 28 5.64013135004503083e-05
55 32 0.000176570129203009645
55 33 8.61737373946105993e-05
55 52 0.000176459323068697024
55 53 7.60520070426067148e-05
55 54 0.000227758509648911639
55 55 0.000621887276391656853
55 57 4.01216887258212717e-05
55 81 3.35565729917251075e-05
55 83 4.87113393574656701e-06
56 32 3.92168158441440106e-05
56 34 0.000102451288275321622
56 54 0.000125999475732142032
56 56 0.00111621827089448695
56 57 0.000220229061152250752
56 58 0.000151646354219609744
56 59 0.000154843910938957398
56 82 0.000180718418084665697
56 83 0.000133943032385873417
56 84 0.000132639673161699331
56 85 0.000195258051860039015
57 32 0.000270695324116985525
57 33 2.53158144472976494e-05
57 34 0.000176680764413099248
57 35 5.52428654655746649e-05
57 54 0.000166884820834452339
57 55 4.01216887258212717e-05
57 56 0.000220229061152250752
57 57 0.000436723696340828396
57 59 2.51601699475673338e-05
57 83 1.56509636332554705e-05
57 85 1.90512725842097153e-06
58 34 5.34867715974558802e-05
58 36 0.000112499936619225356
58 56 0.000151646354219609744
58 58 0.0011903275800737459
58 59 0.000218790632956607114
58 60 0.000151523795574267305
58 61 0.000157685627599800219
58 84 0.000197638645994785856
58 85 0.000122137002769681131
58 86 0.000132429723311248314
58 87 0.000195945801806942993
59 34 0.000265606422582278894
59 35 1.47526870479082645e-05
59 36 0.000176971593362468179
59 37 4.42138576126772768e-05
59 56 0.000154843910938957398
59 57 2.51601699475673338e-05
59 58 0.000218790632956607114
59 59 0.000361425843262839889
59 61 2.24393725688468774e-05
59 85 9.87261580020416529e-06
59 87 1.42666358089479233e-06
60 36 5.14606441196205681e-05
60 38 9.82986548041140881e-05
60 58 0.000151523795574267305
60 60 0.00113150626440231558
60 61 0.000235770166665891999
60 62 0.00012232012740299303
60 63 0.00017961690743310073
60 86 0.000183242266076458736
60 87 0.000136018340625374652
60 88 9.68895012606425451e-05
60 89 0.000231697254240037878
61 36 0.00026918427803087323
61 37 1.31999716547908252e-05
61 38 0.000186993228158420776
61 39 4.90790504121916556e-05
61 58 0.000157685627599800219
61 59 2.24393725688468774e-05
61 60 0.000235770166665891999
61 61 0.000390320356330542482
61 63 3.10639310237126507e-05
61 87 1.10491300697077447e-05
61 89 2.54599460737947445e-06
62 38 3.31003723624967037e-05
62 40 6.21279446102021885e-05
62 60 0.00012232012740299303
62 62 0.000917707697495933109
62 63 0.0002693865063919699
62 64 6.96744789886278248e-05
62 65 0.000204951761288249898
62 88 0.00013585089803948717
62 89 0.000174620092854416652
62 90 4.50071492680716761e-05
62 91 0.000280049902259674405
63 38 0.000282453716249044613
63 39 1.96708416909359833e-05
63 40 0.000198985334848466195
63 41 7.53439628560911633e-05
63 60 0.00017961690743310073
63 61 3.10639310237126507e-05
63 62 0.0002693865063919699
63 63 0.000549165382269031755
63 65 6.11311383333351514e-05
63 89 2.1850032894275451e-05
63 91 8.78657284188819274e-06
64 40 1.11129487778402128e-05
64 43 2.01264617196491034e-05
64 62 6.96744789886278248e-05
64 64 0.000540659248992716394
64 65 0.000289545574582215567
64 67 1.71449041853605364e-05
64 68 0.000180830624789337171
64 90 6.61849764800271425e-05
64 91 0.000211602948646618207
64 92 8.15129068924722159e-06
64 93 0.000289226419147033229
65 40 0.000281470260820013076
65 41 4.54549728806829043e-05
65 43 0.000176818438141421093
65 44 0.000143079457287419279
65 62 0.000204951761288249898
65 63 6.11311383333351514e-05
65 64 0.000289545574582215567
65 65 0.000906887075724023507
65 68 0.000142048828173791568
65 91 5.7969453483567138e-05
65 93 4.06604726422554052e-05
66 43 1.14923110168437191e-06
66 45 1.79325383184548661e-05
66 66 8.14563506623992582e-06
66 67 8.75603086494656974e-07
66 68 5.55394835281484471e-05
66 69 1.35689875478965715e-05
67 43 6.51751649450116692e-07
67 64 1.71449041853605364e-05
67 66 8.75603086494656974e-07
67 67 0.000117723561246674187
67 68 0.000185400132261415314
67 69 2.9687773100780878e-05
67 92 1.06874003453075045e-05
67 93 0.000169478760395846528
67 94 3.24727387741510675e-08
67 95 1.23855427727374893e-08
67 96 0.000144238823271128878
68 43 0.000202346381684980826
68 44 0.000139387407074601524
68 45 0.000288455795567098435
68 64 0.000180830624789337171
68 65 0.000142048828173791568
68 66 5.55394835281484471e-05
68 67 0.000185400132261415314
68 68 0.00156862616215556832
68 69 0.000314395558134930554
68 93 0.000160587027715364711
68 96 0.000198926914714273116
68 357 9.2166223832288282e-09
68 358 1.8595433206575762e-06
68 372 7.07367698386280615e-07
69 45 0.000265671236096340542
69 66 1.35689875478965715e-05
69 67 2.9687773100780878e-05
69 68 0.000314395558134930554
69 69 0.00186218370890793637
69 94 5.37751291262969616e-07
69 96 0.000332940399092289591
69 97 0.000170889264770571702
69 341 0.000213710335559203212
69 358 9.35210820359898325e-05
69 359 0.00017382612780220423
69 360 0.000171158471585980231
69 372 1.00968366892704077e-05
69 373 0.00018050611295592983
70 49 9.8396904464308022e-09
70 50 2.25443271249265219e-07
70 70 6.67891500636542661e-08
70 71 2.56765290486612365e-09
70 72 2.50541486580320302e-06
70 73 3.50651163960140068e-09
70 74 3.93264072173617286e-08
70 75 6.94745851068874931e-08
71 49 4.0675450811375056e-06
71 70 2.56765290486612365e-09
71 71 0.00016690109868226129
71 72 0.000135678891323545784
71 73 6.51312714914830072e-07
71 76 2.14096528846926095e-05
71 77 0.000131285116508336535
71 98 1.10339520474938998e-05
71 99 9.82867235270481977e-05
71 102 7.2209622105185755e-06
71 103 0.000228170586190440405
72 49 4.82712899307661213e-05
72 50 0.000230903834615306142
72 70 2.50541486580320302e-06
72 71 0.000135678891323545784
72 72 0.00140754462678569967
72 73 1.72628028018006007e-05
72 74 0.0002219606466620829
72 75 0.000158080876626627196
72 77 0.000188912079135942926
72 99 0.000222168322146733515
72 103 0.000105537906819382933
72 370 7.19757601486188426e-05
72 371 5.92730199302844899e-07
72 382 1.18204280441511056e-05
73 70 3.50651163960140068e-09
73 71 6.51312714914830072e-07
73 72 1.72628028018006007e-05
73 73 4.18598319718805588e-06
73 74 4.69756407816924741e-06
73 98 1.11328241098726564e-07
73 99 3.76205572696732872e-05
73 100 1.45183500675169616e-07
73 101 1.73108319559319492e-06
74 70 3.93264072173617286e-08
74 72 0.0002219606466620829
74 73 4.69756407816924741e-06
74 74 0.00117027690064577371
74 75 0.00013111403164488576
74 99 0.000209329311748436434
74 101 0.000180060923519419555
74 348 2.68937296635179287e-05
74 365 8.85158563007257498e-05
74 369 0.000199786692205985376
74 370 9.65144384336880004e-05
74 381 0.000138782093202021161
74 382 0.000100409257579224355
75 50 0.000169054153278967967
75 70 6.94745851068874931e-08
75 72 0.000158080876626627196
75 74 0.00013111403164488576
75 75 0.000896103826632363887
75 330 7.20876646694477389e-05
75 332 7.83015602719420417e-06
75 348 4.8744882471921783e-05
75 353 0.000207966553049488767
75 354 0.000143810779455481137
75 369 0.00016206335930684816
75 370 0.000185628285330513522
76 47 3.1850367750695044e-05
76 49 2.48030332393008292e-06
76 71 2.14096528846926095e-05
76 76 0.000540847422476946663
76 77 0.000217948316975041437
76 78 7.37215978409801659e-05
76 79 0.00017657012920300997
76 102 5.62939539507852115e-05
76 103 0.000173612050924403058
76 104 3.92168158441440581e-05
76 105 0.0002706953241169852
77 47 0.000148500798865244604
77 48 0.000160208565513695152
77 49 0.000160016021114075461
77 50 0.000175375582528586207
77 71 0.000131285116508336535
77 72 0.000188912079135942926
77 76 0.000217948316975041437
77 77 0.00105788885764410471
77 79 8.61737373946106671e-05
77 103 0.000107974699593090347
77 105 2.53158144472976562e-05
77 371 2.30772314867607746e-07
78 47 1.90734081453900489e-05
78 52 8.32547669644182441e-05
78 76 7.37215978409801659e-05
78 78 0.000928310143981590113
78 79 0.000227758509648911503
78 80 0.000138840863471089435
78 81 0.00015992910748133322
78 104 0.000125999475732142005
78 105 0.000166884820834452285
78 106 0.000100591818080089063
78 107 0.000225671829375557179
79 47 0.000262568716373489796
79 48 5.64013135004503218e-05
79 52 0.000176459323068697214
79 53 7.60520070426067555e-05
79 76 0.00017657012920300997
79 77 8.61737373946106671e-05
79 78 0.000227758509648911503
79 79 0.00062188727639165707
79 81 3.35565729917250668e-05
79 105 4.01216887258212649e-05
79 107 4.87113393574653482e-06
80 52 5.54554168548288706e-05
80 54 0.000138840863471089137
80 78 0.000138840863471089435
80 80 0.00124315399862318207
80 81 0.000203174742399939406
80 82 0.000195547244071742895
80 83 0.000121959101322841545
80 106 0.000195547244071742976
80 107 0.000121959101322841924
80 108 0.000173209067163078607
80 109 0.000154512361754630822
81 52 0.000262058336607116059
81 53 1.63333974161281986e-05
81 54 0.000159929107481333464
81 55 3.35565729917251075e-05
81 78 0.00015992910748133322
81 79 3.35565729917250668e-05
81 80 0.000203174742399939406
81 81 0.000335828637681776507
81 83 1.21440408718486786e-05
81 107 1.21440408718486582e-05
81 109 7.6637256511486316e-07
82 54 0.000100591818080089022
82 56 0.000180718418084665697
82 80 0.000195547244071742895
82 82 0.0014558040173907941
82 83 0.000168549825278308164
82 84 0.000229817093678893878
82 85 9.33879631004539535e-05
82 108 0.000246469675355007515
82 109 7.79634132780873153e-05
82 110 0.000225434790632533723
82 111 0.000101622131335999961
83 54 0.000225671829375556556
83 55 4.87113393574656701e-06
83 56 0.000133943032385873417
83 57 1.56509636332554705e-05
83 80 0.000121959101322841545
83 81 1.21440408718486786e-05
83 82 0.000168549825278308164
83 83 0.000180489895211567323
83 85 5.1307824019328688e-06
83 109 3.25174298701790745e-06
83 111 1.30805932389008012e-07
84 56 0.000132639673161699331
84 58 0.000197638645994785856
84 82 0.000229817093678893878
84 84 0.0015510311939278688
84 85 0.000149312520742820958
84 86 0.000233647007272275034
84 87 9.08757935752094382e-05
84 110 0.000268810320090826481
84 111 5.70676879052710705e-05
84 112 0.000229307247560350981
84 113 9.78188200819757477e-05
85 56 0.000195258051860039015
85 57 1.90512725842097153e-06
85 58 0.000122137002769681131
85 59 9.87261580020416529e-06
85 82 9.33879631004539535e-05
85 83 5.1307824019328688e-06
85 84 0.000149312520742820958
85 85 0.000119798626982370136
85 87 3.81199906306546228e-06
85 111 1.15891369240324607e-06
85 113 6.12776593203872692e-08
86 58 0.000132429723311248314
86 60 0.000183242266076458736
86 84 0.000233647007272275034
86 86 0.00151093136216634365
86 87 0.000166101407214319191
86 88 0.000202005988222298644
86 89 0.000121242771809394745
86 112 0.000256453832139373269
86 113 6.99166649705006463e-05
86 114 0.000177802296550831922
86 115 0.000150508666755116657
87 58 0.000195945801806942993
87 59 1.42666358089479233e-06
87 60 0.000136018340625374652
87 61 1.10491300697077447e-05
87 84 9.08757935752094382e-05
87 85 3.81199906306546228e-06
87 86 0.000166101407214319191
87 87 0.000130238385727271896
87 89 6.39844547880745324e-06
87 113 1.31279105915412338e-06
87 115 1.75667380376961858e-07
88 60 9.68895012606425451e-05
88 62 0.00013585089803948717
88 86 0.000202005988222298644
88 88 0.00130826759899635393
88 89 0.000222910185044065159
88 90 0.000135266706636363317
88 91 0.000178120093796003525
88 114 0.000204605356761465134
88 115 0.000120381012365250478
88 116 9.42818041012926994e-05
88 117 0.000235454336970231895
89 60 0.000231697254240037878
89 61 2.54599460737947445e-06
89 62 0.000174620092854416652
89 63 2.1850032894275451e-05
89 86 0.000121242771809394745
89 87 6.39844547880745324e-06
89 88 0.000222910185044065159
89 89 0.000231200861570980801
89 91 1.89342233558135286e-05
89 115 4.66083638378605999e-06
89 117 1.3966090365364184e-06
90 62 4.50071492680716761e-05
90 64 6.61849764800271425e-05
90 88 0.000135266706636363317
90 90 0.000910403565378327872
90 91 0.000295570306088871091
90 92 5.20166863498178525e-05
90 93 0.000219065059601313011
90 116 0.000117612377678431997
90 117 0.00019364572032394114
90 118 2.43964205081879983e-05
90 119 0.000298499719605755547
91 62 0.000280049902259674405
91 63 8.78657284188819274e-06
91 64 0.000211602948646618207
91 65 5.7969453483567138e-05
91 88 0.000178120093796003525
91 89 1.89342233558135286e-05
91 90 0.000295570306088871091
91 91 0.000504101914992834284
91 93 6.53754963636284662e-05
91 117 2.17428678574344927e-05
91 119 1.23287901885327922e-05
92 64 8.15129068924722159e-06
92 67 1.06874003453075045e-05
92 90 5.20166863498178525e-05
92 92 0.000345772039123157834
92 93 0.000300093065126645858
92 95 2.23173077185850186e-06
92 96 0.000133474183071097876
92 118 3.01821687072531101e-05
92 119 0.00021847676017615862
92 120 5.59188818230920419e-07
92 121 0.000247481355716276771
93 64 0.000289226419147033229
93 65 4.06604726422554052e-05
93 67 0.000169478760395846528
93 68 0.000160587027715364711
93 90 0.000219065059601313011
93 91 6.53754963636284662e-05
93 92 0.000300093065126645858
93 93 0.00108927599193536177
93 96 0.000206514993201873157
93 119 8.92145775484819159e-05
93 121 9.28846801554320304e-05
94 67 3.24727387741510675e-08
94 69 5.37751291262969616e-07
94 94 1.58105461021072621e-07
94 95 1.11392721431842084e-08
94 96 4.41757238866982779e-06
94 97 1.88936344473933088e-07
95 67 1.23855427727374893e-08
95 92 2.23173077185850186e-06
95 94 1.11392721431842084e-08
95 95 1.03503713542584595e-05
95 96 4.09335089599280859e-05
95 97 1.67261739583714371e-07
95 120 4.89303785566714791e-07
95 121 5.9973386148237182e-05
95 122 1.12499391115013475e-05
96 67 0.000144238823271128878
96 68 0.000198926914714273116
96 69 0.000332940399092289591
96 92 0.000133474183071097876
96 93 0.000206514993201873157
96 94 4.41757238866982779e-06
96 95 4.09335089599280859e-05
96 96 0.0019795966670569788
96 97 0.000298165955025305124
96 121 0.000284002242533537303
96 122 0.000279042591466647377
96 372 1.4641254365466156e-06
96 373 5.14224005127928493e-05
96 383 5.81850511600893276e-05
97 69 0.000170889264770571702
97 94 1.88936344473933088e-07
97 95 1.67261739583714371e-07
97 96 0.000298165955025305124
97 97 0.00132920489991499046
97 122 0.00019776623708251664
97 359 0.00010880123775056044
97 373 0.000284233017834977582
97 374 4.27742536378983979e-05
97 375 0.000257793869776688257
97 383 0.000150712755760270476
97 384 2.08091409402501358e-05
97 385 0.000329531719674430875
98 71 1.10339520474938998e-05
98 73 1.11328241098726564e-07
98 98 0.000255236371658020867
98 99 0.000174582623931740207
98 100 2.25522351503009073e-06
98 102 3.47274943823327824e-05
98 103 0.000158480889915641924
98 123 1.55896433266295467e-05
98 124 0.000122049328274568129
98 127 1.07697055595713203e-05
98 128 0.000252573125288057133
99 71 9.82867235270481977e-05
99 72 0.000222168322146733515
99 73 3.76205572696732872e-05
99 74 0.000209329311748436434
99 98 0.000174582623931740207
99 99 0.00138507548952795695
99 100 4.65314203670549729e-05
99 101 0.000238149263716407652
99 103 0.000146824018501763316
99 124 0.000202429701249654816
99 128 7.61327220963187835e-05
99 382 2.38963394001114933e-05
99 392 2.66006763812398347e-06
100 73 1.45183500675169616e-07
100 98 2.25522351503009073e-06
100 99 4.65314203670549729e-05
100 100 1.40027608696800432e-05
100 101 1.63933441246932429e-05
100 123 2.61371261017642094e-07
100 124 7.02996258141970801e-05
100 125 3.27499405128648899e-07
100 126 4.3461067512859018e-06
101 73 1.73108319559319492e-06
101 74 0.000180060923519419555
101 99 0.000238149263716407652
101 100 1.63933441246932429e-05
101 101 0.00132764511033527468
101 124 0.000220537233341093578
101 126 0.000207200553364407188
101 365 5.20020796671706955e-05
101 377 0.000119077808445839338
101 381 0.000183494817589362885
101 382 5.63901459087685341e-05
101 391 0.000119591713000373939
101 392 5.56100466256931114e-05
102 71 7.2209622105185755e-06
102 76 5.62939539507852115e-05
102 98 3.47274943823327824e-05
102 102 0.000691433796036844709
102 103 0.000233336492282406032
102 104 0.000102451288275321785
102 105 0.000176680764413098896
102 127 7.09700012100306852e-05
102 128 0.000182108369141311375
102 129 5.34867715974558463e-05
102 130 0.000265606422582279056
103 71 0.000228170586190440405
103 72 0.000105537906819382933
103 76 0.000173612050924403058
103 77 0.000107974699593090347
103 98 0.000158480889915641924
103 99 0.000146824018501763316
103 102 0.000233336492282406032
103 103 0.000864353277569742252
103 105 5.52428654655747327e-05
103 128 8.33859238088484041e-05
103 130 1.47526870479082611e-05
104 76 3.92168158441440581e-05
104 78 0.000125999475732142005
104 102 0.000102451288275321785
104 104 0.00111621827089448738
104 105 0.000220229061152250915
104 106 0.000180718418084665697
104 107 0.000133943032385873173
104 129 0.000151646354219609717
104 130 0.000154843910938957886
104 131 0.000132639673161699331
104 132 0.000195258051860038717
105 76 0.0002706953241169852
105 77 2.53158144472976562e-05
105 78 0.000166884820834452285
105 79 4.01216887258212649e-05
105 102 0.000176680764413098896
105 103 5.52428654655747327e-05
105 104 0.000220229061152250915
105 105 0.000436723696340827908
105 107 1.56509636332555315e-05
105 130 2.51601699475673101e-05
105 132 1.90512725842097217e-06
106 78 0.000100591818080089063
106 80 0.000195547244071742976
106 104 0.000180718418084665697
106 106 0.0014558040173907941
106 107 0.000168549825278308137
106 108 0.000246469675355007352
106 109 7.79634132780870985e-05
106 131 0.000229817093678893526
106 132 9.33879631004541297e-05
106 133 0.000225434790632533588
106 134 0.000101622131335999771
107 78 0.000225671829375557179
107 79 4.87113393574653482e-06
107 80 0.000121959101322841924
107 81 1.21440408718486582e-05
107 104 0.000133943032385873173
107 105 1.56509636332555315e-05
107 106 0.000168549825278308137
107 107 0.00018048989521156773
107 109 3.25174298701790025e-06
107 132 5.13078240193285355e-06
107 134 1.30805932389008039e-07
108 80 0.000173209067163078607
108 82 0.000246469675355007515
108 106 0.000246469675355007352
108 108 0.00168771844284100621
108 109 0.000106348586631715676
108 110 0.000286446621935487148
108 111 3.93452479919529044e-05
108 133 0.000286446621935486443
108 134 3.93452479919528705e-05
108 135 0.000293115028507347783
108 136 3.27844547656289595e-05
109 80 0.000154512361754630822
109 81 7.6637256511486316e-07
109 82 7.79634132780873153e-05
109 83 3.25174298701790745e-06
109 106 7.79634132780870985e-05
109 107 3.25174298701790025e-06
109 108 0.000106348586631715676
109 109 6.1257931607932995e-05
109 111 6.02241540755133419e-07
109 134 6.02241540755124631e-07
109 136 3.7541528739669941e-09
110 82 0.000225434790632533723
110 84 0.000268810320090826481
110 108 0.000286446621935487148
110 110 0.00179947366217398253
110 111 6.75348747209914479e-05
110 112 0.00029372322964511333
110 113 3.24002436983746936e-05
110 135 0.000312410730846596999
110 136 1.33004915498323146e-05
110 137 0.000300936878244090428
110 138 2.49659648959343609e-05
111 82 0.000101622131335999961
111 83 1.30805932389008012e-07
111 84 5.70676879052710705e-05
111 85 1.15891369240324607e-06
111 108 3.93452479919529044e-05
111 109 6.02241540755133419e-07
111 110 6.75348747209914479e-05
111 111 2.32663691074731361e-05
111 113 2.70133702152917485e-07
111 136 4.31046969454170121e-08
111 138 2.69238376318116692e-10
112 84 0.000229307247560350981
112 86 0.000256453832139373269
112 110 0.00029372322964511333
112 112 0.00177330919079041302
112 113 8.13993830685286098e-05
112 114 0.000262365922608324943
112 115 6.45591519431738391e-05
112 137 0.00030187231345848287
112 138 2.44707428253626707e-05
112 139 0.00023855559353747524
112 140 8.86266699258312686e-05
113 84 9.78188200819757477e-05
113 85 6.12776593203872692e-08
113 86 6.99166649705006463e-05
113 87 1.31279105915412338e-06
113 110 3.24002436983746936e-05
113 111 2.70133702152917485e-07
113 112 8.13993830685286098e-05
113 113 2.55553992693052621e-05
113 115 7.58213617529554149e-07
113 138 5.05507617967948677e-08
113 140 5.08183834113687822e-09
114 86 0.000177802296550831922
114 88 0.000204605356761465134
114 112 0.000262365922608324943
114 114 0.0015794711815020593
114 115 0.00015683403427592537
114 116 0.000188604109883376255
114 117 0.000136523556362443794
114 139 0.000248059034180505937
114 140 7.93812028111322727e-05
114 141 0.000132263052134653451
114 142 0.000197296745591165755
115 86 0.000150508666755116657
115 87 1.75667380376961858e-07
115 88 0.000120381012365250478
115 89 4.66083638378605999e-06
115 112 6.45591519431738391e-05
115 113 7.58213617529554149e-07
115 114 0.00015683403427592537
115 115 8.02333122683500827e-05
115 117 5.18207052572182499e-06
115 140 8.9456291891236728e-07
115 142 2.42390973267940527e-07
116 88 9.42818041012926994e-05
116 90 0.000117612377678431997
116 114 0.000188604109883376255
116 116 0.00117378300644251348
116 117 0.00027020503762046499
116 118 8.56678441420705259e-05
116 119 0.000217049602526548811
116 141 0.000151133223756596765
116 142 0.000170987181850453771
116 143 3.7963536814036679e-05
116 144 0.000290925059580157035
117 88 0.000235454336970231895
117 89 1.3966090365364184e-06
117 90 0.00019364572032394114
117 91 2.17428678574344927e-05
117 114 0.000136523556362443794
117 115 5.18207052572182499e-06
117 116 0.00027020503762046499
117 117 0.000279173872381197519
117 119 3.16534867061061122e-05
117 142 9.52839013586456358e-06
117 144 4.95629741109058881e-06
118 90 2.43964205081879983e-05
118 92 3.01821687072531101e-05
118 116 8.56678441420705259e-05
118 118 0.000541903391362190965
118 119 0.000342276201041873498
118 120 8.04176308397334742e-06
118 121 0.00019122322905155845
118 143 4.44337206481368405e-05
118 144 0.000233359455161975398
118 145 1.3993657848707563e-06
118 146 0.000281589259963224399
119 90 0.000298499719605755547
119 91 1.23287901885327922e-05
119 92 0.00021847676017615862
