% 448x448 4760 nonzeros
1 1 0.147786238760914651
1 2 -0.051600077061480204
1 3 -0.00775056515222173874
1 4 0.065132749045162211
1 5 -0.00780539662976059267
1 6 -0.0833333436784409326
1 7 0.0224232799920792321
1 8 -0.0848528852762526209
2 1 -0.051600077061480204
2 2 0.52004313203042063
2 3 -0.288572354834481348
2 4 0.149924411022259035
2 5 -0.272657375888985309
2 9 -0.11498852594120712
2 10 -0.0300873775434310486
2 11 0.144106663134269009
2 12 -0.0561684949173637052
3 1 -0.00775056515222173874
3 2 -0.288572354834481348
3 3 2.04671672680294003
3 4 -0.437864789661443266
3 6 -0.388785832443620416
3 10 -0.491289177985291925
3 11 -0.045028465081736177
3 24 -0.603330390200397026
3 25 0.113724179530853814
3 26 -0.0710452643461275124
3 27 0.173225933371525753
4 1 0.065132749045162211
4 2 0.149924411022259035
4 3 -0.437864789661443266
4 4 3.16918276899083828
4 5 -0.622992728276231755
4 6 0.0123798345584007208
4 7 -0.597556286686256932
4 8 -0.0608410272110997685
4 11 -0.594020350255473728
4 25 -0.583074826793809731
4 27 -0.0500806614810298673
4 91 -0.428198988225141242
4 92 -0.0232302110078580308
4 103 0.00124010598168435406
5 1 -0.00780539662976059267
5 2 -0.272657375888985309
5 4 -0.622992728276231755
5 5 2.8566535115376821
5 8 -0.552631331314861751
5 11 -0.0907175763992329465
5 12 -0.548196171557701617
5 74 -0.00780539662976057098
5 75 -0.272657375888985198
5 76 -0.622992728276231755
5 81 -0.0907175763992329187
5 91 0.127339479991166959
5 92 0.105180665732135623
6 1 -0.0833333436784409326
6 3 -0.388785832443620416
6 4 0.0123798345584007208
6 6 1.08376748419593771
6 7 -0.414183499778798314
6 18 -0.0833333436784409465
6 19 -0.388785832443620194
6 20 0.0123798345584006982
6 24 -0.0442138611739259016
6 25 0.294108559884107668
7 1 0.0224232799920792321
7 4 -0.597556286686256932
7 6 -0.414183499778798314
7 7 3.3831765607800488
7 8 -0.566405188414520033
7 18 0.0224232799920792356
7 20 -0.597556286686256932
7 23 -0.566405188414520033
7 25 -0.0925405825279952271
7 87 -0.0080699142679067741
7 88 -0.56406123735971514
7 91 -0.0177449930822537669
7 102 -0.0177449930822537703
7 103 0.0142450495362707475
8 1 -0.0848528852762526209
8 4 -0.0608410272110997685
8 5 -0.552631331314861751
8 7 -0.566405188414520033
8 8 1.78779298622286253
8 74 -0.0848528852762525099
8 76 -0.0608410272110997408
8 78 -0.566405188414520033
8 87 -0.225864000133684073
8 88 0.046292727651350174
8 91 0.368607819378078128
9 2 -0.11498852594120712
9 9 0.581999706158056851
9 10 -0.344388036018062726
9 11 0.297117381854902607
9 12 -0.30938890806728353
9 13 -0.0525008273129317637
9 14 -0.029389716929487851
9 15 0.0477949500167552457
9 16 -0.0762560237607415731
10 2 -0.0300873775434310486
10 3 -0.491289177985291925
10 9 -0.344388036018062726
10 10 2.2711210450077588
10 11 -0.4162113696433552
10 14 -0.388241871832115004
10 15 -0.117336786089662332
10 26 -0.709735861676000335
10 27 0.225461948107078342
10 28 -0.0753180070631473825
10 29 0.0760254947362290351
11 2 0.144106663134269009
11 3 -0.045028465081736177
11 4 -0.594020350255473728
11 5 -0.0907175763992329465
11 9 0.297117381854902607
11 10 -0.4162113696433552
11 11 2.68474640419532395
11 12 -0.684101248494843328
11 15 -0.52256877872489238
11 27 -0.45198575336569452
11 29 -0.0528074952174496237
11 92 -0.242919161363583325
11 93 -0.0256102506382342721
12 2 -0.0561684949173637052
12 5 -0.548196171557701617
12 9 -0.30938890806728353
12 11 -0.684101248494843328
12 12 3.11292233055906697
12 15 -0.0905474039249643814
12 16 -0.457208677236201566
12 75 -0.0561684949173636497
12 80 -0.309388908067283697
12 81 -0.68410124849484355
12 84 -0.0905474039249644508
12 92 0.180394371483697441
12 93 -0.00749974243995100206
13 9 -0.0525008273129317637
13 13 0.205604258542188778
13 14 -0.145084664404376729
13 15 0.189102755982191451
13 16 -0.147544735543891914
13 17 -0.0495767872631798154
14 9 -0.029389716929487851
14 10 -0.388241871832115004
14 13 -0.145084664404376729
14 14 1.54352619517934397
14 15 -0.345032722340408771
14 17 -0.296401070574626502
14 28 -0.690007732074314761
14 29 0.41281542202972743
14 30 -0.088559811207567174
14 31 -0.0378664943839823048
14 32 0.0642424665378079907
15 9 0.0477949500167552457
15 10 -0.117336786089662332
15 11 -0.52256877872489238
15 12 -0.0905474039249643814
15 13 0.189102755982191451
15 14 -0.345032722340408771
15 15 3.04495276512740976
15 16 -0.720083796240491347
15 17 -0.178068392997147829
15 29 -0.58874286596596026
15 32 -0.182489982354324537
15 93 -0.304081533954409289
15 95 -0.218605966652438699
15 104 -0.0142922418816564725
16 9 -0.0762560237607415731
16 12 -0.457208677236201566
16 13 -0.147544735543891914
16 15 -0.720083796240491347
16 16 2.49743896930862874
16 17 -0.18212241551705452
16 80 -0.0762560237607416841
16 83 -0.147544735543891692
16 84 -0.720083796240491125
16 86 -0.182122415517054853
16 93 0.361307682627719118
16 94 -0.251232305394497868
16 95 0.101708272818710102
17 13 -0.0495767872631798154
17 14 -0.296401070574626502
17 15 -0.178068392997147829
17 16 -0.18212241551705452
17 17 3.50791810378947089
17 30 -0.167941479402500482
17 32 -0.96608243176489228
17 33 -0.0973695015700530159
17 94 -0.595426277860639619
17 95 -0.671995691465356537
17 96 -0.197822601091629607
17 104 0.0512146910630492322
17 105 -0.111812093912995958
17 106 -0.0445140514324440448
18 6 -0.0833333436784409465
18 7 0.0224232799920792356
18 18 0.147786238760914568
18 19 -0.00775056515222173874
18 20 0.0651327490451621971
18 21 -0.0516000770614800999
18 22 -0.00780539662976059267
18 23 -0.0848528852762526348
19 6 -0.388785832443620194
19 18 -0.00775056515222173874
19 19 2.04671672680293959
19 20 -0.43786478966144321
19 21 -0.288572354834481237
19 24 -0.603330390200397026
19 25 0.113724179530853772
19 34 -0.491289177985291925
19 35 -0.045028465081736184
19 38 -0.0710452643461275402
19 39 0.173225933371525809
20 6 0.0123798345584006982
20 7 -0.597556286686256932
20 18 0.0651327490451621971
20 19 -0.43786478966144321
20 20 3.16918276899083828
20 21 0.149924411022259035
20 22 -0.622992728276231533
20 23 -0.0608410272110997755
20 25 -0.583074826793809731
20 35 -0.594020350255473839
20 39 -0.0500806614810299089
20 102 -0.428198988225141131
20 103 0.00124010598168435211
20 111 -0.0232302110078580412
21 18 -0.0516000770614800999
21 19 -0.288572354834481237
21 20 0.149924411022259035
21 21 0.520043132030420296
21 22 -0.272657375888985087
21 34 -0.0300873775434310382
21 35 0.144106663134268842
21 36 -0.114988525941207051
21 37 -0.0561684949173635942
22 18 -0.00780539662976059267
22 20 -0.622992728276231533
22 21 -0.272657375888985087
22 22 2.85665351153768121
22 23 -0.552631331314861529
22 35 -0.0907175763992328493
22 37 -0.548196171557701728
22 97 -0.0078053966297605866
22 98 -0.622992728276231755
22 99 -0.272657375888985198
22 102 0.127339479991166959
22 108 -0.0907175763992329742
22 111 0.10518066573213572
23 7 -0.566405188414520033
23 18 -0.0848528852762526348
23 20 -0.0608410272110997755
23 22 -0.552631331314861529
23 23 1.78779298622286187
23 87 -0.22586400013368374
23 88 0.0462927276513501879
23 89 -0.566405188414519922
23 97 -0.0848528852762525654
23 98 -0.0608410272110997963
23 102 0.368607819378078128
24 3 -0.603330390200397026
24 6 -0.0442138611739259016
24 19 -0.603330390200397026
24 24 3.06464347970689177
24 25 -0.359549697333806151
24 26 -0.724089440385414562
24 27 -0.0143673574026661338
24 38 -0.724089440385414562
24 39 -0.0143673574026661494
24 40 -0.044322440472992497
24 41 0.0670168952507882026
25 3 0.113724179530853814
25 4 -0.583074826793809731
25 6 0.294108559884107668
25 7 -0.0925405825279952271
25 19 0.113724179530853772
25 20 -0.583074826793809731
25 24 -0.359549697333806151
25 25 1.78201741520746304
25 27 -0.331232460739034895
25 39 -0.331232460739034951
25 41 -0.00655253572673744969
25 103 -0.0163169434990503084
26 3 -0.0710452643461275124
26 10 -0.709735861676000335
26 24 -0.724089440385414562
26 26 3.40826857404336803
26 27 -0.267794786768063009
26 28 -0.628803592329579719
26 29 -0.140148321430354772
26 40 -0.908405233290247138
26 41 0.0562959735364682579
26 42 0.0172850806761143394
26 43 -0.0318271280301634651
27 3 0.173225933371525753
27 4 -0.0500806614810298673
27 10 0.225461948107078342
27 11 -0.45198575336569452
27 24 -0.0143673574026661338
27 25 -0.331232460739034895
27 26 -0.267794786768063009
27 27 1.09983426894829517
27 29 -0.233279012526022123
27 41 -0.148182246447377958
27 43 -0.00159987169701065308
28 10 -0.0753180070631473825
28 14 -0.690007732074314761
28 26 -0.628803592329579719
28 28 2.99451719151303264
28 29 -0.20156753480242795
28 31 -0.299187699812657748
28 32 -0.255586790352259619
28 42 -0.987434128843065029
28 43 0.185786707525830014
28 44 0.0391089080774046152
28 45 -0.0815073218388151638
29 10 0.0760254947362290351
29 11 -0.0528074952174496237
29 14 0.41281542202972743
29 15 -0.58874286596596026
29 26 -0.140148321430354772
29 27 -0.233279012526022123
29 28 -0.20156753480242795
29 29 1.24915009777166319
29 32 -0.311160685845626894
29 43 -0.200583504967332266
29 45 -0.00970159378244589768
30 14 -0.088559811207567174
30 17 -0.167941479402500482
30 30 0.262120728818208248
30 31 -0.159772586035740904
30 32 0.233958611712619835
30 33 -0.0798054638850195508
31 14 -0.0378664943839823048
31 28 -0.299187699812657748
31 30 -0.159772586035740904
31 31 1.06447362073738594
31 32 -0.213194036970304257
31 33 -0.135976528594733165
31 44 -0.458162989516519903
31 45 0.375404447747137548
31 46 -0.135717733170585303
32 14 0.0642424665378079907
32 15 -0.182489982354324537
32 17 -0.96608243176489228
32 28 -0.255586790352259619
32 29 -0.311160685845626894
32 30 0.233958611712619835
32 31 -0.213194036970304257
32 32 3.11854317149014149
32 33 -0.138027536332795825
32 45 -1.0135134396759895
32 46 0.223435518384688697
32 104 -0.0359514159268284963
32 106 -0.33120349977225183
32 112 -0.192969949129985968
33 17 -0.0973695015700530159
33 30 -0.0798054638850195508
33 31 -0.135976528594733165
33 32 -0.138027536332795825
33 33 2.17549021473670434
33 46 -0.925454511137872915
33 105 -0.386656684121384431
33 106 -0.621257048899695352
33 107 -0.0891650532410186714
33 112 0.45472503567377498
33 113 -0.156502922627906355
34 19 -0.491289177985291925
34 21 -0.0300873775434310382
34 34 2.27112104500775924
34 35 -0.4162113696433552
34 36 -0.344388036018062782
34 38 -0.709735861676000335
34 39 0.225461948107078425
34 47 -0.388241871832115115
34 48 -0.117336786089662332
34 51 -0.0753180070631473964
34 52 0.076025494736229049
35 19 -0.045028465081736184
35 20 -0.594020350255473839
35 21 0.144106663134268842
35 22 -0.0907175763992328493
35 34 -0.4162113696433552
35 35 2.68474640419532395
35 36 0.297117381854902496
35 37 -0.684101248494843217
35 39 -0.451985753365694798
35 48 -0.52256877872489238
35 52 -0.0528074952174496376
35 111 -0.242919161363583436
35 117 -0.0256102506382342755
36 21 -0.114988525941207051
36 34 -0.344388036018062782
36 35 0.297117381854902496
36 36 0.581999706158056629
36 37 -0.309388908067283419
36 47 -0.0293897169294878337
36 48 0.0477949500167551972
36 49 -0.0525008273129317915
36 50 -0.0762560237607415453
37 21 -0.0561684949173635942
37 22 -0.548196171557701728
37 35 -0.684101248494843217
37 36 -0.309388908067283419
37 37 3.11292233055906786
37 48 -0.0905474039249643536
37 50 -0.45720867723620201
37 99 -0.0561684949173636844
37 108 -0.684101248494843661
37 109 -0.309388908067283697
37 111 0.180394371483697469
37 114 -0.0905474039249643953
37 117 -0.00749974243995103068
38 19 -0.0710452643461275402
38 24 -0.724089440385414562
38 34 -0.709735861676000335
38 38 3.40826857404337025
38 39 -0.267794786768062953
38 40 -0.90840523329024836
38 41 0.0562959735364673419
38 51 -0.628803592329579941
38 52 -0.140148321430354744
38 53 0.0172850806761143047
38 54 -0.0318271280301633541
39 19 0.173225933371525809
39 20 -0.0500806614810299089
39 24 -0.0143673574026661494
39 25 -0.331232460739034951
39 34 0.225461948107078425
39 35 -0.451985753365694798
39 38 -0.267794786768062953
39 39 1.09983426894829495
39 41 -0.148182246447377819
39 52 -0.233279012526022012
39 54 -0.00159987169701063725
40 24 -0.044322440472992497
40 26 -0.908405233290247138
40 38 -0.90840523329024836
40 40 3.92004271611254573
40 41 -0.146917473905656626
40 42 -0.879133922070963081
40 43 -0.0849332050313604536
40 53 -0.879133922070963303
40 54 -0.0849332050313607312
40 55 0.166666666666403313
40 56 -0.150524747615156829
41 24 0.0670168952507882026
41 25 -0.00655253572673744969
41 26 0.0562959735364682579
41 27 -0.148182246447377958
41 38 0.0562959735364673419
41 39 -0.148182246447377819
41 40 -0.146917473905656626
41 41 0.342674418398794922
41 43 -0.0362243790976834942
41 54 -0.0362243790976854232
42 26 0.0172850806761143394
42 28 -0.987434128843065029
42 40 -0.879133922070963081
42 42 3.62355371654569636
42 43 -0.0246687104384119525
42 44 -0.479706779803724226
42 45 -0.306705934381717671
42 55 -1.00375277526108797
42 56 -0.00803668875604642355
42 57 0.16483114472844515
42 58 -0.116231002395239563
43 26 -0.0318271280301634651
43 27 -0.00159987169701065308
43 28 0.185786707525830014
43 29 -0.200583504967332266
43 40 -0.0849332050313604536
43 41 -0.0362243790976834942
43 42 -0.0246687104384119525
43 43 0.39829697378117529
43 45 -0.149846952747830608
43 56 -0.0578997945083750479
43 58 0.00349986521116271753
44 28 0.0391089080774046152
44 31 -0.458162989516519903
44 42 -0.479706779803724226
44 44 1.44201727322938833
44 45 0.0558078945766285195
44 46 -0.189107069857694404
44 57 -0.374210574935109341
44 58 0.120756260857532785
44 59 -0.156502922627906382
45 28 -0.0815073218388151638
45 29 -0.00970159378244589768
45 31 0.375404447747137548
45 32 -1.0135134396759895
45 42 -0.306705934381717671
45 43 -0.149846952747830608
45 44 0.0558078945766285195
45 45 2.47096050097437159
45 46 -0.509804494963971733
45 58 -0.997863064734933025
45 59 0.454725035673775035
45 112 -0.0949851277162237634
45 118 -0.192969949129986024
46 31 -0.135717733170585303
46 32 0.223435518384688697
46 33 -0.925454511137872915
46 44 -0.189107069857694404
46 45 -0.509804494963971733
46 46 3.07329658149087193
46 59 -0.925454511137873137
46 112 -0.509804494963971733
46 113 -0.189107069857694432
46 118 0.223435518384688697
46 119 -0.135717733170585247
47 34 -0.388241871832115115
47 36 -0.0293897169294878337
47 47 1.54352619517934242
47 48 -0.345032722340408327
47 49 -0.145084664404375896
47 51 -0.690007732074314872
47 52 0.412815422029727708
47 60 -0.296401070574626613
47 61 -0.0378664943839822285
47 62 0.0642424665378079907
47 63 -0.0885598112075671462
48 34 -0.117336786089662332
48 35 -0.52256877872489238
48 36 0.0477949500167551972
48 37 -0.0905474039249643536
48 47 -0.345032722340408327
48 48 3.0449527651274102
48 49 0.189102755982191062
48 50 -0.720083796240491458
48 52 -0.588742865965960482
48 60 -0.178068392997147495
48 62 -0.182489982354324731
48 117 -0.304081533954409289
48 121 -0.218605966652438838
48 123 -0.0142922418816565228
49 36 -0.0525008273129317915
49 47 -0.145084664404375896
49 48 0.189102755982191062
49 49 0.205604258542188306
49 50 -0.147544735543891997
49 60 -0.0495767872631797113
50 36 -0.0762560237607415453
50 37 -0.45720867723620201
50 48 -0.720083796240491458
50 49 -0.147544735543891997
50 50 2.49743896930863096
50 60 -0.182122415517054659
50 109 -0.0762560237607416008
50 114 -0.720083796240492013
50 115 -0.147544735543891942
50 117 0.361307682627719506
50 120 -0.182122415517054714
50 121 0.101708272818709838
50 122 -0.251232305394498201
51 34 -0.0753180070631473964
51 38 -0.628803592329579941
51 47 -0.690007732074314872
51 51 2.99451719151303264
51 52 -0.201567534802428061
51 53 -0.987434128843064363
51 54 0.185786707525829931
51 61 -0.299187699812657804
51 62 -0.255586790352259507
51 64 0.0391089080774046222
51 65 -0.0815073218388152193
52 34 0.076025494736229049
52 35 -0.0528074952174496376
52 38 -0.140148321430354744
52 39 -0.233279012526022012
52 47 0.412815422029727708
52 48 -0.588742865965960482
52 51 -0.201567534802428061
52 52 1.24915009777166364
52 54 -0.200583504967332238
52 62 -0.311160685845627005
52 65 -0.00970159378244586992
53 38 0.0172850806761143047
53 40 -0.879133922070963303
53 51 -0.987434128843064363
53 53 3.6235537165456968
53 54 -0.0246687104384120115
53 55 -1.00375277526108819
53 56 -0.00803668875604643743
53 64 -0.479706779803724115
53 65 -0.306705934381717504
53 66 0.164831144728445178
53 67 -0.116231002395239619
54 38 -0.0318271280301633541
54 39 -0.00159987169701063725
54 40 -0.0849332050313607312
54 41 -0.0362243790976854232
54 51 0.185786707525829931
54 52 -0.200583504967332238
54 53 -0.0246687104384120115
54 54 0.398296973781177177
54 56 -0.0578997945083749715
54 65 -0.14984695274783047
54 67 0.0034998652111627223
55 40 0.166666666666403313
55 42 -1.00375277526108797
55 53 -1.00375277526108819
55 55 2.99732576931026617
55 56 0.227547634581280078
55 57 -0.367080829103741291
55 58 -0.300194606091921445
55 66 -0.367080829103741457
55 67 -0.300194606091921501
55 68 -0.0494836496444476248
56 40 -0.150524747615156829
56 42 -0.00803668875604642355
56 43 -0.0578997945083750479
56 53 -0.00803668875604643743
56 54 -0.0578997945083749715
56 55 0.227547634581280078
56 56 0.671343180215491664
56 58 -0.418191501221331696
56 67 -0.418191501221332529
56 68 0.236615163289531694
56 124 -0.0167252614996394669
57 42 0.16483114472844515
57 44 -0.374210574935109341
57 55 -0.367080829103741291
57 57 0.637807468492738394
57 58 0.219837486270281157
57 59 -0.0891650532410185326
57 68 -0.112269009804114972
57 69 -0.0797506324074807177
58 42 -0.116231002395239563
58 43 0.00349986521116271753
58 44 0.120756260857532785
58 45 -0.997863064734933025
58 55 -0.300194606091921445
58 56 -0.418191501221331696
58 57 0.219837486270281157
58 58 3.30087931309015792
58 59 -0.62125704889969513
58 68 -1.12764267263741158
58 69 0.450231373154132586
58 118 -0.331203499772252052
58 124 -0.124474860108459207
58 125 -0.044514051432444357
58 126 -0.013631991289579452
59 44 -0.156502922627906382
59 45 0.454725035673775035
59 46 -0.925454511137873137
59 57 -0.0891650532410185326
59 58 -0.62125704889969513
59 59 2.17549021473670434
59 69 -0.386656684121384098
59 118 -0.138027536332795936
59 119 -0.135976528594733304
59 125 -0.0973695015700531963
59 127 -0.0798054638850196618
60 47 -0.296401070574626613
60 48 -0.178068392997147495
60 49 -0.0495767872631797113
60 50 -0.182122415517054659
60 60 3.50791810378947222
60 62 -0.966082431764892835
60 63 -0.16794147940250051
60 70 -0.0973695015700531408
60 121 -0.671995691465356981
60 122 -0.595426277860640285
60 123 0.0512146910630492808
60 128 -0.197822601091628913
60 129 -0.0445140514324443362
60 130 -0.111812093912996
61 47 -0.0378664943839822285
61 51 -0.299187699812657804
61 61 1.06447362073738638
61 62 -0.213194036970304368
61 63 -0.159772586035741238
61 64 -0.458162989516519847
61 65 0.375404447747137548
61 70 -0.135976528594733331
61 71 -0.13571773317058522
62 47 0.0642424665378079907
62 48 -0.182489982354324731
62 51 -0.255586790352259507
62 52 -0.311160685845627005
62 60 -0.966082431764892835
62 61 -0.213194036970304368
62 62 3.11854317149014326
62 63 0.233958611712620029
62 65 -1.0135134396759895
62 70 -0.13802753633279588
62 71 0.223435518384688725
62 123 -0.0359514159268285172
62 129 -0.331203499772251997
62 131 -0.192969949129986079
63 47 -0.0885598112075671462
63 60 -0.16794147940250051
63 61 -0.159772586035741238
63 62 0.233958611712620029
63 63 0.262120728818208526
63 70 -0.0798054638850196341
64 51 0.0391089080774046222
64 53 -0.479706779803724115
64 61 -0.458162989516519847
64 64 1.44201727322938855
64 65 0.0558078945766285126
64 66 -0.374210574935109341
64 67 0.120756260857532785
64 71 -0.189107069857694543
64 72 -0.15650292262790641
65 51 -0.0815073218388152193
65 52 -0.00970159378244586992
65 53 -0.306705934381717504
65 54 -0.14984695274783047
65 61 0.375404447747137548
65 62 -1.0135134396759895
65 64 0.0558078945766285126
65 65 2.47096050097437292
65 67 -0.99786306473493358
65 71 -0.509804494963971844
65 72 0.454725035673775091
65 131 -0.0949851277162237217
65 132 -0.192969949129986024
66 53 0.164831144728445178
66 55 -0.367080829103741457
66 64 -0.374210574935109341
66 66 0.637807468492738949
66 67 0.219837486270281185
66 68 -0.112269009804114875
66 72 -0.0891650532410186852
66 73 -0.0797506324074809259
67 53 -0.116231002395239619
67 54 0.0034998652111627223
67 55 -0.300194606091921501
67 56 -0.418191501221332529
67 64 0.120756260857532785
67 65 -0.99786306473493358
67 66 0.219837486270281185
67 67 3.30087931309016058
67 68 -1.12764267263741225
67 72 -0.621257048899695352
67 73 0.450231373154132641
67 124 -0.124474860108459137
67 132 -0.331203499772252052
67 133 -0.0445140514324442529
67 134 -0.0136319912895794381
68 55 -0.0494836496444476248
68 56 0.236615163289531694
68 57 -0.112269009804114972
68 58 -1.12764267263741158
68 66 -0.112269009804114875
68 67 -1.12764267263741225
68 68 3.74459941073068503
68 69 -0.397019681337930086
68 73 -0.397019681337930086
68 124 -0.0566329805383659624
68 125 -0.19782260109162933
68 133 -0.197822601091629108
68 135 -0.205590014095230533
69 57 -0.0797506324074807177
69 58 0.450231373154132586
69 59 -0.386656684121384098
69 68 -0.397019681337930086
69 69 0.525007718625658315
69 125 -0.111812093912996
70 60 -0.0973695015700531408
70 61 -0.135976528594733331
70 62 -0.13802753633279588
70 63 -0.0798054638850196341
70 70 2.17549021473670479
70 71 -0.925454511137873359
70 129 -0.621257048899695352
70 130 -0.386656684121384209
70 131 0.454725035673775091
70 136 -0.0891650532410186991
70 137 -0.156502922627906382
71 61 -0.13571773317058522
71 62 0.223435518384688725
71 64 -0.189107069857694543
71 65 -0.509804494963971844
71 70 -0.925454511137873359
71 71 3.07329658149087281
71 72 -0.925454511137873692
71 131 -0.509804494963971733
71 132 0.223435518384688558
71 137 -0.189107069857694404
71 138 -0.135717733170585192
72 64 -0.15650292262790641
72 65 0.454725035673775091
72 66 -0.0891650532410186852
72 67 -0.621257048899695352
72 71 -0.925454511137873692
72 72 2.17549021473670567
72 73 -0.386656684121384264
72 132 -0.138027536332795742
72 133 -0.097369501570053224
72 138 -0.135976528594733359
72 139 -0.0798054638850195924
73 66 -0.0797506324074809259
73 67 0.450231373154132641
73 68 -0.397019681337930086
73 72 -0.386656684121384264
73 73 0.525007718625658537
73 133 -0.111812093912995902
74 5 -0.00780539662976057098
74 8 -0.0848528852762525099
74 74 0.147786238760914512
74 75 -0.0516000770614801624
74 76 0.0651327490451621277
74 77 -0.00775056515222173614
74 78 0.0224232799920792078
74 79 -0.0833333436784408771
75 5 -0.272657375888985198
75 12 -0.0561684949173636497
75 74 -0.0516000770614801624
75 75 0.520043132030420518
75 76 0.149924411022259035
75 77 -0.288572354834481293
75 80 -0.114988525941207162
75 81 0.144106663134268953
75 82 -0.0300873775434310729
76 5 -0.622992728276231755
76 8 -0.0608410272110997408
76 74 0.0651327490451621277
76 75 0.149924411022259035
76 76 3.16918276899083828
76 77 -0.43786478966144321
76 78 -0.59755628668625671
76 79 0.012379834558400719
76 81 -0.594020350255473728
76 91 -0.428198988225141297
76 92 -0.0232302110078580516
76 145 -0.583074826793809842
76 147 -0.0500806614810298742
76 160 0.00124010598168435124
77 74 -0.00775056515222173614
77 75 -0.288572354834481293
77 76 -0.43786478966144321
77 77 2.04671672680293959
77 79 -0.388785832443620305
77 81 -0.0450284650817362048
77 82 -0.491289177985292036
77 145 0.113724179530853786
77 146 -0.603330390200396915
77 147 0.173225933371525698
77 148 -0.0710452643461275402
78 8 -0.566405188414520033
78 74 0.0224232799920792078
78 76 -0.59755628668625671
78 78 3.38317656078004791
78 79 -0.414183499778798203
78 87 -0.00806991426790677237
78 88 -0.56406123735971514
78 90 -0.566405188414520255
78 91 -0.0177449930822537634
78 140 0.0224232799920792286
78 141 -0.597556286686257154
78 145 -0.0925405825279952271
78 159 -0.0177449930822537773
78 160 0.014245049536270725
79 74 -0.0833333436784408771
79 76 0.012379834558400719
79 77 -0.388785832443620305
79 78 -0.414183499778798203
79 79 1.08376748419593749
79 140 -0.0833333436784409187
79 141 0.0123798345584007121
79 142 -0.388785832443620305
79 145 0.294108559884107612
79 146 -0.0442138611739258808
80 12 -0.309388908067283697
80 16 -0.0762560237607416841
80 75 -0.114988525941207162
80 80 0.581999706158056851
80 81 0.297117381854902607
80 82 -0.344388036018062615
80 83 -0.0525008273129317776
80 84 0.0477949500167552596
80 85 -0.0293897169294877643
81 5 -0.0907175763992329187
81 12 -0.68410124849484355
81 75 0.144106663134268953
81 76 -0.594020350255473728
81 77 -0.0450284650817362048
81 80 0.297117381854902607
81 81 2.68474640419532395
81 82 -0.416211369643355145
81 84 -0.52256877872489238
81 92 -0.242919161363583408
81 93 -0.0256102506382342547
81 147 -0.45198575336569452
81 149 -0.0528074952174496515
82 75 -0.0300873775434310729
82 77 -0.491289177985292036
82 80 -0.344388036018062615
82 81 -0.416211369643355145
82 82 2.27112104500775835
82 84 -0.117336786089662262
82 85 -0.388241871832114949
82 147 0.225461948107078425
82 148 -0.709735861676000335
82 149 0.076025494736229049
82 150 -0.0753180070631473408
83 16 -0.147544735543891692
83 80 -0.0525008273129317776
83 83 0.205604258542188556
83 84 0.189102755982191229
83 85 -0.14508466440437659
83 86 -0.0495767872631796974
84 12 -0.0905474039249644508
84 16 -0.720083796240491125
84 80 0.0477949500167552596
84 81 -0.52256877872489238
84 82 -0.117336786089662262
84 83 0.189102755982191229
84 84 3.04495276512740931
84 85 -0.345032722340408715
84 86 -0.178068392997147606
84 93 -0.304081533954409178
84 95 -0.218605966652439004
84 149 -0.588742865965960371
84 152 -0.182489982354324592
84 161 -0.0142922418816565124
85 80 -0.0293897169294877643
85 82 -0.388241871832114949
85 83 -0.14508466440437659
85 84 -0.345032722340408715
85 85 1.54352619517934353
85 86 -0.296401070574626613
85 149 0.412815422029727486
85 150 -0.690007732074314539
85 151 -0.088559811207567285
85 152 0.0642424665378078658
85 153 -0.0378664943839822216
86 16 -0.182122415517054853
86 83 -0.0495767872631796974
86 84 -0.178068392997147606
86 85 -0.296401070574626613
86 86 3.50791810378947089
86 94 -0.595426277860639286
86 95 -0.671995691465356426
86 96 -0.197822601091629607
86 151 -0.167941479402500593
86 152 -0.966082431764893168
86 154 -0.0973695015700534461
86 161 0.051214691063049371
86 162 -0.11181209391299568
86 163 -0.0445140514324435244
87 7 -0.0080699142679067741
87 8 -0.225864000133684073
87 23 -0.22586400013368374
87 78 -0.00806991426790677237
87 87 0.480071900573727617
87 88 0.221729842631044199
87 89 -0.00806991426790674808
87 90 -0.22586400013368374
88 7 -0.56406123735971514
88 8 0.046292727651350174
88 23 0.0462927276513501879
88 78 -0.56406123735971514
88 87 0.221729842631044199
88 88 2.51641280574770709
88 89 -0.564061237359714918
88 90 0.0462927276513501879
88 91 -0.393752792781586702
88 102 -0.393752792781586869
88 103 -0.00119291363629865578
88 159 -0.393752792781586924
88 160 -0.00119291363629865426
88 167 -0.00119291363629866207
89 23 -0.566405188414519922
89 87 -0.00806991426790674808
89 88 -0.564061237359714918
89 89 3.38317656078004925
89 90 -0.566405188414520033
89 97 0.0224232799920792286
89 98 -0.597556286686257154
89 101 -0.414183499778798259
89 102 -0.0177449930822537773
89 155 0.0224232799920792078
89 156 -0.597556286686257265
89 159 -0.0177449930822537599
89 165 -0.092540582527995241
89 167 0.0142450495362708377
90 78 -0.566405188414520255
90 87 -0.22586400013368374
90 88 0.0462927276513501879
90 89 -0.566405188414520033
90 90 1.78779298622286187
90 140 -0.0848528852762526209
90 141 -0.0608410272110997963
90 143 -0.55263133131486164
90 155 -0.0848528852762525793
90 156 -0.0608410272110998032
90 159 0.368607819378078239
91 4 -0.428198988225141242
91 5 0.127339479991166959
91 7 -0.0177449930822537669
91 8 0.368607819378078128
91 76 -0.428198988225141297
91 78 -0.0177449930822537634
91 88 -0.393752792781586702
91 91 0.915494646606270779
91 92 -0.0977491744821493702
91 103 -0.014026008048494824
91 160 -0.0140260080484948223
92 4 -0.0232302110078580308
92 5 0.105180665732135623
92 11 -0.242919161363583325
92 12 0.180394371483697441
92 76 -0.0232302110078580516
92 81 -0.242919161363583408
92 91 -0.0977491744821493702
92 92 0.386987176169664382
92 93 -0.0425142941604651561
93 11 -0.0256102506382342721
93 12 -0.00749974243995100206
93 15 -0.304081533954409289
93 16 0.361307682627719118
93 81 -0.0256102506382342547
93 84 -0.304081533954409178
93 92 -0.0425142941604651561
93 93 0.443428842928137723
93 95 -0.0953389197701537544
94 16 -0.251232305394497868
94 17 -0.595426277860639619
94 86 -0.595426277860639286
94 94 0.899890707962450853
94 95 0.747784167248556564
94 96 -0.205590014095230589
95 15 -0.218605966652438699
95 16 0.101708272818710102
95 17 -0.671995691465356537
95 84 -0.218605966652439004
95 86 -0.671995691465356426
95 93 -0.0953389197701537544
95 94 0.747784167248556564
95 95 1.42194265054733715
95 96 -0.0566329805383654003
95 104 -0.0362924461769674744
95 106 -0.124474860108459581
95 161 -0.0362924461769674606
95 163 -0.124474860108459665
95 168 -0.0167252614996395502
96 17 -0.197822601091629607
96 86 -0.197822601091629607
96 94 -0.205590014095230589
96 95 -0.0566329805383654003
96 96 3.74459941073068192
96 105 -0.397019681337929642
96 106 -1.12764267263741136
96 107 -0.112269009804114764
96 162 -0.397019681337929309
96 163 -1.12764267263741047
96 164 -0.112269009804115028
96 168 0.236615163289531361
96 169 -0.0494836496444473056
97 22 -0.0078053966297605866
97 23 -0.0848528852762525654
97 89 0.0224232799920792286
97 97 0.147786238760914568
97 98 0.0651327490451621693
97 99 -0.0516000770614801554
97 100 -0.00775056515222173441
97 101 -0.0833333436784409465
98 22 -0.622992728276231755
98 23 -0.0608410272110997963
98 89 -0.597556286686257154
98 97 0.0651327490451621693
98 98 3.16918276899083917
98 99 0.149924411022259008
98 100 -0.43786478966144321
98 101 0.0123798345584007104
98 102 -0.428198988225141464
98 108 -0.594020350255473839
98 111 -0.0232302110078580898
98 165 -0.583074826793809842
98 167 0.0012401059816843649
98 170 -0.0500806614810299019
99 22 -0.272657375888985198
99 37 -0.0561684949173636844
99 97 -0.0516000770614801554
99 98 0.149924411022259008
99 99 0.520043132030420407
99 100 -0.288572354834481293
99 108 0.144106663134268981
99 109 -0.114988525941207148
99 110 -0.030087377543431066
100 97 -0.00775056515222173441
100 98 -0.43786478966144321
100 99 -0.288572354834481293
100 100 2.04671672680293959
100 101 -0.388785832443620083
100 108 -0.0450284650817362117
100 110 -0.49128917798529198
100 165 0.113724179530853786
100 166 -0.603330390200396804
100 170 0.173225933371525753
100 171 -0.0710452643461275263
101 89 -0.414183499778798259
101 97 -0.0833333436784409465
101 98 0.0123798345584007104
101 100 -0.388785832443620083
101 101 1.08376748419593727
101 155 -0.0833333436784408216
101 156 0.0123798345584007208
101 157 -0.388785832443620194
101 165 0.294108559884107557
101 166 -0.0442138611739258669
102 7 -0.0177449930822537703
102 20 -0.428198988225141131
102 22 0.127339479991166959
102 23 0.368607819378078128
102 88 -0.393752792781586869
102 89 -0.0177449930822537773
102 98 -0.428198988225141464
102 102 0.915494646606271001
102 103 -0.0140260080484948188
102 111 -0.0977491744821494812
102 167 -0.014026008048494942
103 4 0.00124010598168435406
103 7 0.0142450495362707475
103 20 0.00124010598168435211
103 25 -0.0163169434990503084
103 88 -0.00119291363629865578
103 91 -0.014026008048494824
103 102 -0.0140260080484948188
103 103 0.0288366117326991495
104 15 -0.0142922418816564725
104 17 0.0512146910630492322
104 32 -0.0359514159268284963
104 95 -0.0362924461769674744
104 104 0.048953404211982611
104 106 -0.0136319912895793982
105 17 -0.111812093912995958
105 33 -0.386656684121384431
105 96 -0.397019681337929642
105 105 0.525007718625658315
105 106 0.45023137315413253
105 107 -0.0797506324074808148
106 17 -0.0445140514324440448
106 32 -0.33120349977225183
106 33 -0.621257048899695352
106 95 -0.124474860108459581
106 96 -1.12764267263741136
106 104 -0.0136319912895793982
106 105 0.45023137315413253
106 106 3.30087931309015881
106 107 0.219837486270281018
106 112 -0.997863064734932914
106 113 0.120756260857532757
106 168 -0.418191501221332029
106 169 -0.300194606091921334
106 172 -0.116231002395239605
106 173 0.00349986521116272317
107 33 -0.0891650532410186714
107 96 -0.112269009804114764
107 105 -0.0797506324074808148
107 106 0.219837486270281018
107 107 0.637807468492738727
107 113 -0.374210574935109563
107 169 -0.36708082910374118
107 172 0.164831144728445178
108 22 -0.0907175763992329742
108 37 -0.684101248494843661
108 98 -0.594020350255473839
108 99 0.144106663134268981
108 100 -0.0450284650817362117
108 108 2.6847464041953244
108 109 0.297117381854902607
108 110 -0.416211369643355089
108 111 -0.24291916136358363
108 114 -0.522568778724892491
108 117 -0.0256102506382342825
108 170 -0.451985753365694631
108 174 -0.0528074952174496792
109 37 -0.309388908067283697
109 50 -0.0762560237607416008
109 99 -0.114988525941207148
109 108 0.297117381854902607
109 109 0.581999706158056851
109 110 -0.34438803601806256
109 114 0.047794950016755211
109 115 -0.0525008273129318193
109 116 -0.0293897169294878025
110 99 -0.030087377543431066
110 100 -0.49128917798529198
110 108 -0.416211369643355089
110 109 -0.34438803601806256
110 110 2.2711210450077588
110 114 -0.117336786089662332
110 116 -0.38824187183211506
110 170 0.225461948107078397
110 171 -0.709735861676000335
110 174 0.0760254947362290906
110 175 -0.0753180070631473964
111 20 -0.0232302110078580412
111 22 0.10518066573213572
111 35 -0.242919161363583436
111 37 0.180394371483697469
111 98 -0.0232302110078580898
111 102 -0.0977491744821494812
111 108 -0.24291916136358363
111 111 0.386987176169664604
111 117 -0.042514294160465177
112 32 -0.192969949129985968
112 33 0.45472503567377498
112 45 -0.0949851277162237634
112 46 -0.509804494963971733
112 106 -0.997863064734932914
112 112 2.47096050097437248
112 113 0.055807894576628353
112 118 -1.01351343967598995
112 119 0.37540444774713766
112 172 -0.306705934381717449
112 173 -0.149846952747830664
112 176 -0.0815073218388153165
112 177 -0.00970159378244584217
113 33 -0.156502922627906355
113 46 -0.189107069857694432
113 106 0.120756260857532757
113 107 -0.374210574935109563
113 112 0.055807894576628353
113 113 1.442017273229389
113 119 -0.458162989516520236
113 172 -0.479706779803724059
113 176 0.0391089080774046638
114 37 -0.0905474039249643953
114 50 -0.720083796240492013
114 108 -0.522568778724892491
114 109 0.047794950016755211
114 110 -0.117336786089662332
114 114 3.04495276512741109
114 115 0.189102755982191451
114 116 -0.34503272234040866
114 117 -0.304081533954409622
114 120 -0.178068392997147884
114 121 -0.218605966652438921
114 174 -0.588742865965960149
114 178 -0.182489982354324509
114 181 -0.0142922418816565297
115 50 -0.147544735543891942
115 109 -0.0525008273129318193
115 114 0.189102755982191451
115 115 0.205604258542188778
115 116 -0.145084664404376618
115 120 -0.0495767872631797876
116 109 -0.0293897169294878025
116 110 -0.38824187183211506
116 114 -0.34503272234040866
116 115 -0.145084664404376618
116 116 1.54352619517934353
116 120 -0.296401070574626502
116 174 0.412815422029727208
116 175 -0.690007732074314428
116 178 0.0642424665378079629
116 179 -0.0885598112075673405
116 180 -0.0378664943839822563
117 35 -0.0256102506382342755
117 37 -0.00749974243995103068
117 48 -0.304081533954409289
117 50 0.361307682627719506
117 108 -0.0256102506382342825
117 111 -0.042514294160465177
117 114 -0.304081533954409622
117 117 0.443428842928138001
117 121 -0.0953389197701537405
118 45 -0.192969949129986024
118 46 0.223435518384688697
118 58 -0.331203499772252052
118 59 -0.138027536332795936
118 112 -1.01351343967598995
118 118 3.11854317149014371
118 119 -0.21319403697030434
118 125 -0.966082431764893168
118 126 -0.0359514159268285796
118 127 0.23395861171262014
118 176 -0.255586790352259563
118 177 -0.311160685845626783
118 182 -0.182489982354324676
118 183 0.0642424665378079351
119 46 -0.135717733170585247
119 59 -0.135976528594733304
119 112 0.37540444774713766
119 113 -0.458162989516520236
119 118 -0.21319403697030434
119 119 1.06447362073738705
119 127 -0.159772586035741182
119 176 -0.299187699812658081
119 183 -0.0378664943839822493
120 50 -0.182122415517054714
120 114 -0.178068392997147884
120 115 -0.0495767872631797876
120 116 -0.296401070574626502
120 120 3.50791810378947222
120 121 -0.671995691465356537
120 122 -0.595426277860639286
120 128 -0.197822601091629635
120 178 -0.966082431764892613
120 179 -0.167941479402500565
120 181 0.0512146910630494473
120 184 -0.097369501570053224
120 185 -0.0445140514324442182
120 186 -0.111812093912995902
121 48 -0.218605966652438838
121 50 0.101708272818709838
121 60 -0.671995691465356981
121 114 -0.218605966652438921
121 117 -0.0953389197701537405
121 120 -0.671995691465356537
121 121 1.42194265054733759
121 122 0.747784167248557008
121 123 -0.0362924461769675022
121 128 -0.0566329805383659207
121 129 -0.124474860108458998
121 181 -0.0362924461769677381
121 185 -0.124474860108459512
121 187 -0.0167252614996394947
122 50 -0.251232305394498201
122 60 -0.595426277860640285
122 120 -0.595426277860639286
122 121 0.747784167248557008
122 122 0.899890707962451297
122 128 -0.205590014095230561
123 48 -0.0142922418816565228
123 60 0.0512146910630492808
123 62 -0.0359514159268285172
123 121 -0.0362924461769675022
123 123 0.0489534042119826318
123 129 -0.0136319912895793635
124 56 -0.0167252614996394669
124 58 -0.124474860108459207
124 67 -0.124474860108459137
124 68 -0.0566329805383659624
124 124 1.42194265054733648
124 125 -0.671995691465356204
124 126 -0.0362924461769676965
124 133 -0.671995691465356537
124 134 -0.0362924461769675438
124 135 0.747784167248556453
124 182 -0.218605966652438921
124 188 -0.218605966652438921
124 189 0.101708272818710088
124 190 -0.0953389197701538238
125 58 -0.044514051432444357
125 59 -0.0973695015700531963
125 68 -0.19782260109162933
125 69 -0.111812093912996
125 118 -0.966082431764893168
125 124 -0.671995691465356204
125 125 3.50791810378947133
125 126 0.0512146910630494334
125 127 -0.167941479402500649
125 135 -0.595426277860639175
125 182 -0.178068392997147801
125 183 -0.296401070574626613
125 189 -0.182122415517054825
125 191 -0.0495767872631797668
126 58 -0.013631991289579452
126 118 -0.0359514159268285796
126 124 -0.0362924461769676965
126 125 0.0512146910630494334
126 126 0.0489534042119828261
126 182 -0.0142922418816565297
127 59 -0.0798054638850196618
127 118 0.23395861171262014
127 119 -0.159772586035741182
127 125 -0.167941479402500649
127 127 0.262120728818208582
127 183 -0.0885598112075672295
128 60 -0.197822601091628913
128 120 -0.197822601091629635
128 121 -0.0566329805383659207
128 122 -0.205590014095230561
128 128 3.74459941073068547
128 129 -1.12764267263741136
128 130 -0.39701968133793003
128 136 -0.112269009804114805
128 185 -1.12764267263741247
128 186 -0.397019681337930364
128 187 0.236615163289531583
128 192 -0.112269009804114916
128 193 -0.0494836496444475415
129 60 -0.0445140514324443362
129 62 -0.331203499772251997
129 70 -0.621257048899695352
129 121 -0.124474860108458998
129 123 -0.0136319912895793635
129 128 -1.12764267263741136
129 129 3.30087931309015836
129 130 0.450231373154132641
129 131 -0.997863064734932914
129 136 0.219837486270281157
129 137 0.12075626085753266
129 187 -0.418191501221332085
129 193 -0.300194606091921556
129 194 -0.116231002395239452
129 195 0.0034998652111627223
130 60 -0.111812093912996
130 70 -0.386656684121384209
130 128 -0.39701968133793003
130 129 0.450231373154132641
130 130 0.525007718625658315
130 136 -0.079750632407480801
131 62 -0.192969949129986079
131 65 -0.0949851277162237217
131 70 0.454725035673775091
131 71 -0.509804494963971733
131 129 -0.997863064734932914
131 131 2.47096050097437203
131 132 -1.01351343967598906
131 137 0.0558078945766284432
131 138 0.375404447747137437
131 194 -0.306705934381717449
131 195 -0.149846952747830497
131 196 -0.081507321838815136
131 197 -0.00970159378244590288
