% 448x448 4760 nonzeros
1 1 6.66689601515264884e-05
1 2 7.61714589089638502e-06
1 3 1.15226791432406641e-05
1 4 0.000574844060034185875
1 5 2.71245445534040917e-05
1 6 1.61876560424393734e-05
1 7 8.2635701227302811e-05
1 8 2.97759173429326055e-05
2 1 7.61714589089638502e-06
2 2 0.000849600311549540558
2 3 0.0002394996457830348
2 4 0.00123014383404613549
2 5 0.000434351019965857447
2 9 4.76043914179074653e-05
2 10 8.29568132033248792e-05
2 11 0.00230319061334106033
2 12 0.000195076230490816998
3 1 1.15226791432406641e-05
3 2 0.0002394996457830348
3 3 0.00998588054560073379
3 4 0.00305967884555577441
3 6 0.000527324069525250379
3 10 0.00123014971269191161
3 11 0.00267606283783856317
3 24 0.0018509396058695388
3 25 0.00258659608274787066
3 26 0.00141574415881919546
3 27 0.00398677198408058965
4 1 0.000574844060034185875
4 2 0.00123014383404613549
4 3 0.00305967884555577441
4 4 0.0181660216552035174
4 5 0.00314388734339492376
4 6 0.00178827690836958451
4 7 0.00304518511858834287
4 8 0.00226742740562861254
4 11 0.00212951160633548285
4 25 0.00143785382234659187
4 27 0.000296071061573382804
4 91 0.000832405618169797506
4 92 7.13064988102860291e-05
4 103 1.78812132569181251e-06
5 1 2.71245445534040917e-05
5 2 0.000434351019965857447
5 4 0.00314388734339492376
5 5 0.0162890706087020706
5 8 0.00141097238832444153
5 11 0.00280188744879578382
5 12 0.00256239129182343501
5 74 2.71245445534041222e-05
5 75 0.000434351019965857014
5 76 0.00314388734339492463
5 81 0.00280188744879578296
5 91 0.00172827673453846537
5 92 0.00158031698424648272
6 1 1.61876560424393734e-05
6 3 0.000527324069525250379
6 4 0.00178827690836958451
6 6 0.00343860508103664784
6 7 0.00157249730964523085
6 18 1.61876560424393768e-05
6 19 0.000527324069525249945
6 20 0.00178827690836958451
6 24 0.000490872621989343547
6 25 0.00404815913104865019
7 1 8.2635701227302811e-05
7 4 0.00304518511858834287
7 6 0.00157249730964523085
7 7 0.0183782197160379558
7 8 0.00206041008944328778
7 18 8.26357012273027975e-05
7 20 0.00304518511858834547
7 23 0.00206041008944328778
7 25 0.00159211781560499466
7 87 0.00031211438568906337
7 88 0.00271544252857285496
7 91 0.00100006554917930908
7 102 0.00100006554917930865
7 103 6.0733997103811074e-05
8 1 2.97759173429326055e-05
8 4 0.00226742740562861254
8 5 0.00141097238832444153
8 7 0.00206041008944328778
8 8 0.00818078810342687604
8 74 2.97759173429325717e-05
8 76 0.00226742740562861254
8 78 0.00206041008944328778
8 87 0.000166709101467820602
8 88 0.0024408263828898883
8 91 0.00387085560888613019
9 2 4.76043914179074653e-05
9 9 0.00106314919226198844
9 10 0.000339991770262182153
9 11 0.0018368495298352037
9 12 0.000634976611304878232
9 13 1.56997043126356281e-05
9 14 3.39653282258129611e-05
9 15 0.00222237242543337366
9 16 9.40209108467968558e-05
10 2 8.29568132033248792e-05
10 3 0.00123014971269191161
10 9 0.000339991770262182153
10 10 0.0125092663013721319
10 11 0.00358736938273998031
10 14 0.00105914101902622134
10 15 0.00299664972211602723
10 26 0.00253823460100147114
10 27 0.00246326511511522342
10 28 0.00131951764041086592
10 29 0.00419049078435630631
11 2 0.00230319061334106033
11 3 0.00267606283783856317
11 4 0.00212951160633548285
11 5 0.00280188744879578382
11 9 0.0018368495298352037
11 10 0.00358736938273998031
11 11 0.0161569171753849043
11 12 0.00345518189826525502
11 15 0.00203953139143324804
11 27 0.000646228431076505106
11 29 0.000186127587094659009
11 92 0.000176786992805637219
11 93 2.15955385804263023e-05
12 2 0.000195076230490816998
12 5 0.00256239129182343501
12 9 0.000634976611304878232
12 11 0.00345518189826525502
12 12 0.0196816024451508809
12 15 0.00314963518078475568
12 16 0.00261657108599910653
12 75 0.000195076230490817378
12 80 0.000634976611304878449
12 81 0.00345518189826525763
12 84 0.00314963518078475524
12 92 0.000939410981073996246
12 93 0.00140166923841061539
13 9 1.56997043126356281e-05
13 13 0.000126338377392636926
13 14 4.28422851344516746e-05
13 15 0.000799427537128508461
13 16 8.76410639102064015e-05
13 17 0.000202885380655037527
14 9 3.39653282258129611e-05
14 10 0.00105914101902622134
14 13 4.28422851344516746e-05
14 14 0.0073215598597973653
14 15 0.00400693277659176349
14 17 0.00156545153426953989
14 28 0.00158516313120320293
14 29 0.00327356811730432178
14 30 9.44686464377951702e-05
14 31 0.000141384257175912551
14 32 0.00484533226040531877
15 9 0.00222237242543337366
15 10 0.00299664972211602723
15 11 0.00203953139143324804
15 12 0.00314963518078475568
15 13 0.000799427537128508461
15 14 0.00400693277659176349
15 15 0.0217460159662700089
15 16 0.00432855857218270631
15 17 0.00464620071255456967
15 29 0.00100724752322030407
15 32 0.00118835209227089269
15 93 0.000292386433918807409
15 95 0.00036926175005586254
15 104 6.25974976022114723e-06
16 9 9.40209108467968558e-05
16 12 0.00261657108599910653
16 13 8.76410639102064015e-05
16 15 0.00432855857218270631
16 16 0.0163557633133167464
16 17 0.00263817327293671636
16 80 9.40209108467969507e-05
16 83 8.76410639102065913e-05
16 84 0.00432855857218270457
16 86 0.00263817327293671897
16 93 0.00165886963175996757
16 94 0.000778507727987666357
16 95 0.00450959490445374239
17 13 0.000202885380655037527
17 14 0.00156545153426953989
17 15 0.00464620071255456967
17 16 0.00263817327293671636
17 17 0.0294929211188070389
17 30 0.000291525596891607157
17 32 0.00522356103414907836
17 33 0.00272532999211462122
17 94 0.00119297325855146318
17 95 0.00371901192170013238
17 96 0.00429945062343796598
17 104 0.00013935278810759812
17 105 0.000900288969286758885
17 106 0.00479286602702426456
18 6 1.61876560424393768e-05
18 7 8.26357012273027975e-05
18 18 6.66689601515264748e-05
18 19 1.15226791432406116e-05
18 20 0.000574844060034185767
18 21 7.61714589089638586e-06
18 22 2.71245445534041561e-05
18 23 2.97759173429326326e-05
19 6 0.000527324069525249945
19 18 1.15226791432406116e-05
19 19 0.00998588054560073553
19 20 0.00305967884555577441
19 21 0.000239499645783034664
19 24 0.0018509396058695388
19 25 0.00258659608274786935
19 34 0.00123014971269191182
19 35 0.0026760628378385649
19 38 0.00141574415881919524
19 39 0.00398677198408058965
20 6 0.00178827690836958451
20 7 0.00304518511858834547
20 18 0.000574844060034185767
20 19 0.00305967884555577441
20 20 0.0181660216552035139
20 21 0.00123014383404613462
20 22 0.00314388734339492507
20 23 0.00226742740562861167
20 25 0.00143785382234659143
20 35 0.00212951160633548372
20 39 0.00029607106157338275
20 102 0.000832405618169797614
20 103 1.78812132569181823e-06
20 111 7.13064988102859749e-05
21 18 7.61714589089638586e-06
21 19 0.000239499645783034664
21 20 0.00123014383404613462
21 21 0.000849600311549539473
21 22 0.000434351019965857176
21 34 8.29568132033248521e-05
21 35 0.00230319061334105903
21 36 4.76043914179074857e-05
21 37 0.000195076230490817134
22 18 2.71245445534041561e-05
22 20 0.00314388734339492507
22 21 0.000434351019965857176
22 22 0.0162890706087020706
22 23 0.0014109723883244411
22 35 0.00280188744879578296
22 37 0.00256239129182343501
22 97 2.71245445534041933e-05
22 98 0.00314388734339492637
22 99 0.000434351019965857122
22 102 0.00172827673453846472
22 108 0.00280188744879578469
22 111 0.00158031698424648294
23 7 0.00206041008944328778
23 18 2.97759173429326326e-05
23 20 0.00226742740562861167
23 22 0.0014109723883244411
23 23 0.00818078810342687257
23 87 0.000166709101467820548
23 88 0.00244082638288988657
23 89 0.00206041008944328821
23 97 2.97759173429325717e-05
23 98 0.00226742740562861341
23 102 0.00387085560888612932
24 3 0.0018509396058695388
24 6 0.000490872621989343547
24 19 0.0018509396058695388
24 24 0.0194141386932253426
24 25 0.00300873379759018745
24 26 0.00335752468115692142
24 27 0.00179408458442503705
24 38 0.00335752468115692185
24 39 0.0017940845844250377
24 40 0.00365158477389502644
24 41 0.00164965029740184416
25 3 0.00258659608274787066
25 4 0.00143785382234659187
25 6 0.00404815913104865019
25 7 0.00159211781560499466
25 19 0.00258659608274786935
25 20 0.00143785382234659143
25 24 0.00300873379759018745
25 25 0.00833844964911419767
25 27 0.000299105309294192773
25 39 0.000299105309294192827
25 41 8.78105507969188857e-06
25 103 9.70914875072652298e-07
26 3 0.00141574415881919546
26 10 0.00253823460100147114
26 24 0.00335752468115692142
26 26 0.0238771716537839671
26 27 0.00250741615563793716
26 28 0.00352703809318583028
26 29 0.00175798243944275492
26 40 0.00452504343413774948
26 41 0.000717722785373484085
26 42 0.00389888036798460673
26 43 0.00140973974814441504
27 3 0.00398677198408058965
27 4 0.000296071061573382804
27 10 0.00246326511511522342
27 11 0.000646228431076505106
27 24 0.00179408458442503705
27 25 0.000299105309294192773
27 26 0.00250741615563793716
27 27 0.00365347419985504211
27 29 0.000163038955230869562
27 41 2.68294770425194361e-05
27 43 8.24998228424424777e-07
28 10 0.00131951764041086592
28 14 0.00158516313120320293
28 26 0.00352703809318583028
28 28 0.0211756001853011661
28 29 0.0037129271825854784
28 31 0.00142963911554836766
28 32 0.00370548185123522516
28 42 0.00376302016127707042
28 43 0.00163736735189082749
28 44 0.0010751855877930126
28 45 0.00458982830553493482
29 10 0.00419049078435630631
29 11 0.000186127587094659009
29 14 0.00327356811730432178
29 15 0.00100724752322030407
29 26 0.00175798243944275492
29 27 0.000163038955230869562
29 28 0.0037129271825854784
29 29 0.00510815275999040256
29 32 0.00073085780496004438
29 43 4.76719751534224054e-05
29 45 3.11221182937088581e-05
30 14 9.44686464377951702e-05
30 17 0.000291525596891607157
30 30 0.000261590818875726146
30 31 5.17041965410022282e-05
30 32 0.00131547055913785169
30 33 0.000147374223981201345
31 14 0.000141384257175912551
31 28 0.00142963911554836766
31 30 5.17041965410022282e-05
31 31 0.00398933905009008632
31 32 0.00439427406942868685
31 33 0.000219168117615440227
31 44 0.00043128162871480379
31 45 0.00400996534031955974
31 46 0.0015661033066258598
32 14 0.00484533226040531877
32 15 0.00118835209227089269
32 17 0.00522356103414907836
32 28 0.00370548185123522516
32 29 0.00073085780496004438
32 30 0.00131547055913785169
32 31 0.00439427406942868685
32 32 0.0254557862725737216
32 33 0.00607961503961901642
32 45 0.00168225590388301348
32 46 0.00446912897264132615
32 104 6.66647800050704691e-06
32 106 0.000820153868504331718
32 112 0.000794005432167940836
33 17 0.00272532999211462122
33 30 0.000147374223981201345
33 31 0.000219168117615440227
33 32 0.00607961503961901642
33 33 0.0127804954056072104
33 46 0.00213553164991598082
33 105 0.000262767698557742101
33 106 0.00617543746522336567
33 107 0.000174714400404653384
33 112 0.00453161345426970896
33 113 0.00151403947195929826
34 19 0.00123014971269191182
34 21 8.29568132033248521e-05
34 34 0.0125092663013721336
34 35 0.00358736938273998031
34 36 0.000339991770262182153
34 38 0.002538234601001472
34 39 0.00246326511511522385
34 47 0.00105914101902622264
34 48 0.0029966497221160268
34 51 0.00131951764041086592
34 52 0.00419049078435630717
35 19 0.0026760628378385649
35 20 0.00212951160633548372
35 21 0.00230319061334105903
35 22 0.00280188744879578296
35 34 0.00358736938273998031
35 35 0.0161569171753849009
35 36 0.0018368495298352037
35 37 0.00345518189826525329
35 39 0.000646228431076505431
35 48 0.0020395313914332476
35 52 0.000186127587094659091
35 111 0.000176786992805637083
35 117 2.15955385804262684e-05
36 21 4.76043914179074857e-05
36 34 0.000339991770262182153
36 35 0.0018368495298352037
36 36 0.00106314919226198823
36 37 0.000634976611304878232
36 47 3.39653282258129544e-05
36 48 0.00222237242543337366
36 49 1.56997043126356451e-05
36 50 9.40209108467969507e-05
37 21 0.000195076230490817134
37 22 0.00256239129182343501
37 35 0.00345518189826525329
37 36 0.000634976611304878232
37 37 0.0196816024451508843
37 48 0.00314963518078475524
37 50 0.00261657108599910957
37 99 0.000195076230490817351
37 108 0.00345518189826525806
37 109 0.000634976611304878557
37 111 0.000939410981073996137
37 114 0.00314963518078475654
37 117 0.00140166923841061756
38 19 0.00141574415881919524
38 24 0.00335752468115692185
38 34 0.002538234601001472
38 38 0.0238771716537844424
38 39 0.00250741615563793629
38 40 0.00452504343413715274
38 41 0.000717722785373460558
38 51 0.00352703809318583288
38 52 0.00175798243944275557
38 53 0.00389888036798460586
38 54 0.00140973974814433112
39 19 0.00398677198408058965
39 20 0.00029607106157338275
39 24 0.0017940845844250377
39 25 0.000299105309294192827
39 34 0.00246326511511522385
39 35 0.000646228431076505431
39 38 0.00250741615563793629
39 39 0.00365347419985504254
39 41 2.68294770425194395e-05
39 52 0.000163038955230869535
39 54 8.24998228424426472e-07
40 24 0.00365158477389502644
40 26 0.00452504343413774948
40 38 0.00452504343413715274
40 40 0.0297483731156099641
40 41 0.000681332037103600237
40 42 0.00500244085580973507
40 43 0.000265404082097686188
40 53 0.0050024408558097368
40 54 0.000265404082097808487
40 55 0.00426814092888831015
40 56 0.00104187519719547332
41 24 0.00164965029740184416
41 25 8.78105507969188857e-06
41 26 0.000717722785373484085
41 27 2.68294770425194361e-05
41 38 0.000717722785373460558
41 39 2.68294770425194395e-05
41 40 0.000681332037103600237
41 41 0.000360716001219008693
41 43 1.75075947822677528e-06
41 54 1.7507594782292465e-06
42 26 0.00389888036798460673
42 28 0.00376302016127707042
42 40 0.00500244085580973507
42 42 0.0285641302551432261
42 43 0.00170157367651220092
42 44 0.00258694792785087212
42 45 0.00298926898957896326
42 55 0.00413550746429407808
42 56 0.0013110432352578204
42 57 0.000926162938495800727
42 58 0.00476905013391961796
43 26 0.00140973974814441504
43 27 8.24998228424424777e-07
43 28 0.00163736735189082749
43 29 4.76719751534224054e-05
43 40 0.000265404082097686188
43 41 1.75075947822677528e-06
43 42 0.00170157367651220092
43 43 0.000578200555657381503
43 45 7.15112299801799739e-05
43 56 4.16387543521978302e-06
43 58 3.37413205797440907e-06
44 28 0.0010751855877930126
44 31 0.00043128162871480379
44 42 0.00258694792785087212
44 44 0.00683891254789767769
44 45 0.00668725967407418111
44 46 0.000764359921650732774
44 57 0.000274080219941667965
44 58 0.00426676989127272154
44 59 0.00151403947195929848
45 28 0.00458982830553493482
45 29 3.11221182937088581e-05
45 31 0.00400996534031955974
45 32 0.00168225590388301348
45 42 0.00298926898957896326
45 43 7.15112299801799739e-05
45 44 0.00668725967407418111
45 45 0.0164047327467422566
45 46 0.00587480012568010641
45 58 0.00159251746172424965
45 59 0.0045316134542697107
45 112 0.000109061124911407123
45 118 0.000794005432167942463
46 31 0.0015661033066258598
46 32 0.00446912897264132615
46 33 0.00213553164991598082
46 44 0.000764359921650732774
46 45 0.00587480012568010641
46 46 0.021556291176292975
46 59 0.00213553164991597995
46 112 0.00587480012568010728
46 113 0.000764359921650733208
46 118 0.00446912897264132788
46 119 0.00156610330662586067
47 34 0.00105914101902622264
47 36 3.39653282258129544e-05
47 47 0.00732155985979733061
47 48 0.00400693277659175916
47 49 4.28422851344517017e-05
47 51 0.00158516313120325584
47 52 0.00327356811730432481
47 60 0.00156545153426953902
47 61 0.000141384257175912307
47 62 0.00484533226040532831
47 63 9.44686464377953464e-05
48 34 0.0029966497221160268
48 35 0.0020395313914332476
48 36 0.00222237242543337366
48 37 0.00314963518078475524
48 47 0.00400693277659175916
48 48 0.0217460159662699985
48 49 0.000799427537128507269
48 50 0.00432855857218270371
48 52 0.00100724752322030363
48 60 0.00464620071255456273
48 62 0.00118835209227089269
48 117 0.000292386433918807246
48 121 0.000369261750055862161
48 123 6.25974976022114808e-06
49 36 1.56997043126356451e-05
49 47 4.28422851344517017e-05
49 48 0.000799427537128507269
49 49 0.000126338377392636654
49 50 8.76410639102064557e-05
49 60 0.00020288538065503693
50 36 9.40209108467969507e-05
50 37 0.00261657108599910957
50 48 0.00432855857218270371
50 49 8.76410639102064557e-05
50 50 0.0163557633133167568
50 60 0.0026381732729367181
50 109 9.40209108467968422e-05
50 114 0.00432855857218270631
50 115 8.76410639102064557e-05
50 117 0.00165886963175996996
50 120 0.00263817327293671897
50 121 0.00450959490445374585
50 122 0.000778507727987667441
51 34 0.00131951764041086592
51 38 0.00352703809318583288
51 47 0.00158516313120325584
51 51 0.0211756001853010863
51 52 0.00371292718258547493
51 53 0.00376302016127706435
51 54 0.00163736735189082706
51 61 0.00142963911554836831
51 62 0.00370548185123522299
51 64 0.00107518558779301217
51 65 0.00458982830553493221
52 34 0.00419049078435630717
52 35 0.000186127587094659091
52 38 0.00175798243944275557
52 39 0.000163038955230869535
52 47 0.00327356811730432481
52 48 0.00100724752322030363
52 51 0.00371292718258547493
52 52 0.00510815275999040429
52 54 4.76719751534223648e-05
52 62 0.000730857804960044922
52 65 3.11221182937088242e-05
53 38 0.00389888036798460586
53 40 0.0050024408558097368
53 51 0.00376302016127706435
53 53 0.0285641302551432226
53 54 0.0017015736765121994
53 55 0.00413550746429408242
53 56 0.00131104323525781954
53 64 0.00258694792785087169
53 65 0.00298926898957896153
53 66 0.000926162938495800944
53 67 0.00476905013391961969
54 38 0.00140973974814433112
54 39 8.24998228424426472e-07
54 40 0.000265404082097808487
54 41 1.7507594782292465e-06
54 51 0.00163736735189082706
54 52 4.76719751534223648e-05
54 53 0.0017015736765121994
54 54 0.000578200555657391044
54 56 4.16387543521978218e-06
54 65 7.15112299801800146e-05
54 67 3.37413205797440272e-06
55 40 0.00426814092888831015
55 42 0.00413550746429407808
55 53 0.00413550746429408242
55 55 0.0242859573890016021
55 56 0.00413003103771855673
55 57 0.000792251737175128233
55 58 0.00485410808913831933
55 66 0.000792251737175128667
55 67 0.00485410808913831933
55 68 0.00533646797182545964
56 40 0.00104187519719547332
56 42 0.0013110432352578204
56 43 4.16387543521978302e-06
56 53 0.00131104323525781954
56 54 4.16387543521978218e-06
56 55 0.00413003103771855673
56 56 0.00122848102583166473
56 58 0.000231316388551640507
56 67 0.000231316388551640562
56 68 0.000850944406917983429
56 124 5.12868307694161914e-06
57 42 0.000926162938495800727
57 44 0.000274080219941667965
57 55 0.000792251737175128233
57 57 0.00156271877542195456
57 58 0.00446886205268294014
57 59 0.000174714400404653465
57 68 0.000708901157350310686
57 69 0.000131772358571035383
58 42 0.00476905013391961796
58 43 3.37413205797440907e-06
58 44 0.00426676989127272154
58 45 0.00159251746172424965
58 55 0.00485410808913831933
58 56 0.000231316388551640507
58 57 0.00446886205268294014
58 58 0.0280041030588626776
58 59 0.00617543746522336134
58 68 0.00601553883035905491
58 69 0.0027169864978216769
58 118 0.000820153868504331935
58 124 5.54761316493627255e-05
58 125 0.0047928660270242689
58 126 3.14743438495148051e-06
59 44 0.00151403947195929848
59 45 0.0045316134542697107
59 46 0.00213553164991597995
59 57 0.000174714400404653465
59 58 0.00617543746522336134
59 59 0.0127804954056072121
59 69 0.000262767698557742155
59 118 0.00607961503961902162
59 119 0.000219168117615440227
59 125 0.00272532999211462165
59 127 0.0001473742239812014
60 47 0.00156545153426953902
60 48 0.00464620071255456273
60 49 0.00020288538065503693
60 50 0.0026381732729367181
60 60 0.0294929211188070355
60 62 0.00522356103414908443
60 63 0.000291525596891608024
60 70 0.00272532999211462252
60 121 0.00371901192170013585
60 122 0.00119297325855146534
60 123 0.000139352788107598337
60 128 0.00429945062343795991
60 129 0.00479286602702426283
60 130 0.000900288969286757693
61 47 0.000141384257175912307
61 51 0.00142963911554836831
61 61 0.00398933905009008806
61 62 0.00439427406942868772
61 63 5.17041965410023501e-05
61 64 0.000431281628714803682
61 65 0.00400996534031955974
61 70 0.00021916811761544039
61 71 0.00156610330662585958
62 47 0.00484533226040532831
62 48 0.00118835209227089269
62 51 0.00370548185123522299
62 52 0.000730857804960044922
62 60 0.00522356103414908443
62 61 0.00439427406942868772
62 62 0.0254557862725737459
62 63 0.00131547055913785495
62 65 0.00168225590388301326
62 70 0.00607961503961901989
62 71 0.00446912897264132788
62 123 6.66647800050704352e-06
62 129 0.00082015386850433226
62 131 0.000794005432167941487
63 47 9.44686464377953464e-05
63 60 0.000291525596891608024
63 61 5.17041965410023501e-05
63 62 0.00131547055913785495
63 63 0.000261590818875726905
63 70 0.000147374223981201129
64 51 0.00107518558779301217
64 53 0.00258694792785087169
64 61 0.000431281628714803682
64 64 0.00683891254789767422
64 65 0.00668725967407418111
64 66 0.000274080219941667694
64 67 0.00426676989127271894
64 71 0.000764359921650733208
64 72 0.00151403947195929999
65 51 0.00458982830553493221
65 52 3.11221182937088242e-05
65 53 0.00298926898957896153
65 54 7.15112299801800146e-05
65 61 0.00400996534031955974
65 62 0.00168225590388301326
65 64 0.00668725967407418111
65 65 0.0164047327467422566
65 67 0.00159251746172425009
65 71 0.00587480012568010815
65 72 0.0045316134542697185
65 131 0.000109061124911407259
65 132 0.000794005432167942571
66 53 0.000926162938495800944
66 55 0.000792251737175128667
66 64 0.000274080219941667694
66 66 0.00156271877542195478
66 67 0.00446886205268294187
66 68 0.000708901157350309819
66 72 0.000174714400404653465
66 73 0.000131772358571035953
67 53 0.00476905013391961969
67 54 3.37413205797440272e-06
67 55 0.00485410808913831933
67 56 0.000231316388551640562
67 64 0.00426676989127271894
67 65 0.00159251746172425009
67 66 0.00446886205268294187
67 67 0.0280041030588626914
67 68 0.00601553883035905578
67 72 0.00617543746522336828
67 73 0.00271698649782168037
67 124 5.54761316493626713e-05
67 132 0.000820153868504332152
67 133 0.00479286602702426196
67 134 3.14743438495147204e-06
68 55 0.00533646797182545964
68 56 0.000850944406917983429
68 57 0.000708901157350310686
68 58 0.00601553883035905491
68 66 0.000708901157350309819
68 67 0.00601553883035905578
68 68 0.0315695971695979932
68 69 0.000681018211441414755
68 73 0.000681018211441415623
68 124 0.00362945546973017941
68 125 0.00429945062343796425
68 133 0.00429945062343795991
68 135 0.00150425210884894307
69 57 0.000131772358571035383
69 58 0.0027169864978216769
69 59 0.000262767698557742155
69 68 0.000681018211441414755
69 69 0.000906915385479101655
69 125 0.000900288969286760403
70 60 0.00272532999211462252
70 61 0.00021916811761544039
70 62 0.00607961503961901989
70 63 0.000147374223981201129
70 70 0.0127804954056072138
70 71 0.00213553164991598298
70 129 0.00617543746522336828
70 130 0.000262767698557741993
70 131 0.0045316134542697107
70 136 0.00017471440040465352
70 137 0.00151403947195929826
71 61 0.00156610330662585958
71 62 0.00446912897264132788
71 64 0.000764359921650733208
71 65 0.00587480012568010815
71 70 0.00213553164991598298
71 71 0.0215562911762929715
71 72 0.00213553164991598082
71 131 0.00587480012568010468
71 132 0.00446912897264132788
71 137 0.000764359921650732991
71 138 0.00156610330662586002
72 64 0.00151403947195929999
72 65 0.0045316134542697185
72 66 0.000174714400404653465
72 67 0.00617543746522336828
72 71 0.00213553164991598082
72 72 0.0127804954056072277
72 73 0.000262767698557742264
72 132 0.00607961503961902162
72 133 0.00272532999211462165
72 138 0.000219168117615440254
72 139 0.000147374223981201481
73 66 0.000131772358571035953
73 67 0.00271698649782168037
73 68 0.000681018211441415623
73 72 0.000262767698557742264
73 73 0.000906915385479102956
73 133 0.000900288969286758235
74 5 2.71245445534041222e-05
74 8 2.97759173429325717e-05
74 74 6.66689601515263393e-05
74 75 7.61714589089638078e-06
74 76 0.000574844060034184791
74 77 1.15226791432406099e-05
74 78 8.26357012273026213e-05
74 79 1.61876560424393869e-05
75 5 0.000434351019965857014
75 12 0.000195076230490817378
75 74 7.61714589089638078e-06
75 75 0.000849600311549540124
75 76 0.00123014383404613592
75 77 0.000239499645783034691
75 80 4.76043914179074721e-05
75 81 0.00230319061334105903
75 82 8.29568132033248792e-05
76 5 0.00314388734339492463
76 8 0.00226742740562861254
76 74 0.000574844060034184791
76 75 0.00123014383404613592
76 76 0.0181660216552035139
76 77 0.00305967884555577354
76 78 0.003045185118588342
76 79 0.00178827690836958451
76 81 0.00212951160633548416
76 91 0.000832405618169797614
76 92 7.13064988102859884e-05
76 145 0.00143785382234659165
76 147 0.000296071061573382642
76 160 1.78812132569179684e-06
77 74 1.15226791432406099e-05
77 75 0.000239499645783034691
77 76 0.00305967884555577354
77 77 0.00998588054560073379
77 79 0.000527324069525249945
77 81 0.00267606283783856317
77 82 0.00123014971269191226
77 145 0.00258659608274786935
77 146 0.00185093960586953901
77 147 0.00398677198408059139
77 148 0.00141574415881919502
78 8 0.00206041008944328778
78 74 8.26357012273026213e-05
78 76 0.003045185118588342
78 78 0.0183782197160379628
78 79 0.00157249730964523085
78 87 0.000312114385689063315
78 88 0.00271544252857285366
78 90 0.00206041008944328778
78 91 0.00100006554917930952
78 140 8.26357012273028788e-05
78 141 0.00304518511858834591
78 145 0.00159211781560499531
78 159 0.0010000655491793093
78 160 6.07339971038109384e-05
79 74 1.61876560424393869e-05
79 76 0.00178827690836958451
79 77 0.000527324069525249945
79 78 0.00157249730964523085
79 79 0.0034386050810366474
79 140 1.61876560424393734e-05
79 141 0.0017882769083695843
79 142 0.000527324069525250162
79 145 0.00404815913104864932
79 146 0.000490872621989343113
80 12 0.000634976611304878449
80 16 9.40209108467969507e-05
80 75 4.76043914179074721e-05
80 80 0.00106314919226198823
80 81 0.00183684952983520413
80 82 0.000339991770262181936
80 83 1.56997043126356247e-05
80 84 0.00222237242543337323
80 85 3.39653282258129273e-05
81 5 0.00280188744879578296
81 12 0.00345518189826525763
81 75 0.00230319061334105903
81 76 0.00212951160633548416
81 77 0.00267606283783856317
81 80 0.00183684952983520413
81 81 0.0161569171753849043
81 82 0.00358736938273998118
81 84 0.00203953139143324804
81 92 0.000176786992805637164
81 93 2.15955385804262955e-05
81 147 0.000646228431076505106
81 149 0.000186127587094659036
82 75 8.29568132033248792e-05
82 77 0.00123014971269191226
82 80 0.000339991770262181936
82 81 0.00358736938273998118
82 82 0.0125092663013721319
82 84 0.0029966497221160255
82 85 0.00105914101902622156
82 147 0.00246326511511522385
82 148 0.00253823460100147157
82 149 0.00419049078435630631
82 150 0.00131951764041086592
83 16 8.76410639102065913e-05
83 80 1.56997043126356247e-05
83 83 0.000126338377392637251
83 84 0.000799427537128509762
83 85 4.2842285134451756e-05
83 86 0.000202885380655037906
84 12 0.00314963518078475524
84 16 0.00432855857218270457
84 80 0.00222237242543337323
84 81 0.00203953139143324804
84 82 0.0029966497221160255
84 83 0.000799427537128509762
84 84 0.0217460159662700089
84 85 0.00400693277659176349
84 86 0.0046462007125545662
84 93 0.000292386433918807355
84 95 0.000369261750055862377
84 149 0.00100724752322030407
84 152 0.00118835209227089291
84 161 6.25974976022114469e-06
85 80 3.39653282258129273e-05
85 82 0.00105914101902622156
85 83 4.2842285134451756e-05
85 84 0.00400693277659176349
85 85 0.0073215598597973653
85 86 0.00156545153426954032
85 149 0.00327356811730432091
85 150 0.00158516313120320293
85 151 9.44686464377953328e-05
85 152 0.00484533226040532138
85 153 0.000141384257175912389
86 16 0.00263817327293671897
86 83 0.000202885380655037906
86 84 0.0046462007125545662
86 85 0.00156545153426954032
86 86 0.0294929211188070285
86 94 0.00119297325855146318
86 95 0.00371901192170013325
86 96 0.00429945062343796511
86 151 0.000291525596891607374
86 152 0.00522356103414908703
86 154 0.00272532999211462382
86 161 0.000139352788107598039
86 162 0.000900288969286756066
86 163 0.00479286602702425762
87 7 0.00031211438568906337
87 8 0.000166709101467820602
87 23 0.000166709101467820548
87 78 0.000312114385689063315
87 87 0.000692010418756438118
87 88 0.00227124412569564092
87 89 0.000312114385689062177
87 90 0.000166709101467820439
88 7 0.00271544252857285496
88 8 0.0024408263828898883
88 23 0.00244082638288988657
88 78 0.00271544252857285366
88 87 0.00227124412569564092
88 88 0.0128709392662940108
88 89 0.00271544252857284975
88 90 0.00244082638288988527
88 91 0.000420678484546624138
88 102 0.000420678484546624138
88 103 6.57054642412305809e-07
88 159 0.000420678484546624083
88 160 6.57054642412304326e-07
88 167 6.57054642412311526e-07
89 23 0.00206041008944328821
89 87 0.000312114385689062177
89 88 0.00271544252857284975
89 89 0.0183782197160379662
89 90 0.00206041008944328821
89 97 8.26357012273027839e-05
89 98 0.00304518511858834634
89 101 0.00157249730964523085
89 102 0.00100006554917930908
89 155 8.2635701227302689e-05
89 156 0.00304518511858834764
89 159 0.00100006554917931017
89 165 0.00159211781560499531
89 167 6.07339971038112908e-05
90 78 0.00206041008944328778
90 87 0.000166709101467820439
90 88 0.00244082638288988527
90 89 0.00206041008944328821
90 90 0.00818078810342687084
90 140 2.97759173429326428e-05
90 141 0.00226742740562861254
90 143 0.0014109723883244411
90 155 2.97759173429326089e-05
90 156 0.00226742740562861341
90 159 0.00387085560888612845
91 4 0.000832405618169797506
91 5 0.00172827673453846537
91 7 0.00100006554917930908
91 8 0.00387085560888613019
91 76 0.000832405618169797614
91 78 0.00100006554917930952
91 88 0.000420678484546624138
91 91 0.00257969146125233651
91 92 2.63369172623948439e-05
91 103 4.98820676785816427e-07
91 160 4.98820676785815897e-07
92 4 7.13064988102860291e-05
92 5 0.00158031698424648272
92 11 0.000176786992805637219
92 12 0.000939410981073996246
92 76 7.13064988102859884e-05
92 81 0.000176786992805637164
92 91 2.63369172623948439e-05
92 92 0.000423668415053147108
92 93 6.58520176182686848e-06
93 11 2.15955385804263023e-05
93 12 0.00140166923841061539
93 15 0.000292386433918807409
93 16 0.00165886963175996757
93 81 2.15955385804262955e-05
93 84 0.000292386433918807355
93 92 6.58520176182686848e-06
93 93 0.000589214367262875507
93 95 5.74760932525011765e-05
94 16 0.000778507727987666357
94 17 0.00119297325855146318
94 86 0.00119297325855146318
94 94 0.00254918009834523675
94 95 0.00382981418210140163
94 96 0.00150425210884894437
95 15 0.00036926175005586254
95 16 0.00450959490445374239
95 17 0.00371901192170013238
95 84 0.000369261750055862377
95 86 0.00371901192170013325
95 93 5.74760932525011765e-05
95 94 0.00382981418210140163
95 95 0.00758917428446458618
95 96 0.00362945546973018332
95 104 2.77015863789080883e-06
95 106 5.54761316493627255e-05
95 161 2.77015863789082704e-06
95 163 5.54761316493626916e-05
95 168 5.12868307694164964e-06
96 17 0.00429945062343796598
96 86 0.00429945062343796511
96 94 0.00150425210884894437
96 95 0.00362945546973018332
96 96 0.031569597169598014
96 105 0.000681018211441415731
96 106 0.00601553883035905405
96 107 0.000708901157350309385
96 162 0.00068101821144141584
96 163 0.00601553883035905838
96 164 0.000708901157350310144
96 168 0.000850944406917983212
96 169 0.00533646797182545183
97 22 2.71245445534041933e-05
97 23 2.97759173429325717e-05
97 89 8.26357012273027839e-05
97 97 6.66689601515264613e-05
97 98 0.000574844060034185658
97 99 7.617145890896374e-06
97 100 1.15226791432406218e-05
97 101 1.61876560424393869e-05
98 22 0.00314388734339492637
98 23 0.00226742740562861341
98 89 0.00304518511858834634
98 97 0.000574844060034185658
98 98 0.0181660216552035209
98 99 0.00123014383404613549
98 100 0.00305967884555577354
98 101 0.00178827690836958408
98 102 0.000832405618169797614
98 108 0.00212951160633548459
98 111 7.13064988102858936e-05
98 165 0.00143785382234659143
98 167 1.78812132569182754e-06
98 170 0.000296071061573382859
99 22 0.000434351019965857122
99 37 0.000195076230490817351
99 97 7.617145890896374e-06
99 98 0.00123014383404613549
99 99 0.000849600311549540449
99 100 0.000239499645783034637
99 108 0.00230319061334106033
99 109 4.76043914179074721e-05
99 110 8.29568132033249063e-05
100 97 1.15226791432406218e-05
100 98 0.00305967884555577354
100 99 0.000239499645783034637
100 100 0.00998588054560073553
100 101 0.000527324069525249729
100 108 0.00267606283783856404
100 110 0.00123014971269191139
100 165 0.00258659608274786849
100 166 0.0018509396058695388
100 170 0.00398677198408058965
100 171 0.00141574415881919546
101 89 0.00157249730964523085
101 97 1.61876560424393869e-05
101 98 0.00178827690836958408
101 100 0.000527324069525249729
101 101 0.0034386050810366474
101 155 1.61876560424393734e-05
101 156 0.00178827690836958516
101 157 0.000527324069525250162
101 165 0.00404815913104865019
101 166 0.000490872621989343221
102 7 0.00100006554917930865
102 20 0.000832405618169797614
102 22 0.00172827673453846472
102 23 0.00387085560888612932
102 88 0.000420678484546624138
102 89 0.00100006554917930908
102 98 0.000832405618169797614
102 102 0.00257969146125233608
102 103 4.98820676785816003e-07
102 111 2.63369172623948507e-05
102 167 4.98820676785815262e-07
103 4 1.78812132569181251e-06
103 7 6.0733997103811074e-05
103 20 1.78812132569181823e-06
103 25 9.70914875072652298e-07
103 88 6.57054642412305809e-07
103 91 4.98820676785816427e-07
103 102 4.98820676785816003e-07
103 103 2.50307220588503729e-06
104 15 6.25974976022114723e-06
104 17 0.00013935278810759812
104 32 6.66647800050704691e-06
104 95 2.77015863789080883e-06
104 104 8.42219681574018017e-06
104 106 3.1474343849514822e-06
105 17 0.000900288969286758885
105 33 0.000262767698557742101
105 96 0.000681018211441415731
105 105 0.000906915385479101113
105 106 0.00271698649782167647
105 107 0.000131772358571035682
106 17 0.00479286602702426456
106 32 0.000820153868504331718
106 33 0.00617543746522336567
106 95 5.54761316493627255e-05
106 96 0.00601553883035905405
106 104 3.1474343849514822e-06
106 105 0.00271698649782167647
106 106 0.028004103058862681
106 107 0.004468862052682941
106 112 0.00159251746172424944
106 113 0.00426676989127272067
106 168 0.00023131638855164048
106 169 0.00485410808913831673
106 172 0.00476905013391962229
106 173 3.37413205797440822e-06
107 33 0.000174714400404653384
107 96 0.000708901157350309385
107 105 0.000131772358571035682
107 106 0.004468862052682941
107 107 0.00156271877542195434
107 113 0.000274080219941667694
107 169 0.00079225173717512845
107 172 0.000926162938495801594
108 22 0.00280188744879578469
108 37 0.00345518189826525806
108 98 0.00212951160633548459
108 99 0.00230319061334106033
108 100 0.00267606283783856404
108 108 0.0161569171753849043
108 109 0.00183684952983520413
108 110 0.00358736938273998031
108 111 0.000176786992805636948
108 114 0.00203953139143324804
108 117 2.15955385804263294e-05
108 170 0.000646228431076505431
108 174 0.000186127587094659091
109 37 0.000634976611304878557
109 50 9.40209108467968422e-05
109 99 4.76043914179074721e-05
109 108 0.00183684952983520413
109 109 0.00106314919226198866
109 110 0.000339991770262182262
109 114 0.00222237242543337453
109 115 1.56997043126356247e-05
109 116 3.39653282258129679e-05
110 99 8.29568132033249063e-05
110 100 0.00123014971269191139
110 108 0.00358736938273998031
110 109 0.000339991770262182262
110 110 0.0125092663013721354
110 114 0.00299664972211602766
110 116 0.00105914101902622178
110 170 0.00246326511511522342
110 171 0.002538234601001472
110 174 0.00419049078435630717
110 175 0.00131951764041086592
111 20 7.13064988102859749e-05
111 22 0.00158031698424648294
111 35 0.000176786992805637083
111 37 0.000939410981073996137
111 98 7.13064988102858936e-05
111 102 2.63369172623948507e-05
111 108 0.000176786992805636948
111 111 0.000423668415053147162
111 117 6.58520176182686848e-06
112 32 0.000794005432167940836
112 33 0.00453161345426970896
112 45 0.000109061124911407123
112 46 0.00587480012568010728
112 106 0.00159251746172424944
112 112 0.0164047327467422462
112 113 0.0066872596740741759
112 118 0.00168225590388301305
112 119 0.00400996534031956408
112 172 0.00298926898957895979
112 173 7.15112299801799604e-05
112 176 0.00458982830553493568
112 177 3.11221182937088852e-05
113 33 0.00151403947195929826
113 46 0.000764359921650733208
113 106 0.00426676989127272067
113 107 0.000274080219941667694
113 112 0.0066872596740741759
113 113 0.00683891254789767335
113 119 0.000431281628714803628
113 172 0.00258694792785087169
113 176 0.00107518558779301368
114 37 0.00314963518078475654
114 50 0.00432855857218270631
114 108 0.00203953139143324804
114 109 0.00222237242543337453
114 110 0.00299664972211602766
114 114 0.0217460159662700193
114 115 0.000799427537128509546
114 116 0.00400693277659176002
114 117 0.000292386433918807517
114 120 0.0046462007125545688
114 121 0.000369261750055862161
114 174 0.00100724752322030385
114 178 0.00118835209227089247
114 181 6.25974976022116078e-06
115 50 8.76410639102064557e-05
115 109 1.56997043126356247e-05
115 114 0.000799427537128509546
115 115 0.000126338377392637169
115 116 4.28422851344517017e-05
115 120 0.000202885380655037825
116 109 3.39653282258129679e-05
116 110 0.00105914101902622178
116 114 0.00400693277659176002
116 115 4.28422851344517017e-05
116 116 0.00732155985979736097
116 120 0.00156545153426953902
116 174 0.00327356811730432004
116 175 0.00158516313120320314
116 178 0.00484533226040532051
116 179 9.44686464377953328e-05
116 180 0.000141384257175912578
117 35 2.15955385804262684e-05
117 37 0.00140166923841061756
117 48 0.000292386433918807246
117 50 0.00165886963175996996
117 108 2.15955385804263294e-05
117 111 6.58520176182686848e-06
117 114 0.000292386433918807517
117 117 0.000589214367262876808
117 121 5.74760932525011765e-05
118 45 0.000794005432167942463
118 46 0.00446912897264132788
118 58 0.000820153868504331935
118 59 0.00607961503961902162
118 112 0.00168225590388301305
118 118 0.025455786272573739
118 119 0.00439427406942868685
118 125 0.00522356103414908443
118 126 6.66647800050704267e-06
118 127 0.00131547055913785408
118 176 0.00370548185123521952
118 177 0.000730857804960044922
118 182 0.00118835209227089334
118 183 0.00484533226040532571
119 46 0.00156610330662586067
119 59 0.000219168117615440227
119 112 0.00400996534031956408
119 113 0.000431281628714803628
119 118 0.00439427406942868685
119 119 0.00398933905009008979
119 127 5.17041965410023298e-05
119 176 0.00142963911554837004
119 183 0.000141384257175912389
120 50 0.00263817327293671897
120 114 0.0046462007125545688
120 115 0.000202885380655037825
120 116 0.00156545153426953902
120 120 0.0294929211188070563
120 121 0.00371901192170013325
120 122 0.00119297325855146448
120 128 0.00429945062343796598
120 178 0.00522356103414908183
120 179 0.000291525596891607374
120 181 0.000139352788107598174
120 184 0.00272532999211462035
120 185 0.00479286602702426456
120 186 0.00090028896928675856
121 48 0.000369261750055862161
121 50 0.00450959490445374585
121 60 0.00371901192170013585
121 114 0.000369261750055862161
121 117 5.74760932525011765e-05
121 120 0.00371901192170013325
121 121 0.00758917428446459399
121 122 0.00382981418210140683
121 123 2.77015863789082365e-06
121 128 0.00362945546973017898
121 129 5.5476131649362651e-05
121 181 2.77015863789082958e-06
121 185 5.54761316493625629e-05
121 187 5.12868307694162507e-06
122 50 0.000778507727987667441
122 60 0.00119297325855146534
122 120 0.00119297325855146448
122 121 0.00382981418210140683
122 122 0.00254918009834523979
122 128 0.00150425210884894394
123 48 6.25974976022114808e-06
123 60 0.000139352788107598337
123 62 6.66647800050704352e-06
123 121 2.77015863789082365e-06
123 123 8.42219681574019033e-06
123 129 3.14743438495147881e-06
124 56 5.12868307694161914e-06
124 58 5.54761316493627255e-05
124 67 5.54761316493626713e-05
124 68 0.00362945546973017941
124 124 0.00758917428446458792
124 125 0.00371901192170013585
124 126 2.77015863789082916e-06
124 133 0.00371901192170013498
124 134 2.77015863789082408e-06
124 135 0.00382981418210140249
124 182 0.000369261750055863028
124 188 0.000369261750055863407
124 189 0.00450959490445374325
124 190 5.74760932525011494e-05
125 58 0.0047928660270242689
125 59 0.00272532999211462165
125 68 0.00429945062343796425
125 69 0.000900288969286760403
125 118 0.00522356103414908443
125 124 0.00371901192170013585
125 125 0.0294929211188070702
125 126 0.000139352788107598255
125 127 0.00029152559689160759
125 135 0.00119297325855146404
