diary on;
A = sparse(A(:,1),A(:,2),A(:,3));
B = sparse(M(:,1),M(:,2),M(:,3));
size = size(A,1)

size =

       44472

B_epsilon = sparse(1:size,1:size,1e-15);
B = B+B_epsilon;
tmp = eigs(A,B,100,2)

tmp =

    2.0000
    2.0000
    2.0000
    0.4407
    0.4181
    0.4174
    0.3960
    0.3672
    0.3542
    0.3468
    0.3375
    0.3316
    0.3274
    0.3167
    0.3093
    0.3071
    0.3040
    0.2975
    0.2956
    0.2890
    0.2880
    0.2844
    0.2760
    0.2715
    0.2692
    0.2654
    0.2636
    0.2631
    0.2610
    0.2593
    0.2581
    0.2561
    0.2555
    0.2543
    0.2522
    0.2513
    0.2496
    0.2487
    0.2486
    0.2457
    0.2456
    0.2448
    0.2438
    0.2422
    0.2411
    0.2402
    0.2380
    0.2379
    0.2367
    0.2360
    0.2358
    0.2348
    0.2341
    0.2329
    0.2325
    0.2325
    0.2322
    0.2318
    0.2316
    0.2306
    0.2303
    0.2295
    0.2293
    0.2289
    0.2286
    0.2286
    0.2282
    0.2277
    0.2274
    0.2274
    0.2272
    0.2268
    0.2262
    0.2258
    0.2255
    0.2254
    0.2246
    0.2245
    0.2242
    0.2240
    0.2237
    0.2236
    0.2234
    0.2229
    0.2222
    0.2220
    0.2216
    0.2210
    0.2208
    0.2208
    0.2206
    0.2204
    0.2203
    0.2200
    0.2199
    0.2197
    0.2190
    0.2188
    0.2187
    0.2183

flip(tmp)

ans =

    0.2183
    0.2187
    0.2188
    0.2190
    0.2197
    0.2199
    0.2200
    0.2203
    0.2204
    0.2206
    0.2208
    0.2208
    0.2210
    0.2216
    0.2220
    0.2222
    0.2229
    0.2234
    0.2236
    0.2237
    0.2240
    0.2242
    0.2245
    0.2246
    0.2254
    0.2255
    0.2258
    0.2262
    0.2268
    0.2272
    0.2274
    0.2274
    0.2277
    0.2282
    0.2286
    0.2286
    0.2289
    0.2293
    0.2295
    0.2303
    0.2306
    0.2316
    0.2318
    0.2322
    0.2325
    0.2325
    0.2329
    0.2341
    0.2348
    0.2358
    0.2360
    0.2367
    0.2379
    0.2380
    0.2402
    0.2411
    0.2422
    0.2438
    0.2448
    0.2456
    0.2457
    0.2486
    0.2487
    0.2496
    0.2513
    0.2522
    0.2543
    0.2555
    0.2561
    0.2581
    0.2593
    0.2610
    0.2631
    0.2636
    0.2654
    0.2692
    0.2715
    0.2760
    0.2844
    0.2880
    0.2890
    0.2956
    0.2975
    0.3040
    0.3071
    0.3093
    0.3167
    0.3274
    0.3316
    0.3375
    0.3468
    0.3542
    0.3672
    0.3960
    0.4174
    0.4181
    0.4407
    2.0000
    2.0000
    2.0000

