% 100x100 1028 nonzeros
1 1 0.120017975143431849
1 2 -0.0564660000334208934
1 3 -0.00201747856697668919
1 4 0.0554324606577610152
1 5 -0.00201747856697668832
1 6 -0.0564660000334209766
1 7 -0.00201747856697668832
1 8 -0.0564660000334209072
2 1 -0.0564660000334208934
2 2 0.801794909321918658
2 3 -0.36805505784812742
2 4 0.0850402055122187334
2 5 -0.368055057848127531
2 9 -0.22262755331871259
2 10 -0.0555778587999546242
2 11 0.239524271814160195
2 12 -0.0555778587999546173
3 1 -0.00201747856697668919
3 2 -0.36805505784812742
3 3 2.48496044134735072
3 4 -0.534966817524795246
3 6 -0.368055057848127476
3 10 -0.623885236686118505
3 11 -0.030418014888744075
3 18 -0.623885236686118616
3 19 -0.0304180148887440681
3 22 -0.0521111628118808845
3 23 0.148851636402282661
4 1 0.0554324606577610152
4 2 0.0850402055122187334
4 3 -0.534966817524795246
4 4 3.13534344228317075
4 5 -0.534966817524795246
4 6 0.0850402055122187195
4 7 -0.534966817524795246
4 8 0.0850402055122187195
4 11 -0.58961192860248568
4 19 -0.58961192860248568
4 23 -0.0240534270319153753
4 40 -0.589611928602485569
4 44 -0.0240534270319153753
4 49 -0.0240534270319153753
5 1 -0.00201747856697668832
5 2 -0.368055057848127531
5 4 -0.534966817524795246
5 5 2.48496044134735072
5 8 -0.36805505784812742
5 11 -0.030418014888744075
5 12 -0.623885236686118727
5 40 -0.030418014888744075
5 41 -0.623885236686118727
5 44 0.148851636402282717
5 45 -0.0521111628118808984
6 1 -0.0564660000334209766
6 3 -0.368055057848127476
6 4 0.0850402055122187195
6 6 0.801794909321918881
6 7 -0.36805505784812742
6 18 -0.0555778587999546242
6 19 0.239524271814160195
6 20 -0.222627553318712701
6 21 -0.0555778587999546034
7 1 -0.00201747856697668832
7 4 -0.534966817524795246
7 6 -0.36805505784812742
7 7 2.48496044134734984
7 8 -0.368055057848127476
7 19 -0.0304180148887440577
7 21 -0.623885236686118505
7 40 -0.0304180148887440716
7 42 -0.623885236686118505
7 49 0.148851636402282661
7 50 -0.0521111628118808984
8 1 -0.0564660000334209072
8 4 0.0850402055122187195
8 5 -0.36805505784812742
8 7 -0.368055057848127476
8 8 0.80179490932191877
8 40 0.23952427181416025
8 41 -0.0555778587999546242
8 42 -0.0555778587999546242
8 43 -0.222627553318712618
9 2 -0.22262755331871259
9 9 0.982097474059176245
9 10 -0.462817722027041911
9 11 0.35734215387657664
9 12 -0.462817722027042078
9 13 -0.0628080763486244392
9 14 -0.100153722106685064
9 15 0.0719388899990383579
9 16 -0.100153722106685092
10 2 -0.0555778587999546242
10 3 -0.623885236686118505
10 9 -0.462817722027041911
10 10 2.99508747936409625
10 11 -0.507498821970065128
10 14 -0.391673326456690118
10 15 -0.162568866853190636
10 22 -0.84696297175746682
10 23 0.115382497938836412
10 24 0.000826994085503143794
10 25 -0.0603121668379080558
11 2 0.239524271814160195
11 3 -0.030418014888744075
11 4 -0.58961192860248568
11 5 -0.030418014888744075
11 9 0.35734215387657664
11 10 -0.507498821970065128
11 11 2.09927006020792017
11 12 -0.50749882197006535
11 15 -0.455323564116158042
11 23 -0.274481785926834865
11 25 -0.0132018738043623036
11 44 -0.27448178592683492
11 46 -0.0132018738043623175
12 2 -0.0555778587999546173
12 5 -0.623885236686118727
12 9 -0.462817722027042078
12 11 -0.50749882197006535
12 12 2.99508747936409625
12 15 -0.162568866853190636
12 16 -0.391673326456690007
12 44 0.115382497938836426
12 45 -0.84696297175746682
12 46 -0.0603121668379079517
12 47 0.000826994085503102161
13 9 -0.0628080763486244392
13 13 0.224972676990612824
13 14 -0.148856569465159821
13 15 0.186946041812139196
13 16 -0.148856569465160071
13 17 -0.0513975035238076819
14 9 -0.100153722106685064
14 10 -0.391673326456690118
14 13 -0.148856569465159821
14 14 1.77823813909582373
14 15 -0.565275531951177745
14 17 -0.184304756871707803
14 24 -0.819765632602562189
14 25 0.518490740581726839
14 26 -0.0866993402235675253
15 9 0.0719388899990383579
15 10 -0.162568866853190636
15 11 -0.455323564116158042
15 12 -0.162568866853190636
15 13 0.186946041812139196
15 14 -0.565275531951177745
15 15 3.34141454695252804
15 16 -0.565275531951177967
15 17 0.171759742891513162
15 25 -0.789268553918220261
15 26 -0.0109317328257701289
15 46 -0.789268553918220483
15 48 -0.010931732825770096
15 51 -0.260646286442343111
16 9 -0.100153722106685092
16 12 -0.391673326456690007
16 13 -0.148856569465160071
16 15 -0.565275531951177967
16 16 1.77823813909582373
16 17 -0.184304756871707803
16 46 0.518490740581726839
16 47 -0.819765632602561967
16 48 -0.0866993402235675947
17 13 -0.0513975035238076819
17 14 -0.184304756871707803
17 15 0.171759742891513162
17 16 -0.184304756871707803
17 17 1.28602691367190425
17 26 -0.685556486167275936
17 48 -0.685556486167275825
17 51 0.33333333303835766
18 3 -0.623885236686118616
18 6 -0.0555778587999546242
18 18 2.99508747936409536
18 19 -0.507498821970065239
18 20 -0.462817722027041856
18 22 -0.846962971757466709
18 23 0.115382497938836481
18 27 -0.391673326456689952
18 28 -0.162568866853190608
18 31 0.000826994085503088283
18 32 -0.0603121668379079587
19 3 -0.0304180148887440681
19 4 -0.58961192860248568
19 6 0.239524271814160195
19 7 -0.0304180148887440577
19 18 -0.507498821970065239
19 19 2.09927006020792017
19 20 0.35734215387657664
19 21 -0.50749882197006535
19 23 -0.274481785926835031
19 28 -0.455323564116157986
19 32 -0.013201873804362307
19 49 -0.27448178592683492
19 52 -0.0132018738043623192
20 6 -0.222627553318712701
20 18 -0.462817722027041856
20 19 0.35734215387657664
20 20 0.982097474059176578
20 21 -0.462817722027042133
20 27 -0.100153722106685078
20 28 0.0719388899990383163
20 29 -0.0628080763486245225
20 30 -0.10015372210668512
21 6 -0.0555778587999546034
21 7 -0.623885236686118505
21 19 -0.50749882197006535
21 20 -0.462817722027042133
21 21 2.99508747936409625
21 28 -0.162568866853190691
21 30 -0.391673326456690063
21 49 0.115382497938836398
21 50 -0.846962971757466709
21 52 -0.0603121668379080003
21 53 0.000826994085503143794
22 3 -0.0521111628118808845
22 10 -0.84696297175746682
22 18 -0.846962971757466709
22 22 3.81842074685616373
22 23 -0.268497800750623072
22 24 -0.758417902187899617
22 25 -0.179868540999471055
22 31 -0.758417902187899506
22 32 -0.179868540999470916
22 33 0.333333333038357715
22 34 -0.260646286442343222
23 3 0.148851636402282661
23 4 -0.0240534270319153753
23 10 0.115382497938836412
23 11 -0.274481785926834865
23 18 0.115382497938836481
23 19 -0.274481785926835031
23 22 -0.268497800750623072
23 23 0.597449799016539829
23 25 -0.0677758158301436098
23 32 -0.0677758158301435404
24 10 0.000826994085503143794
24 14 -0.819765632602562189
24 22 -0.758417902187899617
24 24 2.90747971228495228
24 25 -0.248929772016249051
24 26 -0.298005840347131734
24 33 -0.685556486167276047
24 34 -0.0109317328257701601
24 35 -0.0866993402235675947
25 10 -0.0603121668379080558
25 11 -0.0132018738043623036
25 14 0.518490740581726839
25 15 -0.789268553918220261
25 22 -0.179868540999471055
25 23 -0.0677758158301436098
25 24 -0.248929772016249051
25 25 1.68173196564925487
25 26 -0.24892977201624894
25 34 -0.789268553918220483
25 35 0.51849074058172695
25 51 -0.179868540999470944
25 54 -0.060312166837908035
25 55 -0.013201873804362307
25 56 -0.0677758158301434849
26 14 -0.0866993402235675253
26 15 -0.0109317328257701289
26 17 -0.685556486167275936
26 24 -0.298005840347131734
26 25 -0.24892977201624894
26 26 2.90747971228495228
26 35 -0.819765632602561967
26 51 -0.758417902187899395
26 54 0.000826994085503129917
27 18 -0.391673326456689952
27 20 -0.100153722106685078
27 27 1.77823813909582329
27 28 -0.565275531951177856
27 29 -0.14885656946515996
27 31 -0.819765632602561745
27 32 0.518490740581726728
27 36 -0.184304756871707803
27 37 -0.0866993402235675809
28 18 -0.162568866853190608
28 19 -0.455323564116157986
28 20 0.0719388899990383163
28 21 -0.162568866853190691
28 27 -0.565275531951177856
28 28 3.34141454695252804
28 29 0.186946041812139252
28 30 -0.565275531951178078
28 32 -0.789268553918220483
28 36 0.171759742891513162
28 37 -0.0109317328257700283
28 52 -0.789268553918220706
28 57 -0.0109317328257700769
28 58 -0.260646286442343278
29 20 -0.0628080763486245225
29 27 -0.14885656946515996
29 28 0.186946041812139252
29 29 0.22497267699061288
29 30 -0.148856569465160044
29 36 -0.0513975035238076472
30 20 -0.10015372210668512
30 21 -0.391673326456690063
30 28 -0.565275531951178078
30 29 -0.148856569465160044
30 30 1.77823813909582373
30 36 -0.184304756871707831
30 52 0.51849074058172695
30 53 -0.819765632602561967
30 57 -0.0866993402235676364
31 18 0.000826994085503088283
31 22 -0.758417902187899506
31 27 -0.819765632602561745
31 31 2.90747971228495228
31 32 -0.24892977201624894
31 33 -0.685556486167276047
31 34 -0.0109317328257701463
31 37 -0.298005840347131679
31 38 -0.0866993402235675253
32 18 -0.0603121668379079587
32 19 -0.013201873804362307
32 22 -0.179868540999470916
32 23 -0.0677758158301435404
32 27 0.518490740581726728
32 28 -0.789268553918220483
32 31 -0.24892977201624894
32 32 1.68173196564925442
32 34 -0.789268553918220261
32 37 -0.248929772016248996
32 38 0.518490740581726839
32 55 -0.013201873804362307
32 58 -0.179868540999470972
32 59 -0.0603121668379080003
32 60 -0.067775815830143471
33 22 0.333333333038357715
33 24 -0.685556486167276047
33 31 -0.685556486167276047
33 33 1.28602691367190491
33 34 0.171759742891513273
33 35 -0.184304756871707887
33 38 -0.184304756871707914
33 39 -0.0513975035238076819
34 22 -0.260646286442343222
34 24 -0.0109317328257701601
34 25 -0.789268553918220483
34 31 -0.0109317328257701463
34 32 -0.789268553918220261
34 33 0.171759742891513273
34 34 3.3414145469525276
34 35 -0.56527553195117819
34 38 -0.565275531951177745
34 39 0.186946041812139224
34 54 -0.162568866853190663
34 55 -0.455323564116157986
34 59 -0.162568866853190719
34 61 0.0719388899990383857
35 24 -0.0866993402235675947
35 25 0.51849074058172695
35 26 -0.819765632602561967
35 33 -0.184304756871707887
35 34 -0.56527553195117819
35 35 1.77823813909582418
35 39 -0.148856569465160099
35 54 -0.391673326456689952
35 61 -0.100153722106685078
36 27 -0.184304756871707803
36 28 0.171759742891513162
36 29 -0.0513975035238076472
36 30 -0.184304756871707831
36 36 1.28602691367190447
36 37 -0.685556486167276047
36 57 -0.685556486167276047
36 58 0.333333333038357715
37 27 -0.0866993402235675809
37 28 -0.0109317328257700283
37 31 -0.298005840347131679
37 32 -0.248929772016248996
37 36 -0.685556486167276047
37 37 2.90747971228495272
37 38 -0.819765632602561967
37 58 -0.758417902187899395
37 59 0.000826994085503129917
38 31 -0.0866993402235675253
38 32 0.518490740581726839
38 33 -0.184304756871707914
38 34 -0.565275531951177745
38 37 -0.819765632602561967
38 38 1.77823813909582329
38 39 -0.148856569465159849
38 59 -0.391673326456690063
38 61 -0.10015372210668512
39 33 -0.0513975035238076819
39 34 0.186946041812139224
39 35 -0.148856569465160099
39 38 -0.148856569465159849
39 39 0.224972676990612797
39 61 -0.0628080763486244809
40 4 -0.589611928602485569
40 5 -0.030418014888744075
40 7 -0.0304180148887440716
40 8 0.23952427181416025
40 40 2.09927006020792017
40 41 -0.507498821970065239
40 42 -0.50749882197006535
40 43 0.35734215387657664
40 44 -0.274481785926834865
40 49 -0.274481785926834865
40 62 -0.455323564116158042
40 66 -0.0132018738043623192
40 71 -0.0132018738043623192
41 5 -0.623885236686118727
41 8 -0.0555778587999546242
41 40 -0.507498821970065239
41 41 2.99508747936409581
41 43 -0.462817722027041967
41 44 0.115382497938836481
41 45 -0.846962971757466709
41 62 -0.162568866853190719
41 63 -0.391673326456690063
41 66 -0.0603121668379079864
41 67 0.000826994085503143794
42 7 -0.623885236686118505
42 8 -0.0555778587999546242
42 40 -0.50749882197006535
42 42 2.99508747936409536
42 43 -0.462817722027042078
42 49 0.115382497938836467
42 50 -0.846962971757466709
42 62 -0.162568866853190663
42 64 -0.391673326456690007
42 71 -0.0603121668379080489
42 72 0.00082699408550317155
43 8 -0.222627553318712618
43 40 0.35734215387657664
43 41 -0.462817722027041967
43 42 -0.462817722027042078
43 43 0.982097474059176356
43 62 0.0719388899990383857
43 63 -0.100153722106685106
43 64 -0.100153722106685134
43 65 -0.0628080763486244531
44 4 -0.0240534270319153753
44 5 0.148851636402282717
44 11 -0.27448178592683492
44 12 0.115382497938836426
44 40 -0.274481785926834865
44 41 0.115382497938836481
44 44 0.597449799016539718
44 45 -0.268497800750623128
44 46 -0.0677758158301435681
44 66 -0.0677758158301434849
45 5 -0.0521111628118808984
45 12 -0.84696297175746682
45 41 -0.846962971757466709
45 44 -0.268497800750623128
45 45 3.81842074685616417
45 46 -0.179868540999471027
45 47 -0.758417902187899395
45 66 -0.179868540999470972
45 67 -0.758417902187899506
45 68 -0.260646286442343278
45 69 0.333333333038357715
46 11 -0.0132018738043623175
46 12 -0.0603121668379079517
46 15 -0.789268553918220483
46 16 0.518490740581726839
46 44 -0.0677758158301435681
46 45 -0.179868540999471027
46 46 1.68173196564925509
46 47 -0.248929772016248996
46 48 -0.248929772016248996
46 51 -0.179868540999470999
46 56 -0.0677758158301434988
46 68 -0.78926855391822015
46 70 0.518490740581726728
46 73 -0.0603121668379079656
46 74 -0.0132018738043623209
47 12 0.000826994085503102161
47 16 -0.819765632602561967
47 45 -0.758417902187899395
47 46 -0.248929772016248996
47 47 2.90747971228495272
47 48 -0.298005840347131734
47 68 -0.010931732825770174
47 69 -0.685556486167276047
47 70 -0.0866993402235675392
48 15 -0.010931732825770096
48 16 -0.0866993402235675947
48 17 -0.685556486167275825
48 46 -0.248929772016248996
48 47 -0.298005840347131734
48 48 2.90747971228495228
48 51 -0.758417902187899395
48 70 -0.819765632602561967
48 73 0.000826994085503116039
49 4 -0.0240534270319153753
49 7 0.148851636402282661
49 19 -0.27448178592683492
49 21 0.115382497938836398
49 40 -0.274481785926834865
49 42 0.115382497938836467
49 49 0.597449799016539718
49 50 -0.268497800750623072
49 52 -0.0677758158301435543
49 71 -0.067775815830143471
50 7 -0.0521111628118808984
50 21 -0.846962971757466709
50 42 -0.846962971757466709
50 49 -0.268497800750623072
50 50 3.81842074685616328
50 52 -0.179868540999471055
50 53 -0.758417902187899395
50 71 -0.179868540999470972
50 72 -0.758417902187899506
50 75 -0.260646286442343222
50 76 0.33333333303835766
51 15 -0.260646286442343111
51 17 0.33333333303835766
51 25 -0.179868540999470944
51 26 -0.758417902187899395
51 46 -0.179868540999470999
51 48 -0.758417902187899395
51 51 3.81842074685616373
51 54 -0.846962971757466931
51 56 -0.268497800750623128
51 73 -0.846962971757466709
51 77 -0.0521111628118809123
52 19 -0.0132018738043623192
52 21 -0.0603121668379080003
52 28 -0.789268553918220706
52 30 0.51849074058172695
52 49 -0.0677758158301435543
52 50 -0.179868540999471055
52 52 1.68173196564925531
52 53 -0.248929772016248996
52 57 -0.248929772016248996
52 58 -0.179868540999470972
52 60 -0.0677758158301436653
52 75 -0.789268553918220372
52 79 0.518490740581726839
52 80 -0.0603121668379079864
52 81 -0.0132018738043623261
53 21 0.000826994085503143794
53 30 -0.819765632602561967
53 50 -0.758417902187899395
53 52 -0.248929772016248996
53 53 2.90747971228495272
53 57 -0.298005840347131734
53 75 -0.0109317328257701463
53 76 -0.685556486167276047
53 79 -0.0866993402235675115
54 25 -0.060312166837908035
54 26 0.000826994085503129917
54 34 -0.162568866853190663
54 35 -0.391673326456689952
54 51 -0.846962971757466931
54 54 2.99508747936409625
54 55 -0.507498821970065239
54 56 0.115382497938836481
54 61 -0.462817722027041856
54 77 -0.623885236686118727
54 83 -0.0555778587999546311
55 25 -0.013201873804362307
55 32 -0.013201873804362307
55 34 -0.455323564116157986
55 54 -0.507498821970065239
55 55 2.09927006020791973
55 56 -0.27448178592683492
55 59 -0.507498821970065239
55 60 -0.274481785926835031
55 61 0.35734215387657664
55 77 -0.0304180148887440854
55 78 -0.589611928602485569
55 82 -0.0304180148887440507
55 83 0.239524271814160195
56 25 -0.0677758158301434849
56 46 -0.0677758158301434988
56 51 -0.268497800750623128
56 54 0.115382497938836481
56 55 -0.27448178592683492
56 56 0.597449799016539829
56 73 0.115382497938836398
56 74 -0.274481785926834976
56 77 0.148851636402282717
56 78 -0.0240534270319153823
57 28 -0.0109317328257700769
57 30 -0.0866993402235676364
57 36 -0.685556486167276047
57 52 -0.248929772016248996
57 53 -0.298005840347131734
57 57 2.90747971228495272
57 58 -0.758417902187899395
57 79 -0.819765632602561967
57 80 0.000826994085503129917
58 28 -0.260646286442343278
58 32 -0.179868540999470972
58 36 0.333333333038357715
58 37 -0.758417902187899395
58 52 -0.179868540999470972
58 57 -0.758417902187899395
58 58 3.81842074685616373
58 59 -0.846962971757466709
58 60 -0.268497800750623128
58 80 -0.84696297175746682
58 82 -0.0521111628118808984
59 32 -0.0603121668379080003
59 34 -0.162568866853190719
59 37 0.000826994085503129917
59 38 -0.391673326456690063
59 55 -0.507498821970065239
59 58 -0.846962971757466709
59 59 2.99508747936409625
59 60 0.115382497938836509
59 61 -0.462817722027042022
59 82 -0.623885236686118949
59 83 -0.0555778587999546034
60 32 -0.067775815830143471
60 52 -0.0677758158301436653
60 55 -0.274481785926835031
60 58 -0.268497800750623128
60 59 0.115382497938836509
60 60 0.597449799016539829
60 78 -0.0240534270319153753
60 80 0.115382497938836426
60 81 -0.27448178592683492
60 82 0.148851636402282689
61 34 0.0719388899990383857
61 35 -0.100153722106685078
61 38 -0.10015372210668512
61 39 -0.0628080763486244809
61 54 -0.462817722027041856
61 55 0.35734215387657664
61 59 -0.462817722027042022
61 61 0.982097474059176356
61 83 -0.222627553318712645
62 40 -0.455323564116158042
62 41 -0.162568866853190719
62 42 -0.162568866853190663
62 43 0.0719388899990383857
62 62 3.34141454695252804
62 63 -0.565275531951177967
62 64 -0.565275531951177967
62 65 0.186946041812139196
62 66 -0.789268553918220372
62 71 -0.789268553918220483
62 84 0.171759742891513134
62 85 -0.0109317328257700977
62 88 -0.0109317328257700769
62 89 -0.260646286442343111
63 41 -0.391673326456690063
63 43 -0.100153722106685106
63 62 -0.565275531951177967
63 63 1.77823813909582351
63 65 -0.148856569465159905
63 66 0.51849074058172695
63 67 -0.819765632602561967
63 84 -0.184304756871707859
63 85 -0.0866993402235676225
64 42 -0.391673326456690007
64 43 -0.100153722106685134
64 62 -0.565275531951177967
64 64 1.77823813909582329
64 65 -0.148856569465160016
64 71 0.518490740581726728
64 72 -0.819765632602561745
64 84 -0.184304756871707803
64 88 -0.0866993402235676225
65 43 -0.0628080763486244531
65 62 0.186946041812139196
65 63 -0.148856569465159905
65 64 -0.148856569465160016
65 65 0.224972676990612797
65 84 -0.0513975035238076611
66 40 -0.0132018738043623192
66 41 -0.0603121668379079864
66 44 -0.0677758158301434849
66 45 -0.179868540999470972
66 62 -0.789268553918220372
66 63 0.51849074058172695
66 66 1.68173196564925487
66 67 -0.248929772016248968
66 68 -0.789268553918220372
66 74 -0.0132018738043623018
66 85 -0.24892977201624894
66 86 0.518490740581726728
66 89 -0.179868540999470916
66 90 -0.0603121668379080489
66 91 -0.067775815830143582
67 41 0.000826994085503143794
67 45 -0.758417902187899506
67 63 -0.819765632602561967
67 66 -0.248929772016248968
67 67 2.90747971228495272
67 68 -0.0109317328257701324
67 69 -0.685556486167276158
67 85 -0.298005840347131734
67 86 -0.0866993402235675115
68 45 -0.260646286442343278
68 46 -0.78926855391822015
68 47 -0.010931732825770174
68 66 -0.789268553918220372
68 67 -0.0109317328257701324
68 68 3.34141454695252804
68 69 0.171759742891513245
68 70 -0.565275531951177745
68 73 -0.162568866853190663
68 74 -0.455323564116158042
68 86 -0.565275531951177856
68 87 0.186946041812139196
68 90 -0.162568866853190719
68 92 0.071938889999038344
69 45 0.333333333038357715
69 47 -0.685556486167276047
69 67 -0.685556486167276158
69 68 0.171759742891513245
69 69 1.28602691367190491
69 70 -0.184304756871707942
69 86 -0.184304756871707887
69 87 -0.0513975035238076541
70 46 0.518490740581726728
70 47 -0.0866993402235675392
70 48 -0.819765632602561967
70 68 -0.565275531951177745
70 69 -0.184304756871707942
70 70 1.77823813909582329
70 73 -0.391673326456689896
70 87 -0.148856569465159905
70 92 -0.100153722106685078
71 40 -0.0132018738043623192
71 42 -0.0603121668379080489
71 49 -0.067775815830143471
71 50 -0.179868540999470972
71 62 -0.789268553918220483
71 64 0.518490740581726728
71 71 1.68173196564925487
71 72 -0.248929772016248968
71 75 -0.789268553918220483
71 81 -0.0132018738043622932
71 88 -0.24892977201624894
71 89 -0.179868540999471027
71 91 -0.0677758158301435959
71 93 0.518490740581726728
71 94 -0.0603121668379079587
72 42 0.00082699408550317155
72 50 -0.758417902187899506
72 64 -0.819765632602561745
72 71 -0.248929772016248968
72 72 2.90747971228495183
72 75 -0.0109317328257701185
72 76 -0.685556486167276047
72 88 -0.298005840347131623
72 93 -0.0866993402235675809
73 46 -0.0603121668379079656
73 48 0.000826994085503116039
73 51 -0.846962971757466709
73 56 0.115382497938836398
73 68 -0.162568866853190663
73 70 -0.391673326456689896
73 73 2.99508747936409669
73 74 -0.50749882197006535
73 77 -0.623885236686118838
73 92 -0.462817722027042078
73 96 -0.0555778587999546173
74 46 -0.0132018738043623209
74 56 -0.274481785926834976
74 66 -0.0132018738043623018
74 68 -0.455323564116158042
74 73 -0.50749882197006535
74 74 2.09927006020792017
74 77 -0.0304180148887440611
74 78 -0.589611928602485569
74 90 -0.50749882197006535
74 91 -0.27448178592683492
74 92 0.357342153876576751
74 95 -0.030418014888744075
74 96 0.239524271814160195
75 50 -0.260646286442343222
75 52 -0.789268553918220372
75 53 -0.0109317328257701463
75 71 -0.789268553918220483
75 72 -0.0109317328257701185
75 75 3.34141454695252715
75 76 0.17175974289151319
75 79 -0.565275531951177967
75 80 -0.162568866853190691
75 81 -0.455323564116158042
75 93 -0.565275531951177745
75 94 -0.162568866853190636
75 97 0.186946041812139224
75 98 0.0719388899990383301
76 50 0.33333333303835766
76 53 -0.685556486167276047
76 72 -0.685556486167276047
76 75 0.17175974289151319
76 76 1.28602691367190447
76 79 -0.184304756871707914
76 93 -0.184304756871707831
76 97 -0.0513975035238076541
77 51 -0.0521111628118809123
77 54 -0.623885236686118727
77 55 -0.0304180148887440854
77 56 0.148851636402282717
77 73 -0.623885236686118838
77 74 -0.0304180148887440611
77 77 2.48496044134735117
77 78 -0.534966817524795135
77 83 -0.368055057848127531
77 96 -0.36805505784812742
77 100 -0.00201747856697669092
78 55 -0.589611928602485569
78 56 -0.0240534270319153823
78 60 -0.0240534270319153753
78 74 -0.589611928602485569
78 77 -0.534966817524795135
78 78 3.13534344228317075
78 81 -0.58961192860248568
78 82 -0.534966817524795246
78 83 0.0850402055122186917
78 91 -0.0240534270319153823
78 95 -0.534966817524795246
78 96 0.0850402055122187056
78 99 0.0850402055122187195
78 100 0.0554324606577610568
79 52 0.518490740581726839
79 53 -0.0866993402235675115
79 57 -0.819765632602561967
79 75 -0.565275531951177967
79 76 -0.184304756871707914
79 79 1.77823813909582373
79 80 -0.391673326456690007
79 97 -0.148856569465160071
79 98 -0.100153722106685092
80 52 -0.0603121668379079864
80 57 0.000826994085503129917
80 58 -0.84696297175746682
80 60 0.115382497938836426
80 75 -0.162568866853190691
80 79 -0.391673326456690007
80 80 2.99508747936409625
80 81 -0.50749882197006535
80 82 -0.623885236686118505
80 98 -0.462817722027041967
80 99 -0.0555778587999546173
81 52 -0.0132018738043623261
81 60 -0.27448178592683492
81 71 -0.0132018738043622932
81 75 -0.455323564116158042
81 78 -0.58961192860248568
81 80 -0.50749882197006535
81 81 2.09927006020792017
81 82 -0.0304180148887440646
81 91 -0.27448178592683492
81 94 -0.507498821970065239
81 95 -0.0304180148887440577
81 98 0.357342153876576751
81 99 0.239524271814160278
82 55 -0.0304180148887440507
82 58 -0.0521111628118808984
82 59 -0.623885236686118949
82 60 0.148851636402282689
82 78 -0.534966817524795246
82 80 -0.623885236686118505
82 81 -0.0304180148887440646
82 82 2.48496044134735072
82 83 -0.368055057848127309
82 99 -0.368055057848127476
82 100 -0.00201747856697669092
83 54 -0.0555778587999546311
83 55 0.239524271814160195
83 59 -0.0555778587999546034
83 61 -0.222627553318712645
83 77 -0.368055057848127531
83 78 0.0850402055122186917
83 82 -0.368055057848127309
83 83 0.80179490932191877
83 100 -0.0564660000334209489
84 62 0.171759742891513134
84 63 -0.184304756871707859
84 64 -0.184304756871707803
84 65 -0.0513975035238076611
84 84 1.28602691367190425
84 85 -0.685556486167276047
84 88 -0.685556486167275714
84 89 0.33333333303835766
85 62 -0.0109317328257700977
85 63 -0.0866993402235676225
85 66 -0.24892977201624894
85 67 -0.298005840347131734
85 84 -0.685556486167276047
85 85 2.90747971228495272
85 86 -0.819765632602561967
85 89 -0.758417902187899395
85 90 0.00082699408550317155
86 66 0.518490740581726728
86 67 -0.0866993402235675115
86 68 -0.565275531951177856
86 69 -0.184304756871707887
86 85 -0.819765632602561967
86 86 1.77823813909582351
86 87 -0.14885656946515996
86 90 -0.391673326456690007
86 92 -0.100153722106685147
87 68 0.186946041812139196
87 69 -0.0513975035238076541
87 70 -0.148856569465159905
87 86 -0.14885656946515996
87 87 0.224972676990612797
87 92 -0.0628080763486244531
88 62 -0.0109317328257700769
88 64 -0.0866993402235676225
88 71 -0.24892977201624894
88 72 -0.298005840347131623
88 84 -0.685556486167275714
88 88 2.90747971228495228
88 89 -0.758417902187899395
88 93 -0.819765632602561856
88 94 0.000826994085503074405
89 62 -0.260646286442343111
89 66 -0.179868540999470916
89 71 -0.179868540999471027
89 84 0.33333333303835766
89 85 -0.758417902187899395
89 88 -0.758417902187899395
89 89 3.81842074685616373
89 90 -0.846962971757466709
89 91 -0.268497800750623128
89 94 -0.846962971757466931
89 95 -0.0521111628118808984
90 66 -0.0603121668379080489
90 68 -0.162568866853190719
90 74 -0.50749882197006535
90 85 0.00082699408550317155
90 86 -0.391673326456690007
90 89 -0.846962971757466709
90 90 2.99508747936409669
90 91 0.115382497938836509
90 92 -0.462817722027042133
90 95 -0.623885236686118505
90 96 -0.0555778587999546103
91 66 -0.067775815830143582
91 71 -0.0677758158301435959
91 74 -0.27448178592683492
91 78 -0.0240534270319153823
91 81 -0.27448178592683492
91 89 -0.268497800750623128
91 90 0.115382497938836509
91 91 0.597449799016540051
91 94 0.115382497938836426
91 95 0.148851636402282717
92 68 0.071938889999038344
92 70 -0.100153722106685078
92 73 -0.462817722027042078
92 74 0.357342153876576751
92 86 -0.100153722106685147
92 87 -0.0628080763486244531
92 90 -0.462817722027042133
92 92 0.982097474059176356
92 96 -0.222627553318712645
93 71 0.518490740581726728
93 72 -0.0866993402235675809
93 75 -0.565275531951177745
93 76 -0.184304756871707831
93 88 -0.819765632602561856
93 93 1.77823813909582307
93 94 -0.391673326456690007
93 97 -0.148856569465159794
93 98 -0.100153722106685092
94 71 -0.0603121668379079587
94 75 -0.162568866853190636
94 81 -0.507498821970065239
94 88 0.000826994085503074405
94 89 -0.846962971757466931
94 91 0.115382497938836426
94 93 -0.391673326456690007
94 94 2.99508747936409669
94 95 -0.623885236686118505
94 98 -0.462817722027042078
94 99 -0.0555778587999546103
95 74 -0.030418014888744075
95 78 -0.534966817524795246
95 81 -0.0304180148887440577
95 89 -0.0521111628118808984
95 90 -0.623885236686118505
95 91 0.148851636402282717
95 94 -0.623885236686118505
95 95 2.48496044134735072
95 96 -0.368055057848127476
95 99 -0.368055057848127476
95 100 -0.00201747856697668962
96 73 -0.0555778587999546173
96 74 0.239524271814160195
96 77 -0.36805505784812742
96 78 0.0850402055122187056
96 90 -0.0555778587999546103
96 92 -0.222627553318712645
96 95 -0.368055057848127476
96 96 0.80179490932191877
96 100 -0.0564660000334209697
97 75 0.186946041812139224
97 76 -0.0513975035238076541
97 79 -0.148856569465160071
97 93 -0.148856569465159794
97 97 0.224972676990612852
97 98 -0.0628080763486244809
98 75 0.0719388899990383301
98 79 -0.100153722106685092
98 80 -0.462817722027041967
98 81 0.357342153876576751
98 93 -0.100153722106685092
98 94 -0.462817722027042078
98 97 -0.0628080763486244809
98 98 0.982097474059176245
98 99 -0.222627553318712645
99 78 0.0850402055122187195
99 80 -0.0555778587999546173
99 81 0.239524271814160278
99 82 -0.368055057848127476
99 94 -0.0555778587999546103
99 95 -0.368055057848127476
99 98 -0.222627553318712645
99 99 0.80179490932191877
99 100 -0.0564660000334210044
100 77 -0.00201747856697669092
100 78 0.0554324606577610568
100 82 -0.00201747856697669092
100 83 -0.0564660000334209489
100 95 -0.00201747856697668962
100 96 -0.0564660000334209697
100 99 -0.0564660000334210044
100 100 0.120017975143431932
