% 100x100 1028 nonzeros
1 1 0.00017300260468910831
1 2 4.16772753669550692e-05
1 3 7.80285964222659915e-05
1 4 0.00166774228290458935
1 5 7.8028596422265883e-05
1 6 4.16772753669551234e-05
1 7 7.80285964222659915e-05
1 8 4.16772753669550895e-05
2 1 4.16772753669550692e-05
2 2 0.00777995413581789984
2 3 0.00244348315966026308
2 4 0.00614622452961264415
2 5 0.00244348315966026351
2 9 0.000761938133910475789
2 10 0.00171529672058479371
2 11 0.0137445164002900043
2 12 0.00171529672058479371
3 1 7.80285964222659915e-05
3 2 0.00244348315966026308
3 3 0.0548053807320522043
3 4 0.0118898558868894676
3 6 0.00244348315966026308
3 10 0.00961042554304070151
3 11 0.00995295195389139103
3 18 0.00961042554304069978
3 19 0.00995295195389139277
3 22 0.0114036588762825263
3 23 0.0108900744346642053
4 1 0.00166774228290458935
4 2 0.00614622452961264415
4 3 0.0118898558868894676
4 4 0.0697024441309438414
4 5 0.0118898558868894659
4 6 0.00614622452961264415
4 7 0.0118898558868894676
4 8 0.00614622452961264328
4 11 0.0061946420659395058
4 19 0.0061946420659395058
4 23 0.000414659387607056642
4 40 0.00619464206593950406
4 44 0.000414659387607056642
4 49 0.000414659387607056642
5 1 7.8028596422265883e-05
5 2 0.00244348315966026351
5 4 0.0118898558868894659
5 5 0.0548053807320522252
5 8 0.00244348315966026308
5 11 0.00995295195389139797
5 12 0.00961042554304070151
5 40 0.0099529519538913945
5 41 0.00961042554304070325
5 44 0.010890074434664207
5 45 0.0114036588762825263
6 1 4.16772753669551234e-05
6 3 0.00244348315966026308
6 4 0.00614622452961264415
6 6 0.00777995413581789984
6 7 0.00244348315966026221
6 18 0.00171529672058479414
6 19 0.0137445164002900043
6 20 0.000761938133910476331
6 21 0.00171529672058479414
7 1 7.80285964222659915e-05
7 4 0.0118898558868894676
7 6 0.00244348315966026221
7 7 0.0548053807320522113
7 8 0.00244348315966026308
7 19 0.00995295195389139103
7 21 0.00961042554304070151
7 40 0.00995295195389139277
7 42 0.00961042554304070151
7 49 0.0108900744346642087
7 50 0.0114036588762825263
8 1 4.16772753669550895e-05
8 4 0.00614622452961264328
8 5 0.00244348315966026308
8 7 0.00244348315966026308
8 8 0.00777995413581790158
8 40 0.0137445164002900043
8 41 0.00171529672058479479
8 42 0.00171529672058479414
8 43 0.000761938133910475897
9 2 0.000761938133910475789
9 9 0.0117447090686826384
9 10 0.0046498358228772756
9 11 0.0104134854335506295
9 12 0.00464983582287727473
9 13 0.000194626931996912903
9 14 0.000786886353513540585
9 15 0.0147189998737598561
9 16 0.000786886353513541344
10 2 0.00171529672058479371
10 3 0.00961042554304070151
10 9 0.0046498358228772756
10 10 0.0796390446986436629
10 11 0.0127684290066888192
10 14 0.00940976942391016577
10 15 0.0121770991196159285
10 22 0.0164291285761553642
10 23 0.00487842840297191428
10 24 0.0121610023441683195
10 25 0.0104457160982956727
11 2 0.0137445164002900043
11 3 0.00995295195389139103
11 4 0.0061946420659395058
11 5 0.00995295195389139797
11 9 0.0104134854335506295
11 10 0.0127684290066888192
11 11 0.0456495077043702555
11 12 0.0127684290066888192
11 15 0.0043501860007329439
11 23 0.000595610064249639786
11 25 4.653189677367388e-05
11 44 0.000595610064249639786
11 46 4.65318967736738122e-05
12 2 0.00171529672058479371
12 5 0.00961042554304070151
12 9 0.00464983582287727473
12 11 0.0127684290066888192
12 12 0.079639044698643649
12 15 0.0121770991196159285
12 16 0.0094097694239101675
12 44 0.00487842840297191428
12 45 0.0164291285761553676
12 46 0.0104457160982956657
12 47 0.0121610023441683091
13 9 0.000194626931996912903
13 13 0.000637295024586340521
13 14 0.000298243314637859505
13 15 0.00371937870412187297
13 16 0.000298243314637859777
13 17 0.000376063027212227095
14 9 0.000786886353513540585
14 10 0.00940976942391016577
14 13 0.000298243314637859505
14 14 0.0354819232215737509
14 15 0.0205807864412795513
14 17 0.00183923191178844963
14 24 0.0075733516039327058
14 25 0.0159494487789501697
14 26 0.0134246292769335078
15 9 0.0147189998737598561
15 10 0.0121770991196159285
15 11 0.0043501860007329439
15 12 0.0121770991196159285
15 13 0.00371937870412187297
15 14 0.0205807864412795513
15 15 0.111594984736825678
15 16 0.0205807864412795583
15 17 0.0249851281063452127
15 25 0.00250218973575319159
15 26 0.0173606513288533451
15 46 0.00250218973575319159
15 48 0.0173606513288533486
15 51 0.00899651095307981048
16 9 0.000786886353513541344
16 12 0.0094097694239101675
16 13 0.000298243314637859777
16 15 0.0205807864412795583
16 16 0.0354819232215737579
16 17 0.00183923191178844898
16 46 0.0159494487789501732
16 47 0.00757335160393270753
16 48 0.0134246292769335078
17 13 0.000376063027212227095
17 14 0.00183923191178844963
17 15 0.0249851281063452127
17 16 0.00183923191178844898
17 17 0.0201808831831100516
17 26 0.00682461311456480837
17 48 0.00682461311456480577
17 51 0.0137118816447606897
18 3 0.00961042554304069978
18 6 0.00171529672058479414
18 18 0.079639044698643538
18 19 0.0127684290066888209
18 20 0.0046498358228772756
18 22 0.0164291285761554579
18 23 0.00487842840297191861
18 27 0.00940976942391019353
18 28 0.0121770991196159164
18 31 0.0121610023441683091
18 32 0.0104457160982956744
19 3 0.00995295195389139277
19 4 0.0061946420659395058
19 6 0.0137445164002900043
19 7 0.00995295195389139103
19 18 0.0127684290066888209
19 19 0.0456495077043702485
19 20 0.0104134854335506278
19 21 0.0127684290066888209
19 23 0.000595610064249639895
19 28 0.0043501860007329413
19 32 4.65318967736738935e-05
19 49 0.000595610064249639895
19 52 4.65318967736738257e-05
20 6 0.000761938133910476331
20 18 0.0046498358228772756
20 19 0.0104134854335506278
20 20 0.0117447090686826315
20 21 0.00464983582287727733
20 27 0.000786886353513541236
20 28 0.0147189998737598613
20 29 0.000194626931996913174
20 30 0.000786886353513541669
21 6 0.00171529672058479414
21 7 0.00961042554304070151
21 19 0.0127684290066888209
21 20 0.00464983582287727733
21 21 0.079639044698643649
21 28 0.0121770991196159337
21 30 0.0094097694239101675
21 49 0.00487842840297191341
21 50 0.0164291285761553676
21 52 0.0104457160982956657
21 53 0.012161002344168316
22 3 0.0114036588762825263
22 10 0.0164291285761553642
22 18 0.0164291285761554579
22 22 0.116236903174599934
22 23 0.00412195067800386668
22 24 0.0195885959341878108
22 25 0.00227316781693853547
22 31 0.0195885959341878038
22 32 0.00227316781693851205
22 33 0.0137118816447606966
22 34 0.00899651095307981222
23 3 0.0108900744346642053
23 4 0.000414659387607056642
23 10 0.00487842840297191428
23 11 0.000595610064249639786
23 18 0.00487842840297191861
23 19 0.000595610064249639895
23 22 0.00412195067800386668
23 23 0.00433296505856332805
23 25 4.14036782341460676e-05
23 32 4.14036782341430657e-05
24 10 0.0121610023441683195
24 14 0.0075733516039327058
24 22 0.0195885959341878108
24 24 0.0824464468290874997
24 25 0.0232315435843670065
24 26 0.0110784995965818971
24 33 0.00682461311456480924
24 34 0.0173606513288533555
24 35 0.0134246292769335113
25 10 0.0104457160982956727
25 11 4.653189677367388e-05
25 14 0.0159494487789501697
25 15 0.00250218973575319159
25 22 0.00227316781693853547
25 23 4.14036782341460676e-05
25 24 0.0232315435843670065
25 25 0.0271962687642202695
25 26 0.0232315435843669996
25 34 0.00250218973575318682
25 35 0.0159494487789501802
25 51 0.00227316781693851205
25 54 0.0104457160982956779
25 55 4.65318967736738122e-05
25 56 4.14036782341430589e-05
26 14 0.0134246292769335078
26 15 0.0173606513288533451
26 17 0.00682461311456480837
26 24 0.0110784995965818971
26 25 0.0232315435843669996
26 26 0.0824464468290874997
26 35 0.00757335160393270406
26 51 0.0195885959341878038
26 54 0.0121610023441683125
27 18 0.00940976942391019353
27 20 0.000786886353513541236
27 27 0.0354819232215737163
27 28 0.0205807864412795583
27 29 0.000298243314637859289
27 31 0.0075733516039327058
27 32 0.0159494487789501767
27 36 0.0018392319117884492
27 37 0.0134246292769335061
28 18 0.0121770991196159164
28 19 0.0043501860007329413
28 20 0.0147189998737598613
28 21 0.0121770991196159337
28 27 0.0205807864412795583
28 28 0.111594984736825678
28 29 0.00371937870412187167
28 30 0.0205807864412795548
28 32 0.00250218973575318552
28 36 0.0249851281063452127
28 37 0.017360651328853352
28 52 0.00250218973575319246
28 57 0.017360651328853352
28 58 0.00899651095307980875
29 20 0.000194626931996913174
29 27 0.000298243314637859289
29 28 0.00371937870412187167
29 29 0.000637295024586340304
29 30 0.000298243314637859668
29 36 0.000376063027212226119
30 20 0.000786886353513541669
30 21 0.0094097694239101675
30 28 0.0205807864412795548
30 29 0.000298243314637859668
30 30 0.0354819232215737579
30 36 0.0018392319117884505
30 52 0.0159494487789501767
30 53 0.00757335160393270493
30 57 0.0134246292769335078
31 18 0.0121610023441683091
31 22 0.0195885959341878038
31 27 0.0075733516039327058
31 31 0.0824464468290874997
31 32 0.0232315435843669996
31 33 0.00682461311456480837
31 34 0.017360651328853352
31 37 0.0110784995965818971
31 38 0.0134246292769335078
32 18 0.0104457160982956744
32 19 4.65318967736738935e-05
32 22 0.00227316781693851205
32 23 4.14036782341430657e-05
32 27 0.0159494487789501767
32 28 0.00250218973575318552
32 31 0.0232315435843669996
32 32 0.0271962687642202799
32 34 0.00250218973575318596
32 37 0.023231543584367003
32 38 0.0159494487789501767
32 55 4.65318967736738528e-05
32 58 0.00227316781693851205
32 59 0.0104457160982956761
32 60 4.14036782341430521e-05
33 22 0.0137118816447606966
33 24 0.00682461311456480924
33 31 0.00682461311456480837
33 33 0.020180883183110062
33 34 0.0249851281063452231
33 35 0.0018392319117884505
33 38 0.00183923191178844985
33 39 0.000376063027212226661
34 22 0.00899651095307981222
34 24 0.0173606513288533555
34 25 0.00250218973575318682
34 31 0.017360651328853352
34 32 0.00250218973575318596
34 33 0.0249851281063452231
34 34 0.111594984736825692
34 35 0.0205807864412795652
34 38 0.0205807864412795652
34 39 0.00371937870412187253
34 54 0.0121770991196159199
34 55 0.00435018600073294216
34 59 0.0121770991196159233
34 61 0.0147189998737598561
35 24 0.0134246292769335113
35 25 0.0159494487789501802
35 26 0.00757335160393270406
35 33 0.0018392319117884505
35 34 0.0205807864412795652
35 35 0.0354819232215737301
35 39 0.000298243314637859397
35 54 0.00940976942391019179
35 61 0.000786886353513541127
36 27 0.0018392319117884492
36 28 0.0249851281063452127
36 29 0.000376063027212226119
36 30 0.0018392319117884505
36 36 0.020180883183110062
36 37 0.00682461311456480837
36 57 0.0068246131145648075
36 58 0.0137118816447606932
37 27 0.0134246292769335061
37 28 0.017360651328853352
37 31 0.0110784995965818971
37 32 0.023231543584367003
37 36 0.00682461311456480837
37 37 0.0824464468290874997
37 38 0.0075733516039327058
37 58 0.0195885959341878073
37 59 0.0121610023441683125
38 31 0.0134246292769335078
38 32 0.0159494487789501767
38 33 0.00183923191178844985
38 34 0.0205807864412795652
38 37 0.0075733516039327058
38 38 0.0354819232215737232
38 39 0.000298243314637859397
38 59 0.00940976942391019006
38 61 0.000786886353513541019
39 33 0.000376063027212226661
39 34 0.00371937870412187253
39 35 0.000298243314637859397
39 38 0.000298243314637859397
39 39 0.00063729502458634063
39 61 0.000194626931996913228
40 4 0.00619464206593950406
40 5 0.0099529519538913945
40 7 0.00995295195389139277
40 8 0.0137445164002900043
40 40 0.0456495077043702555
40 41 0.0127684290066888226
40 42 0.0127684290066888192
40 43 0.010413485433550633
40 44 0.000595610064249640003
40 49 0.000595610064249639786
40 62 0.00435018600073294476
40 66 4.65318967736738393e-05
40 71 4.65318967736738122e-05
41 5 0.00961042554304070325
41 8 0.00171529672058479479
41 40 0.0127684290066888226
41 41 0.0796390446986435241
41 43 0.0046498358228772756
41 44 0.00487842840297191688
41 45 0.0164291285761554579
41 62 0.0121770991196159216
41 63 0.00940976942391019006
41 66 0.0104457160982956727
41 67 0.0121610023441683091
42 7 0.00961042554304070151
42 8 0.00171529672058479414
42 40 0.0127684290066888192
42 42 0.079639044698643538
42 43 0.0046498358228772756
42 49 0.00487842840297192035
42 50 0.0164291285761554509
42 62 0.0121770991196159216
42 64 0.00940976942391019179
42 71 0.0104457160982956692
42 72 0.0121610023441683108
43 8 0.000761938133910475897
43 40 0.010413485433550633
43 41 0.0046498358228772756
43 42 0.0046498358228772756
43 43 0.0117447090686826367
43 62 0.0147189998737598596
43 63 0.000786886353513541236
43 64 0.000786886353513541669
43 65 0.000194626931996912849
44 4 0.000414659387607056642
44 5 0.010890074434664207
44 11 0.000595610064249639786
44 12 0.00487842840297191428
44 40 0.000595610064249640003
44 41 0.00487842840297191688
44 44 0.00433296505856332892
44 45 0.00412195067800386582
44 46 4.14036782341460879e-05
44 66 4.14036782341430386e-05
45 5 0.0114036588762825263
45 12 0.0164291285761553676
45 41 0.0164291285761554579
45 44 0.00412195067800386582
45 45 0.116236903174599893
45 46 0.00227316781693853633
45 47 0.0195885959341878038
45 66 0.00227316781693851031
45 67 0.0195885959341878003
45 68 0.00899651095307981395
45 69 0.0137118816447606984
46 11 4.65318967736738122e-05
46 12 0.0104457160982956657
46 15 0.00250218973575319159
46 16 0.0159494487789501732
46 44 4.14036782341460879e-05
46 45 0.00227316781693853633
46 46 0.0271962687642202557
46 47 0.0232315435843669996
46 48 0.0232315435843669996
46 51 0.00227316781693853633
46 56 4.14036782341460811e-05
46 68 0.00250218973575319116
46 70 0.0159494487789501732
46 73 0.010445716098295664
46 74 4.65318967736738393e-05
47 12 0.0121610023441683091
47 16 0.00757335160393270753
47 45 0.0195885959341878038
47 46 0.0232315435843669996
47 47 0.0824464468290874858
47 48 0.0110784995965818971
47 68 0.017360651328853352
47 69 0.00682461311456480924
47 70 0.0134246292769335078
48 15 0.0173606513288533486
48 16 0.0134246292769335078
48 17 0.00682461311456480577
48 46 0.0232315435843669996
48 47 0.0110784995965818971
48 48 0.0824464468290874858
48 51 0.0195885959341878038
48 70 0.00757335160393270406
48 73 0.0121610023441683125
49 4 0.000414659387607056642
49 7 0.0108900744346642087
49 19 0.000595610064249639895
49 21 0.00487842840297191341
49 40 0.000595610064249639786
49 42 0.00487842840297192035
49 49 0.00433296505856332979
49 50 0.00412195067800386668
49 52 4.14036782341460608e-05
49 71 4.14036782341430792e-05
50 7 0.0114036588762825263
50 21 0.0164291285761553676
50 42 0.0164291285761554509
50 49 0.00412195067800386668
50 50 0.116236903174599879
50 52 0.00227316781693853503
50 53 0.0195885959341878003
50 71 0.00227316781693850988
50 72 0.0195885959341878038
50 75 0.00899651095307981395
50 76 0.013711881644760688
51 15 0.00899651095307981048
51 17 0.0137118816447606897
51 25 0.00227316781693851205
51 26 0.0195885959341878038
51 46 0.00227316781693853633
51 48 0.0195885959341878038
51 51 0.116236903174599893
51 54 0.0164291285761554509
51 56 0.00412195067800386668
51 73 0.0164291285761553607
51 77 0.0114036588762825297
52 19 4.65318967736738257e-05
52 21 0.0104457160982956657
52 28 0.00250218973575319246
52 30 0.0159494487789501767
52 49 4.14036782341460608e-05
52 50 0.00227316781693853503
52 52 0.0271962687642202591
52 53 0.0232315435843669996
52 57 0.0232315435843670065
52 58 0.0022731678169385359
52 60 4.1403678234146115e-05
52 75 0.00250218973575319116
52 79 0.0159494487789501732
52 80 0.0104457160982956657
52 81 4.65318967736738393e-05
53 21 0.012161002344168316
53 30 0.00757335160393270493
53 50 0.0195885959341878003
53 52 0.0232315435843669996
53 53 0.0824464468290874997
53 57 0.0110784995965818971
53 75 0.017360651328853352
53 76 0.00682461311456480924
53 79 0.0134246292769335078
54 25 0.0104457160982956779
54 26 0.0121610023441683125
54 34 0.0121770991196159199
54 35 0.00940976942391019179
54 51 0.0164291285761554509
54 54 0.0796390446986435518
54 55 0.0127684290066888209
54 56 0.00487842840297192121
54 61 0.0046498358228772756
54 77 0.00961042554304070498
54 83 0.00171529672058479371
55 25 4.65318967736738122e-05
55 32 4.65318967736738528e-05
55 34 0.00435018600073294216
55 54 0.0127684290066888209
55 55 0.0456495077043702485
55 56 0.000595610064249639895
55 59 0.0127684290066888174
55 60 0.000595610064249640003
55 61 0.0104134854335506278
55 77 0.0099529519538913945
55 78 0.00619464206593950406
55 82 0.00995295195389139277
55 83 0.0137445164002900008
56 25 4.14036782341430589e-05
56 46 4.14036782341460811e-05
56 51 0.00412195067800386668
56 54 0.00487842840297192121
56 55 0.000595610064249639895
56 56 0.00433296505856332979
56 73 0.00487842840297191514
56 74 0.000595610064249640111
56 77 0.0108900744346642087
56 78 0.000414659387607056533
57 28 0.017360651328853352
57 30 0.0134246292769335078
57 36 0.0068246131145648075
57 52 0.0232315435843670065
57 53 0.0110784995965818971
57 57 0.0824464468290874997
57 58 0.0195885959341878003
57 79 0.0075733516039327058
57 80 0.0121610023441683125
58 28 0.00899651095307980875
58 32 0.00227316781693851205
58 36 0.0137118816447606932
58 37 0.0195885959341878073
58 52 0.0022731678169385359
58 57 0.0195885959341878003
58 58 0.11623690317459992
58 59 0.0164291285761554509
58 60 0.00412195067800386668
58 80 0.0164291285761553642
58 82 0.0114036588762825297
59 32 0.0104457160982956761
59 34 0.0121770991196159233
59 37 0.0121610023441683125
59 38 0.00940976942391019006
59 55 0.0127684290066888174
59 58 0.0164291285761554509
59 59 0.0796390446986435657
59 60 0.00487842840297192208
59 61 0.00464983582287727647
59 82 0.00961042554304070498
59 83 0.00171529672058479371
60 32 4.14036782341430521e-05
60 52 4.1403678234146115e-05
60 55 0.000595610064249640003
60 58 0.00412195067800386668
60 59 0.00487842840297192208
60 60 0.00433296505856332892
60 78 0.000414659387607056642
60 80 0.00487842840297191514
60 81 0.000595610064249639678
60 82 0.0108900744346642087
61 34 0.0147189998737598561
61 35 0.000786886353513541127
61 38 0.000786886353513541019
61 39 0.000194626931996913228
61 54 0.0046498358228772756
61 55 0.0104134854335506278
61 59 0.00464983582287727647
61 61 0.011744709068682635
61 83 0.000761938133910476005
62 40 0.00435018600073294476
62 41 0.0121770991196159216
62 42 0.0121770991196159216
62 43 0.0147189998737598596
62 62 0.111594984736825664
62 63 0.0205807864412795652
62 64 0.0205807864412795652
62 65 0.00371937870412187253
62 66 0.00250218973575318596
62 71 0.00250218973575318682
62 84 0.0249851281063452127
62 85 0.017360651328853352
62 88 0.017360651328853352
62 89 0.00899651095307981048
63 41 0.00940976942391019006
63 43 0.000786886353513541236
63 62 0.0205807864412795652
63 63 0.0354819232215737232
63 65 0.000298243314637859614
63 66 0.0159494487789501802
63 67 0.0075733516039327058
63 84 0.00183923191178844963
63 85 0.0134246292769335113
64 42 0.00940976942391019179
64 43 0.000786886353513541669
64 62 0.0205807864412795652
64 64 0.0354819232215737232
64 65 0.000298243314637859885
64 71 0.0159494487789501802
64 72 0.00757335160393270493
64 84 0.00183923191178844963
64 88 0.0134246292769335078
65 43 0.000194626931996912849
65 62 0.00371937870412187253
65 63 0.000298243314637859614
65 64 0.000298243314637859885
65 65 0.000637295024586340955
65 84 0.000376063027212226065
66 40 4.65318967736738393e-05
66 41 0.0104457160982956727
66 44 4.14036782341430386e-05
66 45 0.00227316781693851031
66 62 0.00250218973575318596
66 63 0.0159494487789501802
66 66 0.027196268764220273
66 67 0.0232315435843669996
66 68 0.00250218973575318509
66 74 4.65318967736738528e-05
66 85 0.023231543584367003
66 86 0.0159494487789501802
66 89 0.00227316781693851031
66 90 0.0104457160982956727
66 91 4.14036782341431063e-05
67 41 0.0121610023441683091
67 45 0.0195885959341878003
67 63 0.0075733516039327058
67 66 0.0232315435843669996
67 67 0.0824464468290874858
67 68 0.017360651328853359
67 69 0.00682461311456480837
67 85 0.0110784995965818971
67 86 0.0134246292769335061
68 45 0.00899651095307981395
68 46 0.00250218973575319116
68 47 0.017360651328853352
68 66 0.00250218973575318509
68 67 0.017360651328853359
68 68 0.111594984736825678
68 69 0.0249851281063452162
68 70 0.0205807864412795548
68 73 0.0121770991196159285
68 74 0.0043501860007329465
68 86 0.0205807864412795652
68 87 0.00371937870412187123
68 90 0.0121770991196159199
68 92 0.0147189998737598665
69 45 0.0137118816447606984
69 47 0.00682461311456480924
69 67 0.00682461311456480837
69 68 0.0249851281063452162
69 69 0.0201808831831100585
69 70 0.00183923191178844963
69 86 0.00183923191178844963
69 87 0.000376063027212226119
70 46 0.0159494487789501732
70 47 0.0134246292769335078
70 48 0.00757335160393270406
70 68 0.0205807864412795548
70 69 0.00183923191178844963
70 70 0.0354819232215737509
70 73 0.00940976942391016404
70 87 0.000298243314637859722
70 92 0.000786886353513541778
71 40 4.65318967736738122e-05
71 42 0.0104457160982956692
71 49 4.14036782341430792e-05
71 50 0.00227316781693850988
71 62 0.00250218973575318682
71 64 0.0159494487789501802
71 71 0.0271962687642202626
71 72 0.0232315435843669996
71 75 0.00250218973575319116
71 81 4.65318967736738528e-05
71 88 0.0232315435843670065
71 89 0.00227316781693853503
71 91 4.14036782341460879e-05
71 93 0.0159494487789501697
71 94 0.0104457160982956675
72 42 0.0121610023441683108
72 50 0.0195885959341878038
72 64 0.00757335160393270493
72 71 0.0232315435843669996
72 72 0.0824464468290874858
72 75 0.017360651328853352
72 76 0.00682461311456480663
72 88 0.0110784995965818936
72 93 0.0134246292769335061
73 46 0.010445716098295664
73 48 0.0121610023441683125
73 51 0.0164291285761553607
73 56 0.00487842840297191514
73 68 0.0121770991196159285
73 70 0.00940976942391016404
73 73 0.0796390446986436351
73 74 0.0127684290066888209
73 77 0.00961042554304070498
73 92 0.00464983582287727647
73 96 0.00171529672058479371
74 46 4.65318967736738393e-05
74 56 0.000595610064249640111
74 66 4.65318967736738528e-05
74 68 0.0043501860007329465
74 73 0.0127684290066888209
74 74 0.0456495077043702485
74 77 0.0099529519538913945
74 78 0.0061946420659395058
74 90 0.0127684290066888209
74 91 0.000595610064249639786
74 92 0.010413485433550633
74 95 0.0099529519538913893
74 96 0.0137445164002900043
75 50 0.00899651095307981395
75 52 0.00250218973575319116
75 53 0.017360651328853352
75 71 0.00250218973575319116
75 72 0.017360651328853352
75 75 0.111594984736825664
75 76 0.0249851281063452127
75 79 0.0205807864412795548
75 80 0.0121770991196159303
75 81 0.00435018600073294737
75 93 0.0205807864412795513
75 94 0.0121770991196159285
75 97 0.00371937870412187253
75 98 0.0147189998737598648
76 50 0.013711881644760688
76 53 0.00682461311456480924
76 72 0.00682461311456480663
76 75 0.0249851281063452127
76 76 0.0201808831831100516
76 79 0.00183923191178844985
76 93 0.0018392319117884492
76 97 0.000376063027212226878
77 51 0.0114036588762825297
77 54 0.00961042554304070498
77 55 0.0099529519538913945
77 56 0.0108900744346642087
77 73 0.00961042554304070498
77 74 0.0099529519538913945
77 77 0.0548053807320522321
77 78 0.0118898558868894676
77 83 0.00244348315966026351
77 96 0.00244348315966026221
77 100 7.80285964222661812e-05
78 55 0.00619464206593950406
78 56 0.000414659387607056533
78 60 0.000414659387607056642
78 74 0.0061946420659395058
78 77 0.0118898558868894676
78 78 0.0697024441309438553
78 81 0.00619464206593950493
78 82 0.0118898558868894711
78 83 0.00614622452961264328
78 91 0.000414659387607056533
78 95 0.0118898558868894694
78 96 0.00614622452961264328
78 99 0.00614622452961264502
78 100 0.00166774228290459152
79 52 0.0159494487789501732
79 53 0.0134246292769335078
79 57 0.0075733516039327058
79 75 0.0205807864412795548
79 76 0.00183923191178844985
79 79 0.0354819232215737509
79 80 0.00940976942391016577
79 97 0.000298243314637859505
79 98 0.000786886353513541344
80 52 0.0104457160982956657
80 57 0.0121610023441683125
80 58 0.0164291285761553642
80 60 0.00487842840297191514
80 75 0.0121770991196159303
80 79 0.00940976942391016577
80 80 0.079639044698643649
80 81 0.0127684290066888209
80 82 0.00961042554304070151
80 98 0.0046498358228772756
80 99 0.00171529672058479371
81 52 4.65318967736738393e-05
81 60 0.000595610064249639678
81 71 4.65318967736738528e-05
81 75 0.00435018600073294737
81 78 0.00619464206593950493
81 80 0.0127684290066888209
81 81 0.0456495077043702555
81 82 0.0099529519538913945
81 91 0.000595610064249640003
81 94 0.0127684290066888209
81 95 0.00995295195389139277
81 98 0.0104134854335506313
81 99 0.0137445164002900026
82 55 0.00995295195389139277
82 58 0.0114036588762825297
82 59 0.00961042554304070498
82 60 0.0108900744346642087
82 78 0.0118898558868894711
82 80 0.00961042554304070151
82 81 0.0099529519538913945
82 82 0.0548053807320522252
82 83 0.00244348315966026264
82 99 0.00244348315966026308
82 100 7.80285964222660999e-05
83 54 0.00171529672058479371
83 55 0.0137445164002900008
83 59 0.00171529672058479371
83 61 0.000761938133910476005
83 77 0.00244348315966026351
83 78 0.00614622452961264328
83 82 0.00244348315966026264
83 83 0.00777995413581789638
83 100 4.16772753669550285e-05
84 62 0.0249851281063452127
84 63 0.00183923191178844963
84 64 0.00183923191178844963
84 65 0.000376063027212226065
84 84 0.0201808831831100585
84 85 0.00682461311456480837
84 88 0.00682461311456480924
84 89 0.0137118816447606897
85 62 0.017360651328853352
85 63 0.0134246292769335113
85 66 0.023231543584367003
85 67 0.0110784995965818971
85 84 0.00682461311456480837
85 85 0.0824464468290874858
85 86 0.0075733516039327084
85 89 0.0195885959341877969
85 90 0.0121610023441683091
86 66 0.0159494487789501802
86 67 0.0134246292769335061
86 68 0.0205807864412795652
86 69 0.00183923191178844963
86 85 0.0075733516039327084
86 86 0.0354819232215737301
86 87 0.000298243314637859397
86 90 0.00940976942391019179
86 92 0.000786886353513541236
87 68 0.00371937870412187123
87 69 0.000376063027212226119
87 70 0.000298243314637859722
87 86 0.000298243314637859397
87 87 0.000637295024586340521
87 92 0.000194626931996912957
88 62 0.017360651328853352
88 64 0.0134246292769335078
88 71 0.0232315435843670065
88 72 0.0110784995965818936
88 84 0.00682461311456480924
88 88 0.0824464468290874858
88 89 0.0195885959341877969
88 93 0.00757335160393270666
88 94 0.0121610023441683143
89 62 0.00899651095307981048
89 66 0.00227316781693851031
89 71 0.00227316781693853503
89 84 0.0137118816447606897
89 85 0.0195885959341877969
89 88 0.0195885959341877969
89 89 0.11623690317459992
89 90 0.0164291285761554544
89 91 0.00412195067800386582
89 94 0.0164291285761553642
89 95 0.011403658876282528
90 66 0.0104457160982956727
90 68 0.0121770991196159199
90 74 0.0127684290066888209
90 85 0.0121610023441683091
90 86 0.00940976942391019179
90 89 0.0164291285761554544
90 90 0.0796390446986435518
90 91 0.00487842840297192121
90 92 0.0046498358228772782
90 95 0.00961042554304070325
90 96 0.00171529672058479414
91 66 4.14036782341431063e-05
91 71 4.14036782341460879e-05
91 74 0.000595610064249639786
91 78 0.000414659387607056533
91 81 0.000595610064249640003
91 89 0.00412195067800386582
91 90 0.00487842840297192121
91 91 0.00433296505856332892
91 94 0.00487842840297191514
91 95 0.010890074434664207
92 68 0.0147189998737598665
92 70 0.000786886353513541778
92 73 0.00464983582287727647
92 74 0.010413485433550633
92 86 0.000786886353513541236
92 87 0.000194626931996912957
92 90 0.0046498358228772782
92 92 0.0117447090686826419
92 96 0.000761938133910476222
93 71 0.0159494487789501697
93 72 0.0134246292769335061
93 75 0.0205807864412795513
93 76 0.0018392319117884492
93 88 0.00757335160393270666
93 93 0.035481923221573744
93 94 0.0094097694239101675
93 97 0.000298243314637859505
93 98 0.000786886353513541344
94 71 0.0104457160982956675
94 75 0.0121770991196159285
94 81 0.0127684290066888209
94 88 0.0121610023441683143
94 89 0.0164291285761553642
94 91 0.00487842840297191514
94 93 0.0094097694239101675
94 94 0.0796390446986436351
94 95 0.00961042554304070498
94 98 0.00464983582287727647
94 99 0.00171529672058479414
95 74 0.0099529519538913893
95 78 0.0118898558868894694
95 81 0.00995295195389139277
95 89 0.011403658876282528
95 90 0.00961042554304070325
95 91 0.010890074434664207
95 94 0.00961042554304070498
95 95 0.0548053807320522182
95 96 0.00244348315966026308
95 99 0.00244348315966026308
95 100 7.80285964222659915e-05
96 73 0.00171529672058479371
96 74 0.0137445164002900043
96 77 0.00244348315966026221
96 78 0.00614622452961264328
96 90 0.00171529672058479414
96 92 0.000761938133910476222
96 95 0.00244348315966026308
96 96 0.00777995413581789898
96 100 4.16772753669550759e-05
97 75 0.00371937870412187253
97 76 0.000376063027212226878
97 79 0.000298243314637859505
97 93 0.000298243314637859505
97 97 0.000637295024586340304
97 98 0.000194626931996913066
98 75 0.0147189998737598648
98 79 0.000786886353513541344
98 80 0.0046498358228772756
98 81 0.0104134854335506313
98 93 0.000786886353513541344
98 94 0.00464983582287727647
98 97 0.000194626931996913066
98 98 0.0117447090686826367
98 99 0.000761938133910475897
99 78 0.00614622452961264502
99 80 0.00171529672058479371
99 81 0.0137445164002900026
99 82 0.00244348315966026308
99 94 0.00171529672058479414
99 95 0.00244348315966026308
99 98 0.000761938133910475897
99 99 0.00777995413581789811
99 100 4.16772753669550963e-05
100 77 7.80285964222661812e-05
100 78 0.00166774228290459152
100 82 7.80285964222660999e-05
100 83 4.16772753669550285e-05
100 95 7.80285964222659915e-05
100 96 4.16772753669550759e-05
100 99 4.16772753669550963e-05
100 100 0.000173002604689108662
