% 2604x2604 58740 nonzeros
1 1 0.0723447423076039736
1 2 -0.0243775391733841787
1 3 -0.00261184118667098352
1 4 -0.0722483017259893112
1 5 -0.000925132358149038047
1 6 -0.00756891424093071672
1 7 0.00532538330059985267
1 8 -0.251465402538518512
1 9 0.0975867374986353342
1 10 0.0102253762325745772
1 11 -0.00130578297537929655
1 12 -0.013627005399151312
1 13 0.0104465355134395685
1 14 0.0010502780735235015
1 15 -0.0358100169074681007
1 16 -0.00144322433468956242
1 17 0.00599387706641931178
1 18 0.134021910120643489
1 19 0.000985891735553382116
1 20 -0.0401407331394523018
1 21 0.0326862654977942493
1 22 -0.0544780614005781066
1 23 -0.0331392943155358333
1 24 -0.00147255842790989578
1 25 0.0107606935936371741
1 26 0.129275796307755181
1 27 0.0299103208756275329
2 1 -0.0243775391733841787
2 2 0.195670051406777568
2 3 -0.0419540421606929143
2 4 -0.0488918413594347442
2 5 -0.00386284671334319188
2 6 0.00715269336434956517
2 7 -0.0307163034284461435
2 8 0.0926702813526713576
2 9 -0.343316803510630653
2 10 0.174411230833615871
2 11 -0.00853328439856448212
2 12 0.0130222459990746008
2 13 -0.0359060677956428431
2 14 0.130457669539368437
2 28 -0.0399573629913677897
2 29 -0.00571448392096774588
2 30 -0.0763495523415053945
2 31 -0.00657696493399685667
2 32 -0.0274397947620739664
2 33 0.0168026485903759112
2 34 -0.429398666066479251
2 35 0.163758323058057098
2 36 0.0282058924363723512
2 37 -0.00267867611114879075
2 38 -0.0457490498440654633
2 39 0.0329493664919955492
2 40 0.0223897129955441324
2 41 0.0254387272548066874
2 42 0.209447338144075124
2 43 -0.136467048057993701
2 44 0.0460729377203137405
2 45 0.149441208382340013
3 1 -0.00261184118667098352
3 2 -0.0419540421606929143
3 3 0.596198268215405558
3 4 0.112498555782318127
3 5 0.00208907707667886243
3 6 -0.00670000346481831443
3 7 -0.0770259313910409416
3 8 0.013607558436699892
3 9 0.178182688922168209
3 10 -0.556797834033989969
3 15 0.000509445741685835007
3 16 0.00279447088125276983
3 17 -0.168212810171354449
3 18 0.162777250173927746
3 29 0.0862979361922364407
3 30 0.0194594273396109345
3 32 0.0209112887567848467
3 34 0.152468904365340413
3 36 0.0774335287244645037
3 41 -0.242885455058714728
3 42 -0.337750470916110712
3 43 0.0310674349537958042
3 93 0.161009915257547598
3 94 -0.00518788146033519974
3 95 0.0818620683157006007
3 96 -0.383335531520986428
3 97 0.105498731928927003
3 98 -0.0892008633582672128
3 99 0.00811616624316736229
3 100 -0.00162727157801682148
3 105 0.0213184431205951999
3 106 -0.00355744548285597071
3 107 -0.196382807360579337
3 108 0.100626367140016423
3 109 0.067700694575155429
3 110 0.0340606452834417012
3 111 -0.0364478090432140064
3 112 0.00892940162281285685
3 113 0.135884063588314868
3 114 -0.0483362558485190483
3 115 0.0370269297554636501
3 116 -0.0203150083573457041
4 1 -0.0722483017259893112
4 2 -0.0488918413594347442
4 3 0.112498555782318127
4 4 2.45028535765314004
4 5 0.00642512291559037968
4 6 -0.000644223818421114707
4 7 -0.0132028710633659181
4 8 0.310222758075803462
4 9 0.360762301317386291
4 10 -0.558991317924432574
4 11 0.170943964226977635
4 12 -0.00249372571888606485
4 13 -0.026390107339743521
4 14 -0.817404029631115137
4 15 -0.00523253160456583783
4 16 0.00758171258052694856
4 17 -0.0247848145816027127
4 18 0.148471892773660213
4 19 0.196405237706640978
4 20 -0.00960868185469185808
4 21 -0.0420440956451066938
4 22 -0.886412463285485064
4 23 0.0152818753670341256
4 24 0.0117623550456528204
4 25 -0.0438754028987508385
4 26 0.00963786349270608252
4 27 -0.0364477223806087061
4 30 0.222519761498813085
4 34 -0.0767268745504465499
4 42 -0.00608795696491302302
4 43 -0.746629194915664707
4 45 0.0250030423212877009
4 94 0.19410851001986118
4 97 -0.0606689530400413707
4 98 0.0234008132207926961
4 100 -0.679029610179994303
4 104 0.095527652876376129
4 106 0.00765401996991411492
4 109 0.0289795637003343147
4 112 0.0327077070347411777
4 115 0.0260774460147601625
4 116 -0.0992371640566631769
4 451 0.116331251455720847
4 452 -0.0212114741059707679
4 453 0.0666883966030867442
4 454 -0.4634870487882497
4 456 0.0882024811801612046
4 459 -0.00197645056304405131
4 460 0.0378640643345343267
4 462 0.0199341306815404365
4 464 -0.0472508070144762732
4 465 0.00847724859950373978
4 522 0.000831473442728881875
4 523 -0.000816060878925655309
4 524 -0.004847896152311096
4 525 0.00133784627164959492
4 526 0.000717215879656756179
5 1 -0.000925132358149038047
5 2 -0.00386284671334319188
5 3 0.00208907707667886243
5 4 0.00642512291559037968
5 5 0.00307530585751953495
5 6 -0.00071478293163421136
5 7 -8.13526964745026125e-05
5 8 0.00037109075189103633
5 9 0.0104505987339082451
5 10 -0.00923171943901463649
5 11 0.00175286414285462681
5 12 -0.000865066100036559278
5 13 0.000107487260509997224
5 14 -0.00859064650030054271
6 1 -0.00756891424093071672
6 2 0.00715269336434956517
6 3 -0.00670000346481831443
6 4 -0.000644223818421114707
6 5 -0.00071478293163421136
6 6 0.00773096565212972112
6 7 -0.00337173248869589636
6 8 0.0260424981012944839
6 9 -0.0273864674769946637
6 10 0.0294761014126380914
6 15 0.00686152426030000196
6 16 -0.00074291966174239144
6 17 -0.00330843302688035076
6 18 -0.0268263056805942181
7 1 0.00532538330059985267
7 2 -0.0307163034284461435
7 3 -0.0770259313910409416
7 4 -0.0132028710633659181
7 5 -8.13526964745026125e-05
7 6 -0.00337173248869589636
7 7 0.093476058906557094
7 8 -0.0194870577105229689
7 9 -0.0110817899017176362
7 10 0.0394953871973317203
7 29 0.0125644892335082716
7 30 0.0138162938568213572
7 32 -0.00516114255688300549
7 34 -0.00152961706164200274
7 36 -0.0558792887919919296
7 41 -0.00809961590530870051
7 42 0.0767396552873855498
7 43 -0.0157805647861142505
8 1 -0.251465402538518512
8 2 0.0926702813526713576
8 3 0.013607558436699892
8 4 0.310222758075803462
8 5 0.00037109075189103633
8 6 0.0260424981012944839
8 7 -0.0194870577105229689
8 8 0.945985899518141937
8 9 -0.370670209531233585
8 10 -0.0539365838122478902
8 11 0.0104340294031141714
8 12 0.0434961405462924305
8 13 -0.035206061499433422
8 14 -0.0310349771363608584
8 15 0.122506137825211886
8 16 2.45840140654044609e-05
8 17 -0.0220615782663623333
8 18 -0.473498916832927996
8 19 -0.00477740597272550797
8 20 0.107613842332858867
8 21 -0.0881020729157640237
8 22 0.131160003783815621
8 23 0.112480565653780423
8 24 -0.000525911658393100239
8 25 -0.0369369805498948253
8 26 -0.448425730122194222
8 27 -0.0804865012490615789
9 1 0.0975867374986353342
9 2 -0.343316803510630653
9 3 0.178182688922168209
9 4 0.360762301317386291
9 5 0.0104505987339082451
9 6 -0.0273864674769946637
9 7 -0.0110817899017176362
9 8 -0.370670209531233585
9 9 1.49288292957567381
9 10 -0.707098662386813182
9 11 0.128077251901893202
9 12 -0.0465340875862158762
9 13 -0.015449922740159383
9 14 -0.591532625821193592
9 30 -0.0944681549437152712
9 34 0.273760111012539942
9 42 -0.391587264085628051
9 43 0.453352821648221882
9 45 -0.395929452626125056
10 1 0.0102253762325745772
10 2 0.174411230833615871
10 3 -0.556797834033989969
10 4 -0.558991317924432574
10 5 -0.00923171943901463649
10 6 0.0294761014126380914
10 7 0.0394953871973317203
10 8 -0.0539365838122478902
10 9 -0.707098662386813182
10 10 3.280494097177729
10 15 0.153255498315773869
10 16 -0.0122217819280619183
10 17 0.0289483809750722514
10 18 -0.706777225414511157
10 30 -0.00645472536895556198
10 34 -0.242823027873252856
10 42 -0.179937813446751943
10 43 -0.0773436264553818975
10 94 0.00947018210929145843
10 97 -0.261061375268112128
10 98 -0.403755429301015933
10 100 0.0989769348013752048
10 106 -0.00419285930005132597
10 109 -0.155020429976712365
10 112 -0.177273553922433103
10 115 -0.151402391963617378
10 116 0.439567168759954163
11 1 -0.00130578297537929655
11 2 -0.00853328439856448212
11 4 0.170943964226977635
11 5 0.00175286414285462681
11 8 0.0104340294031141714
11 9 0.128077251901893202
11 11 1.31560518853367325
11 12 -0.0101468166752356689
11 13 -0.126285483000427662
11 14 -0.748565720904797116
11 23 0.125703103108396552
11 24 0.00395576751597798756
11 25 -0.456191456281679231
11 26 0.111183732990831619
11 30 0.0340341549971845889
11 34 0.0832774728297402955
11 37 0.212182915718271081
11 38 0.0279305378865961906
11 40 0.0224045572761955372
11 43 -0.0167764601447513151
11 44 -0.585705264420658844
11 45 -0.23935964384272318
11 370 -0.0013057829753792907
11 371 -0.00853328439856448906
11 372 0.170943964226977635
11 373 0.00175286414285462855
11 374 -0.0101468166752356793
11 375 -0.126285483000427662
11 376 0.0104340294031141558
11 377 0.12807725190189323
11 378 -0.748565720904797338
11 383 0.00395576751597798929
11 384 0.111183732990831646
11 395 0.034034154997184568
11 397 0.0279305378865961941
11 399 0.0832774728297402955
11 401 0.022404557276195558
11 406 -0.239359643842723124
11 407 -0.0167764601447512457
11 451 -0.0379321942340836299
11 452 -0.049059602399778024
11 453 0.29315408418127803
11 454 -0.030788016131225629
11 455 -0.0307880161312256394
11 459 -0.0778850970857824509
11 460 0.495028872722463154
11 461 -0.100923200271868102
11 462 0.0214554721172299685
11 463 0.0214554721172299546
11 464 -0.0171015718203098785
11 465 0.032848599639404702
11 466 -0.0171015718203098785
12 1 -0.013627005399151312
12 2 0.0130222459990746008
12 4 -0.00249372571888606485
12 5 -0.000865066100036559278
12 8 0.0434961405462924305
12 9 -0.0465340875862158762
12 11 -0.0101468166752356689
12 12 0.0171759365080210308
12 13 -0.00990158607480124027
12 14 0.0527723973771813404
12 23 0.0116993224982865369
12 24 -0.00130377521478127552
12 25 -0.00856721804780817726
12 26 -0.0447267621119397663
13 1 0.0104465355134395685
13 2 -0.0359060677956428431
13 4 -0.026390107339743521
13 5 0.000107487260509997224
13 8 -0.035206061499433422
13 9 -0.015449922740159383
13 11 -0.126285483000427662
13 12 -0.00990158607480124027
13 13 0.132347600923904074
13 14 0.0780955361339005644
13 30 0.0223629501329289312
13 34 -0.0067495743605368308
13 37 0.0183390401398406989
13 38 -0.00965849206097798771
13 40 -0.0939527585557117934
13 43 -0.0443299327126389156
13 44 -0.0249526349885402787
13 45 0.167083471024090102
14 1 0.0010502780735235015
14 2 0.130457669539368437
14 4 -0.817404029631115137
14 5 -0.00859064650030054271
14 8 -0.0310349771363608584
14 9 -0.591532625821193592
14 11 -0.748565720904797116
14 12 0.0527723973771813404
14 13 0.0780955361339005644
14 14 3.94552787856962928
14 23 0.121010416697926643
14 24 -0.0189475368342758542
14 25 -0.00371606375143063682
14 26 -0.694402189386781554
14 30 0.011920881706778047
14 34 -0.186243267891283065
14 43 -0.0673601539106432612
14 45 -0.413608968318771031
14 451 0.0863670488693657618
14 452 -0.266806530411006604
14 453 -0.571784812623609584
14 454 0.0947187458820000772
14 459 0.0197775342095494466
14 460 -0.184793153556155831
14 462 -0.100904789651555041
14 464 0.211783765961710224
14 465 -0.047786686691653403
15 1 -0.0358100169074681007
15 3 0.000509445741685835007
15 4 -0.00523253160456583783
15 6 0.00686152426030000196
15 8 0.122506137825211886
15 10 0.153255498315773869
15 15 0.322522092918328673
15 16 -0.00635177161725561552
15 17 -0.0855376917441693363
15 18 -0.354567087060718766
15 19 0.103694515820715219
15 20 0.0374595093134270155
15 21 -0.166119926783179189
15 22 0.123227540308025324
15 69 -0.035810016907468073
15 70 0.000509445741685869702
15 71 -0.00523253160456581354
15 72 -0.00635177161725561466
15 73 0.00686152426029999849
15 74 -0.0855376917441693779
15 75 0.122506137825211803
15 76 -0.354567087060718655
15 77 0.153255498315773897
15 78 0.0374595093134269946
15 79 0.123227540308025282
15 93 0.00447333894767402117
15 94 0.00570778372205798731
15 95 -0.109315158877302893
15 96 0.0740753066011089756
15 97 -0.328972201854370205
15 98 0.14907824554383553
15 99 -0.00677019492537046103
15 100 -0.0573479712587366755
15 101 0.0740753066011089478
15 102 0.149078245543835586
15 103 -0.057347971258736731
15 104 -0.0694725244014613719
16 1 -0.00144322433468956242
16 3 0.00279447088125276983
16 4 0.00758171258052694856
16 6 -0.00074291966174239144
16 8 2.45840140654044609e-05
16 10 -0.0122217819280619183
16 15 -0.00635177161725561552
16 16 0.00535291791080175217
16 17 -0.000450116763808199331
16 18 0.0145569245470705561
16 19 0.00129975492566281286
16 20 -0.0017329629261668561
16 21 0.00103948736360290296
16 22 -0.00970707499125861122
17 1 0.00599387706641931178
17 3 -0.168212810171354449
17 4 -0.0247848145816027127
17 6 -0.00330843302688035076
17 8 -0.0220615782663623333
17 10 0.0289483809750722514
17 15 -0.0855376917441693363
17 16 -0.000450116763808199331
17 17 0.26414779890390172
17 18 -0.0501799865372557011
17 93 0.0202703938133430919
17 94 0.0343743208500122202
17 95 -0.0440120147420150418
17 96 -0.0138512186807147851
17 97 0.0179790895821177951
17 98 0.20260430596497786
17 99 -0.124971842559469706
17 100 -0.0369476600822115642
18 1 0.134021910120643489
18 3 0.162777250173927746
18 4 0.148471892773660213
18 6 -0.0268263056805942181
18 8 -0.473498916832927996
18 10 -0.706777225414511157
18 15 -0.354567087060718766
18 16 0.0145569245470705561
18 17 -0.0501799865372557011
18 18 1.99276886729444391
18 19 0.040806197622375355
18 20 -0.113105225310645569
18 21 -0.0543973832535575574
18 22 -0.460557519705526164
18 94 -0.111277704274346356
18 97 0.0752514803180665687
18 98 -0.412375462546404559
18 100 0.557225117125307867
18 104 -0.3623168233590075
19 1 0.000985891735553382116
19 4 0.196405237706640978
19 8 -0.00477740597272550797
19 15 0.103694515820715219
19 16 0.00129975492566281286
19 18 0.040806197622375355
19 19 2.89006522028646717
19 20 -0.00483268406282172294
19 21 -0.425067951846762604
19 22 -0.796405497591112788
19 23 0.177573358553387434
19 24 0.0021919904679889397
19 26 0.0370489443373697713
19 27 -0.661621884043240072
19 69 0.000985891735553373009
19 71 0.196405237706641034
19 72 0.00129975492566280983
19 75 -0.00477740597272548022
19 76 0.0408061976223753758
19 78 -0.00483268406282171166
19 79 -0.796405497591113121
19 88 0.177573358553387434
19 89 0.00219199046798894057
19 90 -0.661621884043240183
19 91 0.0370489443373699309
19 94 0.0281522659367727177
19 97 -0.0122923393294554067
19 100 -0.0284796845941776601
19 103 -0.0284796845941776532
19 104 -0.0670107930276933328
19 431 0.000390812383651142903
19 432 0.173147778362537696
19 433 0.0065485504296757327
19 434 -0.0272848300552422478
19 435 0.0125102144533259796
19 436 0.0183279062758964564
19 437 -0.72255808211074557
19 440 0.00654855042967572316
19 441 0.0183279062758962968
19 451 0.00797202724020620521
19 452 -0.0317678169238329935
19 454 -0.0248782321601680144
19 456 0.0347739663866982532
19 457 -0.0199886105944028086
19 514 0.00797202724020624164
19 515 -0.0317678169238330005
19 516 0.0347739663866980173
19 517 -0.0248782321601679346
19 518 -0.0199886105944028641
19 522 -0.0437603871408500031
19 523 0.180050071164732012
19 524 -0.000924418756459034828
19 525 0.00445576131369596496
19 526 0.00256976834457724266
19 527 -0.000924418756459033635
19 528 0.00256976834457724179
19 529 -0.000146974865331171809
20 1 -0.0401407331394523018
20 4 -0.00960868185469185808
20 8 0.107613842332858867
20 15 0.0374595093134270155
20 16 -0.0017329629261668561
20 18 -0.113105225310645569
20 19 -0.00483268406282172294
20 20 0.0705523817851121948
20 21 -0.0537423027462541128
20 22 0.136200608680665025
20 23 0.0350869292187404869
20 24 -0.00251448768168392386
20 26 -0.111447439988611202
20 27 -0.0497887536204760575
21 1 0.0326862654977942493
21 4 -0.0420440956451066938
21 8 -0.0881020729157640237
21 15 -0.166119926783179189
21 16 0.00103948736360290296
21 18 -0.0543973832535575574
21 19 -0.425067951846762604
21 20 -0.0537423027462541128
21 21 0.67623909469910104
21 22 -0.00864505093224594151
21 69 0.0326862654977942285
21 71 -0.0420440956451067355
21 72 0.00103948736360290816
21 75 -0.0881020729157639543
21 76 -0.0543973832535578905
21 78 -0.053742302746254092
21 79 -0.00864505093224577151
21 94 -0.0579285582164867294
21 97 -0.0537346884862679175
21 100 -0.135787040785950108
21 103 -0.135787040785950275
21 104 0.724596417468558629
22 1 -0.0544780614005781066
22 4 -0.886412463285485064
22 8 0.131160003783815621
22 15 0.123227540308025324
22 16 -0.00970707499125861122
22 18 -0.460557519705526164
22 19 -0.796405497591112788
22 20 0.136200608680665025
22 21 -0.00864505093224594151
22 22 4.23018779177110016
22 23 0.13338613545452993
22 24 -0.016466357658146847
22 26 -0.611725647439868125
22 27 -0.110900331416903378
22 94 0.141046906296842467
22 97 -0.299427379472336275
22 100 -0.0894168874729942414
22 104 -0.749605351576846601
22 451 0.161644622585806003
22 452 -0.334798454273869173
22 454 -0.0666490847614696624
22 456 -0.58890629845734177
22 522 -0.00838205777940094314
22 523 0.0187500175707401816
22 524 0.0266153519421924792
22 525 -0.00632537638236750025
22 526 -0.00341008379596595846
23 1 -0.0331392943155358333
23 4 0.0152818753670341256
23 8 0.112480565653780423
23 11 0.125703103108396552
23 12 0.0116993224982865369
23 14 0.121010416697926643
23 19 0.177573358553387434
23 20 0.0350869292187404869
23 22 0.13338613545452993
23 23 0.519118413218357944
23 24 -0.0101288993062459316
23 25 -0.258474527777596719
23 26 -0.345014857738024205
23 27 -0.3763275238437368
23 370 -0.0331392943155358194
23 372 0.0152818753670341412
23 374 0.0116993224982865421
23 376 0.112480565653780396
23 378 0.121010416697926629
23 383 -0.0101288993062459334
23 384 -0.345014857738024094
23 385 0.177573358553387434
23 386 0.0350869292187404661
23 387 -0.3763275238437368
23 388 0.133386135454529847
23 431 -0.0465830214844276252
23 432 0.00274594541891610023
23 433 -0.0590415395952685051
23 434 0.0784813798863719242
23 435 0.167115143023064711
23 436 -0.27427202991097982
23 437 0.0439425060963121311
23 438 0.0784813798863719658
23 439 0.0439425060963121589
23 451 0.063867518383287275
23 452 0.166718564946843367
23 453 -0.0503585898391472053
23 454 -0.0308226589392654043
23 455 -0.0308226589392654043
23 456 -0.126036553122873873
23 457 0.0285156161871787384
23 458 -0.126036553122873929
24 1 -0.00147255842790989578
24 4 0.0117623550456528204
24 8 -0.000525911658393100239
24 11 0.00395576751597798756
24 12 -0.00130377521478127552
24 14 -0.0189475368342758542
24 19 0.0021919904679889397
24 20 -0.00251448768168392386
24 22 -0.016466357658146847
24 23 -0.0101288993062459316
24 24 0.00728533144598494768
24 25 -0.000851252213439956506
24 26 0.0255912619459188959
24 27 0.0014240725733531889
25 1 0.0107606935936371741
25 4 -0.0438754028987508385
25 8 -0.0369369805498948253
25 11 -0.456191456281679231
25 12 -0.00856721804780817726
25 14 -0.00371606375143063682
25 23 -0.258474527777596719
25 24 -0.000851252213439956506
25 25 0.858272917626554332
25 26 -0.176954766597725438
25 370 0.0107606935936371776
25 372 -0.0438754028987508315
25 374 -0.00856721804780818247
25 376 -0.0369369805498948253
25 378 -0.00371606375143058477
25 383 -0.000851252213439954988
25 384 -0.176954766597725577
25 451 -0.0181421488324259063
25 452 0.0730818750841477904
25 453 0.492143919556529419
25 454 -0.0852042992223521478
25 455 -0.0852042992223522311
26 1 0.129275796307755181
26 4 0.00963786349270608252
26 8 -0.448425730122194222
26 11 0.111183732990831619
26 12 -0.0447267621119397663
26 14 -0.694402189386781554
26 19 0.0370489443373697713
26 20 -0.111447439988611202
26 22 -0.611725647439868125
26 23 -0.345014857738024205
26 24 0.0255912619459188959
26 25 -0.176954766597725438
26 26 2.60030720588530295
26 27 -0.161142369657237855
26 451 -0.0570901878860774342
26 452 -0.113483272179104908
26 453 -0.417104621666842312
26 454 0.58986292692316844
26 456 -0.3213898871086458
27 1 0.0299103208756275329
27 4 -0.0364477223806087061
27 8 -0.0804865012490615789
27 19 -0.661621884043240072
27 20 -0.0497887536204760575
27 22 -0.110900331416903378
27 23 -0.3763275238437368
27 24 0.0014240725733531889
27 26 -0.161142369657237855
27 27 1.41461973404022956
27 431 0.0720657890380653893
27 432 -0.0495719961691288291
27 433 -0.000126797041053268097
27 434 -0.156901840757878469
27 435 -0.18370243984034712
27 436 -0.146902935090190589
27 437 0.0881590010036544386
27 451 -0.0821759443527573796
27 452 -0.0429959535816023461
27 454 -0.125270986878539492
27 456 0.753734881788896804
27 457 -0.0955498193970649862
28 2 -0.0399573629913677897
28 28 0.207543139706378388
28 29 -0.0260961547176911252
28 30 -0.0569797263813247301
28 31 -0.0169215469957640779
28 32 0.0251410488761680435
28 33 -0.0535412336839261108
28 34 0.151882157373393362
28 35 -0.439810400450605876
28 36 0.171996946876462664
28 37 0.0256786762145422114
28 38 0.0420545105578435802
28 39 -0.0723888682952200102
28 40 0.0772496660337223806
28 46 -0.0235480473507060639
28 47 -0.00878668215202660884
28 48 -0.0543610113268682277
28 49 -0.00182627445828181432
28 50 -0.0105389051530387426
28 51 0.00531451600625092689
28 52 -0.377186484069543804
28 53 0.0951717409110813262
28 54 0.0384603820596198451
28 55 -0.0143925183587362993
28 56 -0.0163598641109420836
28 57 0.0104253416425524967
28 58 0.0700554674122760568
28 59 0.0142421587678279171
28 60 0.230711726660415978
28 61 -0.159436660734249253
28 62 0.0326887361741364513
28 63 0.17351552595762107
29 2 -0.00571448392096774588
29 3 0.0862979361922364407
29 7 0.0125644892335082716
29 28 -0.0260961547176911252
29 29 0.736144622336550203
29 30 0.0883623132659075716
29 31 0.0071081046106300479
29 32 -0.0246869225958052871
29 33 -0.10635002995702543
29 34 0.035810706725055548
29 35 0.176252157343811389
29 36 -0.49630662006631765
29 41 -0.330998792867952418
29 42 0.100730319462318585
29 47 0.0444961649219998215
29 48 0.0402577048038662913
29 50 0.00784499747934787675
29 52 0.145659294700357267
29 54 0.0828740718002770327
29 59 -0.1829872377156746
29 60 -0.418271400267068882
29 61 0.0258269967150229068
29 105 0.209254923504845258
29 106 -0.0239362553680349671
29 107 0.143204471524291277
29 108 -0.537859030557843676
29 109 -0.00387560539383332778
29 110 0.210292912300735213
29 111 -0.0562470436271575586
29 112 -0.00649946514204144832
29 117 0.0160405551129662698
29 118 -0.00119893072989217184
29 119 -0.162809144402758676
29 120 0.0569299515556248026
29 121 0.00468711194185869248
29 122 0.0772306408592022403
29 123 -0.0132097289651037023
29 124 -0.00278602060526413065
29 125 0.136797192576045862
29 126 -0.0753554584400410454
29 127 0.0452263921853966189
29 128 -0.0147057058113817772
30 2 -0.0763495523415053945
30 3 0.0194594273396109345
30 4 0.222519761498813085
30 7 0.0138162938568213572
30 9 -0.0944681549437152712
30 10 -0.00645472536895556198
30 11 0.0340341549971845889
30 13 0.0223629501329289312
30 14 0.011920881706778047
30 28 -0.0569797263813247301
30 29 0.0883623132659075716
30 30 1.60096174201138353
30 31 0.0218501345366885515
30 32 -0.0039805301727239735
30 33 -0.0124004547150895726
30 34 0.453070429231054117
30 35 0.535306621317513276
30 36 -0.559442371350613143
30 37 0.167416535329967142
30 38 -0.0182627970638986753
30 39 -0.0474181434718146319
30 40 -0.883716890735904759
30 41 -0.0444560288955445707
30 42 -0.0747436323608990649
30 43 -0.704213538061437494
30 44 -0.0473643142753654572
30 45 -0.226041932406737978
30 48 0.199251458776988022
30 52 -0.127559520698335094
30 60 0.00016375829145301446
30 61 -0.600195446764990148
30 63 0.0725580996848202708
30 106 0.0971469431093499591
30 109 0.0274772537559731453
30 110 0.0992552586304262796
30 112 -0.389794592174608434
30 116 0.0776669806471854546
30 118 0.00117627397135669346
30 121 0.0391340464517604542
30 124 0.0440035568813763878
30 127 0.0299364617047971349
30 128 -0.0874981878501621679
30 459 -0.00463276859357997575
30 460 0.0948455044048480966
30 461 0.151900725991045205
30 462 -0.152538873026907634
30 464 0.0356385219189389105
30 467 -0.0135453280075229689
30 468 0.0668140206191586983
30 470 0.0229279485704412048
30 472 -0.0245311557149762507
30 473 0.00561060674204274211
31 2 -0.00657696493399685667
31 28 -0.0169215469957640779
31 29 0.0071081046106300479
31 30 0.0218501345366885515
31 31 0.0198688339016644885
31 32 -0.00556192870136830875
31 33 -0.000194066862371160059
31 34 0.00491389976767914616
31 35 0.0386782123044688564
31 36 -0.0333398027400993793
31 37 0.00497040690583258008
31 38 -0.00591329527719573495
31 39 0.000192858463626671955
31 40 -0.0290748449797948311
32 2 -0.0274397947620739664
32 3 0.0209112887567848467
32 7 -0.00516114255688300549
32 28 0.0251410488761680435
32 29 -0.0246869225958052871
32 30 -0.0039805301727239735
32 31 -0.00556192870136830875
32 32 0.0501779275602724159
32 33 -0.018390897424549732
32 34 0.0825992269026268322
32 35 -0.0933865746161508525
32 36 0.103374288148249671
32 41 -0.0190880939933369201
32 42 -0.0845078954212097611
33 2 0.0168026485903759112
33 28 -0.0535412336839261108
33 29 -0.10635002995702543
33 30 -0.0124004547150895726
33 31 -0.000194066862371160059
33 32 -0.018390897424549732
33 33 0.143139557712441162
33 34 -0.058706587040898317
33 35 0.0180398317904455763
33 36 0.0892397965664408765
33 47 0.00874446842453203629
33 48 0.000217841851672020102
33 50 -0.00119839090073888812
33 52 -0.00301486934109598814
33 54 -0.034824322917212186
33 59 -0.00595988079207330698
33 60 0.0313289617782928007
33 61 -0.0129323730792197788
34 2 -0.429398666066479251
34 3 0.152468904365340413
34 4 -0.0767268745504465499
34 7 -0.00152961706164200274
34 9 0.273760111012539942
34 10 -0.242823027873252856
34 11 0.0832774728297402955
34 13 -0.0067495743605368308
34 14 -0.186243267891283065
34 28 0.151882157373393362
34 29 0.035810706725055548
34 30 0.453070429231054117
34 31 0.00491389976767914616
34 32 0.0825992269026268322
34 33 -0.058706587040898317
34 34 1.78454775662632859
34 35 -0.616515132392444598
34 36 -0.157690021084088861
34 37 0.0360956558745472722
34 38 0.112913909046956668
34 39 -0.0998950304674288969
34 40 -0.180455118960481636
34 41 -0.0898316479579885918
34 42 -0.744739958070260943
34 43 0.37783670659857016
34 44 -0.145068387875724153
34 45 -0.512804024700875827
35 2 0.163758323058057098
35 28 -0.439810400450605876
35 29 0.176252157343811389
35 30 0.535306621317513276
35 31 0.0386782123044688564
35 32 -0.0933865746161508525
35 33 0.0180398317904455763
35 34 -0.616515132392444598
35 35 2.09790373081553883
35 36 -0.83573000220595306
35 37 0.100446441415446633
35 38 -0.138516748727830652
35 39 0.0223900642624360324
35 40 -0.612338746523599653
35 48 -0.0632623191521547446
35 52 0.290008211054440412
35 60 -0.455705141972355954
35 61 0.324949149330722165
35 63 -0.512467676651784831
36 2 0.0282058924363723512
36 3 0.0774335287244645037
36 7 -0.0558792887919919296
36 28 0.171996946876462664
36 29 -0.49630662006631765
36 30 -0.559442371350613143
36 31 -0.0333398027400993793
36 32 0.103374288148249671
36 33 0.0892397965664408765
36 34 -0.157690021084088861
36 35 -0.83573000220595306
36 36 3.64850856992184536
36 41 0.0241668557197923725
36 42 -0.588670682710318083
36 48 0.000840883232387762414
36 52 -0.243453025374111509
36 60 -0.103014147614503337
36 61 -0.136584190118547083
36 106 0.0854495479304883121
36 109 -0.249358421333095659
36 110 -0.746568036009113367
36 112 0.133422759713478944
36 118 0.0187576976446445047
36 121 -0.180430483432665184
36 124 -0.176286512587736699
36 127 -0.137190863127428231
36 128 0.318547701631955116
37 2 -0.00267867611114879075
37 11 0.212182915718271081
37 13 0.0183390401398406989
37 28 0.0256786762145422114
37 30 0.167416535329967142
37 31 0.00497040690583258008
37 34 0.0360956558745472722
37 35 0.100446441415446633
37 37 1.82287046083251858
37 38 -0.039863983308718931
37 39 -0.190459210065569234
37 40 -0.769557621821939319
37 44 -0.697726476821648345
37 45 0.0390003873744513424
37 48 0.051927054019090535
37 52 0.0526838118286989537
37 55 0.180717060064646773
37 56 0.00872632537444589101
37 58 0.0132931611516984849
37 61 -0.0246414432635809477
37 62 -0.527555593454544169
37 63 -0.266735554684373488
37 371 -0.00267867611114878858
37 375 0.0183390401398407024
37 394 0.0256786762145421871
37 395 0.16741653532996717
37 396 0.00497040690583257748
37 397 -0.039863983308718938
37 398 -0.190459210065569207
37 399 0.0360956558745472306
37 400 0.100446441415446702
37 401 -0.769557621821939319
37 406 0.0390003873744514534
37 411 0.0519270540190905558
37 413 0.00872632537444589275
37 415 0.0526838118286990092
37 417 0.0132931611516984641
37 422 -0.266735554684373655
37 423 -0.0246414432635809338
37 459 -0.078777574177950227
37 460 -0.0931244703706266969
37 461 0.517031543590090181
37 462 -0.0176919277524645487
37 463 -0.0176919277524645764
37 467 -0.0655077439380123555
37 468 0.349328219306146881
37 469 -0.058288778801715152
37 470 0.00998562534641898349
37 471 0.0099856253464189991
37 472 -0.00662741409281436718
37 473 0.0182358583040811532
37 474 -0.00662741409281433769
38 2 -0.0457490498440654633
38 11 0.0279305378865961906
38 13 -0.00965849206097798771
38 28 0.0420545105578435802
38 30 -0.0182627970638986753
38 31 -0.00591329527719573495
38 34 0.112913909046956668
38 35 -0.138516748727830652
38 37 -0.039863983308718931
38 38 0.106456469791112895
38 39 -0.0518644797680605507
38 40 0.178450435728496754
38 44 -0.0419212115692880749
38 45 -0.116055805390970004
39 2 0.0329493664919955492
39 28 -0.0723888682952200102
39 30 -0.0474181434718146319
39 31 0.000192858463626671955
39 34 -0.0998950304674288969
39 35 0.0223900642624360324
39 37 -0.190459210065569234
39 38 -0.0518644797680605507
39 39 0.228073642101355001
39 40 0.215513238468832163
39 48 0.0145410856525468174
39 52 -0.00150759527462964588
39 55 0.0218375177678796183
39 56 -0.00252186116234170152
39 58 -0.0845384923616614159
39 61 -0.042284068900888365
39 62 -0.0294498773809587326
39 63 0.0868298539399013081
40 2 0.0223897129955441324
40 11 0.0224045572761955372
40 13 -0.0939527585557117934
40 28 0.0772496660337223806
40 30 -0.883716890735904759
40 31 -0.0290748449797948311
40 34 -0.180455118960481636
40 35 -0.612338746523599653
40 37 -0.769557621821939319
40 38 0.178450435728496754
40 39 0.215513238468832163
40 40 4.02299755906239298
40 44 -0.0243144542235860378
40 45 -0.451524740973257788
40 48 -0.000624715052639085444
40 52 -0.132168438087637313
40 61 -0.025622328043566775
40 63 -0.377530820141482759
40 459 0.15029599854625611
40 460 -0.214820689005566778
40 461 -0.717351886043960607
40 462 0.0868379937111279643
40 467 0.0659333192242687882
40 468 -0.296973727318588343
40 470 -0.0880077451082791756
40 472 0.0817280527298931414
40 473 -0.0257650082007334739
41 2 0.0254387272548066874
41 3 -0.242885455058714728
41 7 -0.00809961590530870051
41 29 -0.330998792867952418
41 30 -0.0444560288955445707
41 32 -0.0190880939933369201
41 34 -0.0898316479579885918
41 36 0.0241668557197923725
41 41 0.690299757701183125
41 42 -0.0778392245508362363
41 105 0.0224346584069884288
41 106 0.0183607903850172768
41 107 -0.160761673051831144
41 108 -0.0125863447596664887
41 109 0.113245992144061808
41 110 0.305359474719077317
41 111 -0.187552625696273123
41 112 -0.0252067535934738865
42 2 0.209447338144075124
42 3 -0.337750470916110712
42 4 -0.00608795696491302302
42 7 0.0767396552873855498
42 9 -0.391587264085628051
42 10 -0.179937813446751943
42 29 0.100730319462318585
42 30 -0.0747436323608990649
42 32 -0.0845078954212097611
42 34 -0.744739958070260943
42 36 -0.588670682710318083
42 41 -0.0778392245508362363
42 42 3.19023019222634296
42 43 -0.223654178538043091
42 106 0.051508430098684492
42 109 -0.463820665856528813
42 110 -0.430324564083841621
42 112 0.28820049736350517
42 116 -0.313192125576970348
43 2 -0.136467048057993701
43 3 0.0310674349537958042
43 4 -0.746629194915664707
43 7 -0.0157805647861142505
43 9 0.453352821648221882
43 10 -0.0773436264553818975
43 11 -0.0167764601447513151
43 13 -0.0443299327126389156
43 14 -0.0673601539106432612
43 30 -0.704213538061437494
43 34 0.37783670659857016
43 42 -0.223654178538043091
43 43 2.27645391324761759
43 45 -0.467672104058938498
43 106 0.0943429983848406012
43 109 -0.2946990091580316
43 112 -0.0502433496826272114
43 116 -0.189667850616812295
43 459 0.0528561511320170332
43 460 -0.168993360182393443
43 462 -0.0256334884766625873
43 464 -0.056446166206928966
44 2 0.0460729377203137405
44 11 -0.585705264420658844
44 13 -0.0249526349885402787
44 30 -0.0473643142753654572
44 34 -0.145068387875724153
44 37 -0.697726476821648345
44 38 -0.0419212115692880749
44 40 -0.0243144542235860378
44 44 1.88432225852825042
44 45 -0.380012843979384007
44 371 0.0460729377203137613
44 375 -0.0249526349885402857
44 395 -0.0473643142753655128
44 397 -0.0419212115692880749
44 399 -0.145068387875724208
44 401 -0.0243144542235858852
44 406 -0.380012843979383841
44 459 -0.118159810610607374
44 460 0.348875921978260228
44 461 0.480386551475387558
44 462 -0.0384356808729178073
44 463 -0.0384356808729177657
45 2 0.149441208382340013
45 4 0.0250030423212877009
45 9 -0.395929452626125056
45 11 -0.23935964384272318
45 13 0.167083471024090102
45 14 -0.413608968318771031
45 30 -0.226041932406737978
45 34 -0.512804024700875827
45 37 0.0390003873744513424
45 38 -0.116055805390970004
45 40 -0.451524740973257788
45 43 -0.467672104058938498
45 44 -0.380012843979384007
45 45 3.6586469875604255
45 459 0.158533061437362455
45 460 -0.602780758203039446
45 461 -0.421534340769948168
45 462 0.173887297931152068
45 464 -0.144270840760338331
46 28 -0.0235480473507060639
46 46 0.0947344707829735899
46 47 -0.0471825215218455371
46 48 -0.155950209890158675
46 49 -0.00576933013136711904
46 50 0.00983263850764872632
46 51 -0.00985052933839185123
46 52 0.0920245318974674542
46 53 -0.329207575482219461
46 54 0.189667800964847533
46 55 -0.0348706359928568077
46 56 0.0146265262276699236
46 57 -0.0163075806528167541
46 58 0.160345058124039042
46 64 -0.00138127752222575394
46 65 -0.0623949514911560574
46 66 0.0641246714185272904
46 67 -0.0125387404356349028
46 68 0.0736457018862054363
47 28 -0.00878668215202660884
47 29 0.0444961649219998215
47 33 0.00874446842453203629
47 46 -0.0471825215218455371
47 47 0.424878581977960634
47 48 0.107211487749175591
47 49 0.00366424259319254918
47 50 -0.0105396202184165552
47 51 -0.0114065764475484062
47 52 0.0400823631058878221
47 53 0.176718396597504296
47 54 -0.526477577250538897
47 59 -0.211190660005826536
47 60 0.134087190816639917
47 64 0.079072012087346738
47 65 0.0522756114123958809
47 66 -0.170585136285892391
47 67 0.114152227452308422
47 117 0.13385637712481735
47 118 0.00880824338982093974
47 119 0.138726328219919343
47 120 -0.307146202330272178
47 121 0.0254331391712702796
47 122 -0.0215455890178516962
47 123 -0.00190674206270614877
47 124 -0.0204681663984672899
47 129 -0.0290223970460952163
47 130 -0.0110965206688361552
47 131 0.0105178378600891825
47 132 -0.00747020022168474844
47 133 -0.0224097512440140784
47 134 0.00553318388199245618
47 135 -0.401341762878265895
47 136 0.11371817419463158
47 137 0.044334110515076651
47 138 0.0301765414136952667
47 139 0.0252456014413362378
47 140 0.0344420291151045915
47 141 0.171291566059872946
47 142 -0.00751437371289997991
47 143 -0.111375400063382354
48 28 -0.0543610113268682277
48 29 0.0402577048038662913
48 30 0.199251458776988022
48 33 0.000217841851672020102
48 35 -0.0632623191521547446
48 36 0.000840883232387762414
48 37 0.051927054019090535
48 39 0.0145410856525468174
48 40 -0.000624715052639085444
48 46 -0.155950209890158675
48 47 0.107211487749175591
48 48 2.13965322444843986
48 49 0.0108396789689100027
48 50 -0.00132461271654877623
48 51 0.0063879747154036888
48 52 0.295299670779358925
48 53 0.633875609680525143
48 54 -0.435280213831924945
48 55 0.19453099140378094
48 56 -0.00672671511689055743
48 57 0.0068620887608152074
48 58 -0.936905509922576818
48 59 -0.0386898758460652928
48 60 -0.140099390964911225
48 61 -0.653558645648412484
48 62 -0.0498187109173288817
48 63 -0.228756368568612228
48 64 0.0917192162280766193
48 65 0.0705475311937457383
48 66 -0.093488251977217468
48 67 -0.444271812008884326
48 68 -0.141951802741113603
48 118 0.169212179215223135
48 121 0.0193884396215742716
48 122 0.0428660838946415337
48 124 -0.610136174457693081
48 128 0.0472083699312443039
48 131 0.0594815879713902693
48 135 -0.0021752539030721503
48 139 0.017934506284462623
48 142 0.0699506054039799596
48 143 -0.25649047470168429
48 467 0.0377952542091697721
48 468 0.0653799069593470616
48 469 0.13068803295777387
48 470 -0.252954673496408655
48 472 0.0121000446840349839
48 476 0.0414312113209917496
48 479 0.0663000620285130876
48 481 0.0649869441857354874
48 484 -0.197941733034608797
48 485 0.0225157118311585906
48 530 -0.009589496565759182
48 531 -0.00320505956656729884
48 532 0.0409232430638276495
48 533 0.00399940991267508893
48 534 0.00143793566757464053
49 28 -0.00182627445828181432
49 46 -0.00576933013136711904
49 47 0.00366424259319254918
49 48 0.0108396789689100027
49 49 0.00517358746804901307
49 50 -0.00189623949853240728
49 51 2.79423733574010237e-05
49 52 0.00223457954440427296
49 53 0.0165968302009735988
49 54 -0.0157188781615861008
49 55 0.00307569593792825441
49 56 -0.00180391543551351469
49 57 -5.52872189535627469e-05
49 58 -0.0145426321825805772
50 28 -0.0105389051530387426
50 29 0.00784499747934787675
50 33 -0.00119839090073888812
50 46 0.00983263850764872632
50 47 -0.0105396202184165552
50 48 -0.00132461271654877623
50 49 -0.00189623949853240728
50 50 0.0137540578538065134
50 51 -0.00376038792434596914
50 52 0.0340644868196892589
50 53 -0.0376088963710804747
50 54 0.0394008587897697465
50 59 -0.00484012923211998066
50 60 -0.0331898574354403397
51 28 0.00531451600625092689
51 46 -0.00985052933839185123
51 47 -0.0114065764475484062
51 48 0.0063879747154036888
51 49 2.79423733574010237e-05
51 50 -0.00376038792434596914
51 51 0.0172779978649554022
51 52 -0.0198868643397114887
51 53 0.0173247509225664502
51 54 0.0128667030892983102
51 64 0.00203927320265249318
51 65 -0.000388882446634467374
51 66 -0.00283218622506904716
51 67 -0.0131137314527834357
52 28 -0.377186484069543804
52 29 0.145659294700357267
52 30 -0.127559520698335094
52 33 -0.00301486934109598814
52 35 0.290008211054440412
52 36 -0.243453025374111509
52 37 0.0526838118286989537
52 39 -0.00150759527462964588
52 40 -0.132168438087637313
52 46 0.0920245318974674542
52 47 0.0400823631058878221
52 48 0.295299670779358925
52 49 0.00223457954440427296
52 50 0.0340644868196892589
52 51 -0.0198868643397114887
52 52 1.55108706881540392
52 53 -0.369295178139135927
52 54 -0.169258699172742361
52 55 0.0657101560523818129
52 56 0.0431226417587459235
52 57 -0.0362133766948938493
52 58 -0.298164292003609444
52 59 -0.0524967794421674488
52 60 -0.787715686708925666
52 61 0.631895785484038353
52 62 -0.107411076939260844
52 63 -0.518540715555073639
53 28 0.0951717409110813262
53 46 -0.329207575482219461
53 47 0.176718396597504296
53 48 0.633875609680525143
53 49 0.0165968302009735988
53 50 -0.0376088963710804747
53 51 0.0173247509225664502
53 52 -0.369295178139135927
53 53 1.29998953357227887
53 54 -0.722603600463720186
53 55 0.142350672848128884
53 56 -0.0524943042040289798
53 57 0.0316738116924774743
53 58 -0.635905003316653894
53 64 0.0281869990044934897
53 65 0.161946923731940501
53 66 -0.18331730753371589
53 67 -0.0598706605477267312
53 68 -0.21353274310368825
54 28 0.0384603820596198451
54 29 0.0828740718002770327
54 33 -0.034824322917212186
54 46 0.189667800964847533
54 47 -0.526477577250538897
54 48 -0.435280213831924945
54 49 -0.0157188781615861008
54 50 0.0394008587897697465
54 51 0.0128667030892983102
54 52 -0.169258699172742361
54 53 -0.722603600463720186
54 54 2.97617183309643707
54 59 -0.00765202973563641753
54 60 -0.51979902514472387
54 64 0.0068004625455982343
54 65 -0.154565917832134331
54 66 0.162577890075181919
54 67 -0.504241001321745541
54 118 -0.020050628143832093
54 121 -0.235197367029499754
54 122 -0.596084001331794955
54 124 0.360455871170479558
54 131 -0.0445561111105471364
54 135 -0.016725198835049887
54 139 -0.1933149041982484
54 142 -0.269568738326744939
54 143 0.596642341216172767
55 28 -0.0143925183587362993
55 37 0.180717060064646773
55 39 0.0218375177678796183
55 46 -0.0348706359928568077
55 48 0.19453099140378094
55 49 0.00307569593792825441
55 52 0.0657101560523818129
55 53 0.142350672848128884
55 55 0.994466835631938495
55 56 -0.0200409458099565646
55 57 -0.0219104642634828026
55 58 -0.801530141021138842
