% 2604x2604 58740 nonzeros
1 1 2.32476806107674008e-05
1 2 3.15329978360486846e-06
1 3 4.39311905468027186e-06
1 4 -0.000163287298844234458
1 5 -7.55884144967208619e-07
1 6 -1.18644168417839636e-06
1 7 -3.53803174119499227e-07
1 8 -8.48833817495585531e-05
1 9 -1.18008730685097953e-05
1 10 -1.81888069993941447e-05
1 11 8.62170185956288224e-06
1 12 -2.64957952030181758e-06
1 13 -6.94817219236773867e-07
1 14 -3.79166019589659167e-05
1 15 6.12875504315764062e-06
1 16 -1.51631827724338254e-06
1 17 -5.10227859109180905e-07
1 18 -2.20867499713247295e-05
1 19 1.75811593541117305e-05
1 20 -7.97558734569584315e-06
1 21 -2.79155728472952125e-06
1 22 -9.70436419781850479e-05
1 23 1.02268758002320427e-05
1 24 -2.6593014672958843e-06
1 25 -1.56865824232016643e-06
1 26 -3.7553581538435311e-05
1 27 -4.36943442747492003e-06
2 1 3.15329978360486846e-06
2 2 0.000249504814653314156
2 3 7.8940528090673282e-05
2 4 -3.85452189591731646e-05
2 5 -9.07599691700867081e-07
2 6 -3.45207720160926512e-07
2 7 -4.55362483923035983e-05
2 8 -1.14578155882056588e-05
2 9 -0.000359182207936950256
2 10 -0.000138005715194297059
2 11 0.000121057206542172406
2 12 -6.77942837823389467e-07
2 13 -8.41572202219389521e-05
2 14 -0.00022240247042167407
2 28 1.70188673974948595e-05
2 29 2.4703233812445964e-05
2 30 -0.000161534061904208473
2 31 -7.49334148183020486e-06
2 32 -1.33692671070425018e-05
2 33 -3.17419045834130975e-06
2 34 -0.00065726839081779254
2 35 -6.00829557317107574e-05
2 36 -0.000102287249991646936
2 37 4.54472514236175962e-05
2 38 -3.15292147983472091e-05
2 39 -6.23122980057630284e-06
2 40 -0.000208709153791578929
2 41 -7.17003061671737005e-06
2 42 -0.000205502837916333471
2 43 -0.000665510299859408913
2 44 -2.50786119588027334e-05
2 45 -0.000348394226121492433
3 1 4.39311905468027186e-06
3 2 7.8940528090673282e-05
3 3 0.000845997745550921805
3 4 3.27443687615868963e-05
3 5 -3.14451844836395304e-07
3 6 -2.09170642196404771e-06
3 7 -5.84203630651849445e-05
3 8 -1.58214335511210191e-05
3 9 -0.000119233160037057054
3 10 -0.00112538800595235141
3 15 0.000140922641888726989
3 16 -4.53491131164425499e-07
3 17 -0.000148914884825808669
3 18 -0.000182514682033290326
3 29 0.000213691785420088137
3 30 9.83864139275135652e-05
3 32 -6.35563363311573276e-06
3 34 -0.000175891304865406181
3 36 -0.000383415377973691097
3 41 -0.000369333915193964567
3 42 -0.000989687076544148352
3 43 -0.000477955619541916101
3 93 0.000189114884809926708
3 94 0.000204882104474541358
3 95 -4.42108001784854345e-05
3 96 -0.000598960352014508415
3 97 -0.000342303876654900005
3 98 -0.000819003981395808158
3 99 -0.000490482742203161544
3 100 -0.000355200761648292464
3 105 0.00013067749616980321
3 106 0.000514538568424465414
3 107 -0.000403477206470330375
3 108 -0.000137564647549608999
3 109 -0.00122302386390478056
3 110 -0.00053257707830481392
3 111 -0.000645974857665699859
3 112 -0.00026498750383782357
3 113 -0.000214632598812561766
3 114 -0.000573590239308800222
3 115 -0.000106063651027999458
3 116 -0.000123115585032581383
4 1 -0.000163287298844234458
4 2 -3.85452189591731646e-05
4 3 3.27443687615868963e-05
4 4 0.00289987992653569079
4 5 8.23437116651650047e-06
4 6 1.20966333500200065e-05
4 7 -1.44723493579950135e-06
4 8 0.000602211614671769495
4 9 0.000415025853129131973
4 10 2.16201314367928186e-05
4 11 -8.84040237917019012e-05
4 12 2.10241755595236521e-05
4 13 -1.65634393532973014e-05
4 14 -9.46613226170456344e-05
4 15 2.39676414008045755e-05
4 16 1.31066649784569743e-05
4 17 -3.46438605827420449e-05
4 18 0.000319168139368053926
4 19 -0.000164510667243907731
4 20 3.30103470693434228e-05
4 21 -0.00014437433424846087
4 22 -0.00023430977600310697
4 23 3.23741289886766246e-05
4 24 2.03005373110370587e-05
4 25 -0.000116221305385112594
4 26 0.000218044180308574794
4 27 -0.00020440728195358763
4 30 6.50538250207636359e-05
4 34 -0.000247250766838021541
4 42 -0.000421875170598463248
4 43 -0.000497208377732092743
4 45 -0.000438875594491117496
4 94 0.000175649007294066526
4 97 -0.000402491376589957182
4 98 -0.000396430227280744813
4 100 -0.000423945937608290007
4 104 -0.00031142987550415957
4 106 0.000117072698435995311
4 109 -0.000378341882967089989
4 112 -7.14685323790160623e-05
4 115 -4.57255766819389438e-05
4 116 -0.000160650593073040441
4 451 0.000218622676400553862
4 452 -0.000441976696268885387
4 453 -0.0003098241704638583
4 454 -0.000331133169264856745
4 456 -0.000224491573589722407
4 459 5.31672912607371957e-05
4 460 -0.00016822851547370707
4 462 -2.05357208400574601e-05
4 464 -5.23932995696936411e-05
4 465 -7.35898786916575091e-06
4 522 3.14276056263348206e-06
4 523 -1.10154524842226882e-05
4 524 -1.65089209503934379e-06
4 525 -2.7545779168032568e-07
4 526 -1.54634007744592762e-07
5 1 -7.55884144967208619e-07
5 2 -9.07599691700867081e-07
5 3 -3.14451844836395304e-07
5 4 8.23437116651650047e-06
5 5 1.93750957983704706e-07
5 6 6.91071962662264069e-08
5 7 8.62981041833718761e-08
5 8 2.85770760757948185e-06
5 9 3.54382256818775034e-06
5 10 1.25021193372841731e-06
5 11 -5.59385259727546551e-07
5 12 1.3568689303145319e-07
5 13 1.69435655858222095e-07
5 14 2.33896930207041871e-06
6 1 -1.18644168417839636e-06
6 2 -3.45207720160926512e-07
6 3 -2.09170642196404771e-06
6 4 1.20966333500200065e-05
6 5 6.91071962662264069e-08
6 6 5.21012197846954657e-07
6 7 1.47809854832434359e-07
6 8 4.42134997873153932e-06
6 9 1.25021193372841731e-06
6 10 9.15609687527779386e-06
6 15 -4.85347940750922852e-07
6 16 9.96396540886325083e-08
6 17 2.1311310997814336e-07
6 18 1.7780384897420641e-06
7 1 -3.53803174119499227e-07
7 2 -4.55362483923035983e-05
7 3 -5.84203630651849445e-05
7 4 -1.44723493579950135e-06
7 5 8.62981041833718761e-08
7 6 1.47809854832434359e-07
7 7 3.17017401691226211e-05
7 8 1.25021193372841731e-06
7 9 6.64117092724421414e-05
7 10 0.000103956819586922206
7 29 -6.05974944064233681e-06
7 30 2.24985361439756991e-05
7 32 2.61209450899689799e-06
7 34 0.000110867997064799113
7 36 2.22186716385192382e-05
7 41 4.24088847620017299e-06
7 42 0.000170091063166653801
7 43 0.000173698868739542451
8 1 -8.48833817495585531e-05
8 2 -1.14578155882056588e-05
8 3 -1.58214335511210191e-05
8 4 0.000602211614671769495
8 5 2.85770760757948185e-06
8 6 4.42134997873153932e-06
8 7 1.25021193372841731e-06
8 8 0.000316562161756958193
8 9 4.29281960776320697e-05
8 10 6.49922306775598484e-05
8 11 -2.94095304027142514e-05
8 12 9.3425681762349304e-06
8 13 2.33896930207041871e-06
8 14 0.000127224123213214073
8 15 -2.07919892465403065e-05
8 16 5.42081587263561418e-06
8 17 1.7780384897420641e-06
8 18 7.58076457721990217e-05
8 19 -5.57224219792895435e-05
8 20 2.47808381542319152e-05
8 21 8.17179417378897581e-06
8 22 0.000284888816249288823
8 23 -3.3717475286133139e-05
8 24 9.27318625024497071e-06
8 25 5.08917220807584195e-06
8 26 0.00012498142394918972
8 27 1.24715174918713301e-05
9 1 -1.18008730685097953e-05
9 2 -0.000359182207936950256
9 3 -0.000119233160037057054
9 4 0.000415025853129131973
9 5 3.54382256818775034e-06
9 6 1.25021193372841731e-06
9 7 6.64117092724421414e-05
9 8 4.29281960776320697e-05
9 9 0.00101735195933429874
9 10 0.000339528669789437311
9 11 -0.000166804108509448061
9 12 2.33896930207041871e-06
9 13 0.000110896266510249718
9 14 0.000522574328647003208
9 30 -0.000231286998918008133
9 34 0.000529876802859345934
9 42 0.000173698868739542451
9 43 0.00136639586890212068
9 45 0.000253499859913170476
10 1 -1.81888069993941447e-05
10 2 -0.000138005715194297059
10 3 -0.00112538800595235141
10 4 2.16201314367928186e-05
10 5 1.25021193372841731e-06
10 6 9.15609687527779386e-06
10 7 0.000103956819586922206
10 8 6.49922306775598484e-05
10 9 0.000339528669789437311
10 10 0.00559963593116425892
10 15 -0.000205209296310808226
10 16 1.7780384897420641e-06
10 17 0.000207570249397663972
10 18 0.000503311892298760589
10 30 -0.000444779421507754283
10 34 0.000173698868739542451
10 42 0.00134067536490345158
10 43 0.0014528362627903575
10 94 -0.000481244081084065381
10 97 0.000270358025899694392
10 98 0.00133043207022361457
10 100 0.00124797313895870987
10 106 -0.000505941694611350521
10 109 0.00139507368398112926
10 112 0.000218934950569440328
10 115 0.000154558520606311024
10 116 0.000884621088112111939
11 1 8.62170185956288224e-06
11 2 0.000121057206542172406
11 4 -8.84040237917019012e-05
11 5 -5.59385259727546551e-07
11 8 -2.94095304027142514e-05
11 9 -0.000166804108509448061
11 11 0.00124440418031653726
11 12 -5.49746151754366592e-06
11 13 -0.000111584583189911477
11 14 -0.000574109573572883689
11 23 0.000219689603838481729
11 24 -1.26307457963056588e-06
11 25 -0.000375608232344622098
11 26 -0.000287187552028449048
11 30 4.96878244895878907e-05
11 34 -0.000258191766472948758
11 37 0.000126906166057644883
11 38 -1.97539654881738512e-05
11 40 -0.000472274106905395464
11 43 -0.000354205064662043963
11 44 -0.000674760328760024139
11 45 -0.000615179634092286693
11 370 8.62170185956288562e-06
11 371 0.000121057206542172406
11 372 -8.84040237917019825e-05
11 373 -5.59385259727546869e-07
11 374 -5.49746151754366931e-06
11 375 -0.000111584583189911477
11 376 -2.9409530402714265e-05
11 377 -0.000166804108509448115
11 378 -0.000574109573572884014
11 383 -1.26307457963056609e-06
11 384 -0.00028718755202844894
11 395 4.96878244895879179e-05
11 397 -1.97539654881738546e-05
11 399 -0.000258191766472948758
11 401 -0.00047227410690539541
11 406 -0.000615179634092286585
11 407 -0.000354205064662044071
11 451 7.67764208188254766e-05
11 452 -0.000453420849231592714
11 453 9.95447895386606003e-05
11 454 -0.000150810614925235407
11 455 -0.000150810614925235326
11 459 -8.98740426648266823e-05
11 460 0.000711011638419443721
11 461 -0.000314683212207390504
11 462 -1.45724389972800548e-05
11 463 -1.4572438997280065e-05
11 464 4.5475556377883253e-05
11 465 4.1339531786938207e-05
11 466 4.5475556377883253e-05
12 1 -2.64957952030181758e-06
12 2 -6.77942837823389467e-07
12 4 2.10241755595236521e-05
12 5 1.3568689303145319e-07
12 8 9.3425681762349304e-06
12 9 2.33896930207041871e-06
12 11 -5.49746151754366592e-06
12 12 1.62946418188297934e-06
12 13 4.06550812049907954e-07
12 14 2.63567112887382594e-05
12 23 -1.43460783144049178e-06
12 24 3.06192614066271987e-07
12 25 9.17359939445472779e-07
12 26 5.0891722080758411e-06
13 1 -6.94817219236773867e-07
13 2 -8.41572202219389521e-05
13 4 -1.65634393532973014e-05
13 5 1.69435655858222095e-07
13 8 2.33896930207041871e-06
13 9 0.000110896266510249718
13 11 -0.000111584583189911477
13 12 4.06550812049907954e-07
13 13 7.78075020608263123e-05
13 14 0.000222092990334701764
13 30 1.71695321208539695e-06
13 34 0.000193444063089929195
13 37 -1.78162066165802498e-05
13 38 9.1346406908811783e-06
13 40 6.60057035186270102e-05
13 43 0.000253499859913170476
13 44 1.97839336321389494e-05
13 45 0.000373848982387016437
14 1 -3.79166019589659167e-05
14 2 -0.00022240247042167407
14 4 -9.46613226170456344e-05
14 5 2.33896930207041871e-06
14 8 0.000127224123213214073
14 9 0.000522574328647003208
14 11 -0.000574109573572883689
14 12 2.63567112887382594e-05
14 13 0.000222092990334701764
14 14 0.00650073154177429734
14 23 -0.000346739975411344673
14 24 5.08917220807584195e-06
14 25 0.000555583468154069665
14 26 0.000897515961440742546
14 30 -0.000472512815316036383
14 34 0.000253499859913170476
14 43 0.00132577368288137681
14 45 0.00149511474253952365
14 451 -0.000434943612305747148
14 452 0.000365249921230768697
14 453 0.00109443472080063297
14 454 0.000776407609723387348
14 459 -0.000238062579266476351
14 460 0.000708569048810944692
14 462 7.41622171616132081e-05
14 464 0.000281160905107764154
14 465 2.98509235078088002e-05
15 1 6.12875504315764062e-06
15 3 0.000140922641888726989
15 4 2.39676414008045755e-05
15 6 -4.85347940750922852e-07
15 8 -2.07919892465403065e-05
15 10 -0.000205209296310808226
15 15 0.000708564028689701183
15 16 -2.09855014618734538e-06
15 17 -0.000142253411380046681
15 18 -0.000657464404675896057
15 19 0.000220137318143486188
15 20 -2.65554032348593187e-06
15 21 -0.000518278762557159399
15 22 -0.000458981897935273786
15 69 6.12875504315763469e-06
15 70 0.000140922641888726989
15 71 2.39676414008047246e-05
15 72 -2.09855014618734368e-06
15 73 -4.85347940750922534e-07
15 74 -0.000142253411380046681
15 75 -2.07919892465402862e-05
15 76 -0.000657464404675896274
15 77 -0.000205209296310808335
15 78 -2.65554032348593018e-06
15 79 -0.00045898189793527422
15 93 8.90286921645170291e-05
15 94 0.000407242061405523395
15 95 -0.000125829984942270854
15 96 -4.92563339954272191e-05
15 97 -0.00169164651583381814
15 98 -0.000389217293995631087
15 99 -0.000411886329347517987
15 100 -0.00064598363313870112
15 101 -4.92563339954272191e-05
15 102 -0.000389217293995631195
15 103 -0.000645983633138701554
15 104 -0.000735087730906887251
16 1 -1.51631827724338254e-06
16 3 -4.53491131164425499e-07
16 4 1.31066649784569743e-05
16 6 9.96396540886325083e-08
16 8 5.42081587263561418e-06
16 10 1.7780384897420641e-06
16 15 -2.09855014618734538e-06
16 16 4.66481814002048967e-07
16 17 1.49399490805148495e-07
16 18 8.01033732220446683e-06
16 19 -1.70285476162376051e-06
16 20 5.44995996430408626e-07
16 21 8.17029918917588011e-07
16 22 8.17179417378897581e-06
17 1 -5.10227859109180905e-07
17 3 -0.000148914884825808669
17 4 -3.46438605827420449e-05
17 6 2.1311310997814336e-07
17 8 1.7780384897420641e-06
17 10 0.000207570249397663972
17 15 -0.000142253411380046681
17 16 1.49399490805148495e-07
17 17 0.000157097764347359145
17 18 0.000162181020842628226
17 93 -3.48414158610031456e-05
17 94 -5.36023633321183176e-05
17 95 3.4120357484388566e-05
17 96 4.42114251182721625e-05
17 97 0.000397470379479753476
17 98 0.000491297214161215694
17 99 0.00012398407459458856
17 100 0.000270358025899694392
18 1 -2.20867499713247295e-05
18 3 -0.000182514682033290326
18 4 0.000319168139368053926
18 6 1.7780384897420641e-06
18 8 7.58076457721990217e-05
18 10 0.000503311892298760589
18 15 -0.000657464404675896057
18 16 8.01033732220446683e-06
18 17 0.000162181020842628226
18 18 0.0019950669650698697
18 19 -0.000269822081497162012
18 20 8.17179417378897581e-06
18 21 0.00040624854034992117
18 22 0.00103546366772354717
18 94 -0.000462282541733607846
18 97 0.00104521731377990004
18 98 0.000270358025899694392
18 100 0.00153220182687738792
18 104 0.000413972496967535402
19 1 1.75811593541117305e-05
19 4 -0.000164510667243907731
19 8 -5.57224219792895435e-05
19 15 0.000220137318143486188
19 16 -1.70285476162376051e-06
19 18 -0.000269822081497162012
19 19 0.00334831571346739295
19 20 -1.53471425719345039e-05
19 21 -0.00026501904147385204
19 22 -4.83483461938148451e-05
19 23 0.000156254163846079159
19 24 -2.66598413897067543e-06
19 26 -0.000314410412634298739
19 27 -0.000268978559514525218
19 69 1.75811593541117135e-05
19 71 -0.000164510667243907515
19 72 -1.7028547616237586e-06
19 75 -5.57224219792894893e-05
19 76 -0.000269822081497162229
19 78 -1.53471425719344903e-05
19 79 -4.83483461938152652e-05
19 88 0.000156254163846079267
19 89 -2.6659841389706712e-06
19 90 -0.000268978559514525435
19 91 -0.000314410412634299064
19 94 1.21750450991057153e-05
19 97 -0.000449945976457581773
19 100 -0.000179587418940505618
19 103 -0.000179587418940505917
19 104 0.000208259489506032659
19 431 5.52667138883038004e-05
19 432 -7.83097979093692176e-05
19 433 -1.5814216435907338e-05
19 434 -5.44558136168277256e-05
19 435 -0.000177226041266083649
19 436 -0.000338480155396841552
19 437 2.81983251873818677e-05
19 440 -1.58142164359073313e-05
19 441 -0.000338480155396841498
19 451 2.22773084809428031e-05
19 452 -0.000386847323677523211
19 454 -0.000108462860869308842
19 456 0.000237866135610117417
19 457 -6.70654180030706698e-05
19 514 2.22773084809428946e-05
19 515 -0.000386847323677523428
19 516 0.000237866135610117227
19 517 -0.000108462860869309072
19 518 -6.70654180030706834e-05
19 522 -7.34235194798724534e-05
19 523 0.000275985780385044096
19 524 9.01588193833696057e-06
19 525 5.85647171920602993e-06
19 526 2.9277187298810841e-06
19 527 9.01588193833696057e-06
19 528 2.92771872988108495e-06
19 529 3.52129118609760622e-06
20 1 -7.97558734569584315e-06
20 4 3.30103470693434228e-05
20 8 2.47808381542319152e-05
20 15 -2.65554032348593187e-06
20 16 5.44995996430408626e-07
20 18 8.17179417378897581e-06
20 19 -1.53471425719345039e-05
20 20 8.17798762404404094e-06
20 21 2.72240104264193169e-06
20 22 0.000107423278152022917
20 23 -3.99621091270124137e-06
20 24 8.52872611472501641e-07
20 26 1.24715174918713301e-05
20 27 4.2597731884809902e-06
21 1 -2.79155728472952125e-06
21 4 -0.00014437433424846087
21 8 8.17179417378897581e-06
21 15 -0.000518278762557159399
21 16 8.17029918917588011e-07
21 18 0.00040624854034992117
21 19 -0.00026501904147385204
21 20 2.72240104264193169e-06
21 21 0.000971505533339468512
21 22 0.000784568173226144827
21 69 -2.79155728472951913e-06
21 71 -0.000144374334248461005
21 72 8.17029918917587269e-07
21 75 8.17179417378896903e-06
21 76 0.000406248540349921495
21 78 2.72240104264192958e-06
21 79 0.000784568173226145478
21 94 -0.000452705330673335146
21 97 0.000977357620326762492
21 100 0.000413972496967535402
21 103 0.00041397249696753589
21 104 0.00154764112922537323
22 1 -9.70436419781850479e-05
22 4 -0.00023430977600310697
22 8 0.000284888816249288823
22 15 -0.000458981897935273786
22 16 8.17179417378897581e-06
22 18 0.00103546366772354717
22 19 -4.83483461938148451e-05
22 20 0.000107423278152022917
22 21 0.000784568173226144827
22 22 0.00664349851359227316
22 23 -0.00047923718530614313
22 24 1.24715174918713301e-05
22 26 0.00119830009357673709
22 27 0.000978293832215314978
22 94 -0.000392700969899063086
22 97 0.000413972496967535402
22 100 0.000729466743574848191
22 104 0.000993151656702156039
22 451 -0.000311900235957225051
22 452 0.000376523584812275076
22 454 0.000463552940474206104
22 456 0.000695610365915033235
22 522 -1.37634590454738268e-05
22 523 4.7770617556052667e-05
22 524 7.70794871093336277e-06
22 525 1.13753713675374259e-06
22 526 6.49668366586625713e-07
23 1 1.02268758002320427e-05
23 4 3.23741289886766246e-05
23 8 -3.3717475286133139e-05
23 11 0.000219689603838481729
23 12 -1.43460783144049178e-06
23 14 -0.000346739975411344673
23 19 0.000156254163846079159
23 20 -3.99621091270124137e-06
23 22 -0.00047923718530614313
23 23 0.000932586453680594183
23 24 -4.31603344124928383e-06
23 25 -0.000451885442026102421
23 26 -0.000837270650959075474
23 27 -0.000738705646360709404
23 370 1.0226875800232041e-05
23 372 3.23741289886766111e-05
23 374 -1.43460783144049157e-06
23 376 -3.37174752861331322e-05
23 378 -0.000346739975411344619
23 383 -4.31603344124928299e-06
23 384 -0.000837270650959075257
23 385 0.000156254163846079159
23 386 -3.99621091270123967e-06
23 387 -0.000738705646360709187
23 388 -0.000479237185306143022
23 431 5.54142080599629233e-05
23 432 0.000142438841740091766
23 433 -4.06610312505679115e-05
23 434 -2.47661795649761963e-05
23 435 -0.000164657044831326496
23 436 -0.000932039894149345885
23 437 -0.000485136802589638139
23 438 -2.47661795649762031e-05
23 439 -0.000485136802589638085
23 451 0.000700749996436270377
23 452 -0.00144426493694901729
23 453 -0.000542520283400481579
23 454 -0.000427385628222042219
23 455 -0.000427385628222042219
23 456 -0.0004940693972705206
23 457 -0.000216807250401965018
23 458 -0.000494069397270520492
24 1 -2.6593014672958843e-06
24 4 2.03005373110370587e-05
24 8 9.27318625024497071e-06
24 11 -1.26307457963056588e-06
24 12 3.06192614066271987e-07
24 14 5.08917220807584195e-06
24 19 -2.66598413897067543e-06
24 20 8.52872611472501641e-07
24 22 1.24715174918713301e-05
24 23 -4.31603344124928383e-06
24 24 1.02312258742189004e-06
24 25 5.74293435825621499e-07
24 26 1.69453987548493182e-05
24 27 1.59931964101985749e-06
25 1 -1.56865824232016643e-06
25 4 -0.000116221305385112594
25 8 5.08917220807584195e-06
25 11 -0.000375608232344622098
25 12 9.17359939445472779e-07
25 14 0.000555583468154069665
25 23 -0.000451885442026102421
25 24 5.74293435825621499e-07
25 25 0.000935067486693304945
25 26 0.000436478621388278415
25 370 -1.56865824232016643e-06
25 372 -0.000116221305385112581
25 374 9.17359939445472991e-07
25 376 5.0891722080758428e-06
25 378 0.000555583468154069665
25 383 5.74293435825621499e-07
25 384 0.000436478621388278307
25 451 -0.00045383351863962165
25 452 0.00108400889328089068
25 453 0.00126220776161866874
25 454 0.000365249921230768697
25 455 0.000365249921230768643
26 1 -3.7553581538435311e-05
26 4 0.000218044180308574794
26 8 0.00012498142394918972
26 11 -0.000287187552028449048
26 12 5.0891722080758411e-06
26 14 0.000897515961440742546
26 19 -0.000314410412634298739
26 20 1.24715174918713301e-05
26 22 0.00119830009357673709
26 23 -0.000837270650959075474
26 24 1.69453987548493182e-05
26 25 0.000436478621388278415
26 26 0.00316643713526242737
26 27 0.000648640286871626196
26 451 -0.000609912604237602225
26 452 0.00136200509496993069
26 453 0.000365249921230768697
26 454 0.00133282295887624446
26 456 0.000376523584812275076
27 1 -4.36943442747492003e-06
27 4 -0.00020440728195358763
27 8 1.24715174918713301e-05
27 19 -0.000268978559514525218
27 20 4.2597731884809902e-06
27 22 0.000978293832215314978
27 23 -0.000738705646360709404
27 24 1.59931964101985749e-06
27 26 0.000648640286871626196
27 27 0.00205294029199334146
27 431 -2.7759222593449928e-05
27 432 -0.000286563769031164691
27 433 1.80241151183246583e-05
27 434 3.59280413764623816e-05
27 435 6.9122762940389867e-05
27 436 0.000880167618314726301
27 437 0.00117348091270031958
27 451 -0.000618483175330673449
27 452 0.00133333994560322182
27 454 0.000376523584812275076
27 456 0.0015477840927892166
27 457 0.0003007974676008961
28 2 1.70188673974948595e-05
28 28 0.000293394277128098345
28 29 0.000102000395582805214
28 30 -1.22321098636055863e-05
28 31 -7.89845043126165708e-06
28 32 -3.12744222335561775e-06
28 33 -6.85358219098119049e-05
28 34 -5.90322877062413314e-05
28 35 -0.000625730762673467906
28 36 -0.000250663412051269389
28 37 0.000147810084106561352
28 38 -6.13949438626290464e-06
28 39 -0.000132156508131084382
28 40 -0.000398623272416505988
28 46 5.31144338663384082e-06
28 47 1.0103164615607632e-05
28 48 -0.000129284714549792698
28 49 -1.71725430366755047e-06
28 50 -3.68261964307353972e-06
28 51 -6.01286431665446954e-07
28 52 -0.000587558607370613508
28 53 -1.94326336554795069e-05
28 54 -3.98998285288015749e-05
28 55 2.32734905056243571e-05
28 56 -9.66306747835606538e-06
28 57 -1.18073369052710395e-06
28 58 -9.42671151584535845e-05
28 59 -2.42087058308184762e-06
28 60 -0.000212402603035672115
28 61 -0.000774573082251198228
28 62 -1.0741684638382695e-05
28 63 -0.000384806279161380442
29 2 2.4703233812445964e-05
29 3 0.000213691785420088137
29 7 -6.05974944064233681e-06
29 28 0.000102000395582805214
29 29 0.00089266536057156095
29 30 4.30001518657388107e-05
29 31 -2.68240512921370409e-06
29 32 -1.83947665376697986e-05
29 33 -8.61786507609428143e-05
29 34 -8.41058117008236972e-05
29 35 -0.0002056179593680627
29 36 -0.00102839852831908729
29 41 -0.000353645247277517344
29 42 -0.00036096905053265428
29 47 0.00020645237400259095
29 48 5.03493257509977181e-05
29 50 -2.14222400374417513e-06
29 52 -0.00017671817019612523
29 54 -0.000319264331126814537
29 59 -0.00028536819059687713
29 60 -0.0010507626294700991
29 61 -0.000467716109049369326
29 105 0.00013407725141834507
29 106 0.000232269113961783866
29 107 -0.000130045845406084594
29 108 -0.0007864763316527126
29 109 -0.000502080932207345947
29 110 -0.000455819143402073305
29 111 -0.000485715689183622234
29 112 -0.000175187397205224592
29 117 0.000170533879563441424
29 118 0.000406399666231064942
29 119 -0.000343649507274239828
29 120 -8.18499478924374156e-05
29 121 -0.00105888856550834915
29 122 -0.000503733722510729329
29 123 -0.00065039289213916112
29 124 -0.000337222786350664574
29 125 -0.00022686767801083783
29 126 -0.000607093078285273076
29 127 -1.41340450278350344e-05
29 128 -2.1689971224191723e-05
30 2 -0.000161534061904208473
30 3 9.83864139275135652e-05
30 4 6.50538250207636359e-05
30 7 2.24985361439756991e-05
30 9 -0.000231286998918008133
30 10 -0.000444779421507754283
30 11 4.96878244895878907e-05
30 13 1.71695321208539695e-06
30 14 -0.000472512815316036383
30 28 -1.22321098636055863e-05
30 29 4.30001518657388107e-05
30 30 0.00179469449480770512
30 31 3.04708303174099964e-05
30 32 4.38506623968331599e-05
30 33 4.64219237200314087e-06
30 34 0.000882079379253346415
30 35 0.000431914254532939198
30 36 -0.000344069065421021155
30 37 -9.11986233202172626e-05
30 38 4.87041107696481535e-05
30 39 -4.7161748280389919e-05
30 40 -0.000576512690423197399
30 41 -0.00012411831095566651
30 42 -0.000156475644574809918
30 43 -0.000662979501440588985
30 44 -0.000312083578375443188
30 45 -0.000506311791023887408
30 48 0.00012726741222231615
30 52 -0.000324520659698625063
30 60 -0.000536818907279663937
30 61 -0.000749936721608339581
30 63 -0.000526077693059924132
30 106 0.000217906002668809046
30 109 -0.000459148031563975435
30 110 -0.000397596719281037786
30 112 -0.000338903002300475881
30 116 -7.93729653463402167e-05
30 118 0.000114782252196380952
30 121 -0.000377318035775746103
30 124 -7.34540280515767188e-05
30 127 -2.63901682227599439e-05
30 128 -0.000139232120167559535
30 459 0.000132968871563092928
30 460 -0.000282871284312217564
30 461 -0.000194320876072920612
30 462 -0.000129156313349631542
30 464 -2.27696441375806072e-05
30 467 2.89028913851553334e-05
30 468 -9.63797666853490439e-05
30 470 -1.10622139806107794e-05
30 472 -2.01515875733498458e-05
30 473 -1.75375491990723676e-06
31 2 -7.49334148183020486e-06
31 28 -7.89845043126165708e-06
31 29 -2.68240512921370409e-06
31 30 3.04708303174099964e-05
31 31 3.24529323482150835e-06
31 32 1.15705127894817755e-06
31 33 1.25054774891956154e-06
31 34 2.78028268163263176e-05
31 35 2.99041628672651865e-05
31 36 1.04626434261904649e-05
31 37 -4.42483547264505572e-06
31 38 2.27121518267006635e-06
31 39 2.45468601129686361e-06
31 40 1.88574445351458518e-05
32 2 -1.33692671070425018e-05
32 3 -6.35563363311573276e-06
32 7 2.61209450899689799e-06
32 28 -3.12744222335561775e-06
32 29 -1.83947665376697986e-05
32 30 4.38506623968331599e-05
32 31 1.15705127894817755e-06
32 32 9.91445768170229939e-06
32 33 2.14062193720338929e-06
32 34 4.78289835432712851e-05
32 35 1.04626434261904649e-05
32 36 8.41918601249178034e-05
32 41 4.83265686114696489e-06
32 42 2.22186716385192382e-05
33 2 -3.17419045834130975e-06
33 28 -6.85358219098119049e-05
33 29 -8.61786507609428143e-05
33 30 4.64219237200314087e-06
33 31 1.25054774891956154e-06
33 32 2.14062193720338929e-06
33 33 5.59633392165247894e-05
33 34 1.04626434261904649e-05
33 35 0.000154151779328661116
33 36 0.000244242684695074601
33 47 -2.23151890289964291e-06
33 48 -1.82799971753891014e-06
33 50 6.68614109502592273e-07
33 52 0.000111676356886275855
33 54 8.07887170378504306e-06
33 59 1.22590726817793673e-06
33 60 0.000183045222565369597
33 61 0.000237337111237267289
34 2 -0.00065726839081779254
34 3 -0.000175891304865406181
34 4 -0.000247250766838021541
34 7 0.000110867997064799113
34 9 0.000529876802859345934
34 10 0.000173698868739542451
34 11 -0.000258191766472948758
34 13 0.000193444063089929195
34 14 0.000253499859913170476
34 28 -5.90322877062413314e-05
34 29 -8.41058117008236972e-05
34 30 0.000882079379253346415
34 31 2.78028268163263176e-05
34 32 4.78289835432712851e-05
34 33 1.04626434261904649e-05
34 34 0.00220928700983426783
34 35 0.000208910398914567805
34 36 0.000340104808320231477
34 37 -0.000141596513369034041
34 38 0.000100921657144998768
34 39 1.88574445351458552e-05
34 40 0.000615748186267452906
34 41 2.22186716385192382e-05
34 42 0.000566870745185417521
34 43 0.00139832340474214749
34 44 6.60057035186269967e-05
34 45 0.00089366642175708476
35 2 -6.00829557317107574e-05
35 28 -0.000625730762673467906
35 29 -0.0002056179593680627
35 30 0.000431914254532939198
35 31 2.99041628672651865e-05
35 32 1.04626434261904649e-05
35 33 0.000154151779328661116
35 34 0.000208910398914567805
35 35 0.0020147802730682376
35 36 0.000664762988175206216
35 37 -0.000266503450478854217
35 38 1.88574445351458552e-05
35 39 0.00026086613176813146
35 40 0.000963789180040363529
35 48 -0.000324804602430137719
35 52 0.000713706591805047174
35 60 0.000237337111237267317
35 61 0.00161381143691019372
35 63 0.000347606821215210612
36 2 -0.000102287249991646936
36 3 -0.000383415377973691097
36 7 2.22186716385192382e-05
36 28 -0.000250663412051269389
36 29 -0.00102839852831908729
36 30 -0.000344069065421021155
36 31 1.04626434261904649e-05
36 32 8.41918601249178034e-05
36 33 0.000244242684695074601
36 34 0.000340104808320231477
36 35 0.000664762988175206216
36 36 0.0072388246798634065
36 41 0.000615039436067356437
36 42 0.00108874091522133181
36 48 -0.000494535183190349765
36 52 0.000237337111237267317
36 60 0.00161723206535817603
36 61 0.00147902646889758681
36 106 -0.000482833662644899947
36 109 0.000377809270152839336
36 110 0.00129316206151005642
36 112 0.000848343417358429926
36 118 -0.000432588233413675567
36 121 0.00132178410184528015
36 124 0.000208139004344583701
36 127 8.98894321889794621e-05
36 128 0.000610527972742171241
37 2 4.54472514236175962e-05
37 11 0.000126906166057644883
37 13 -1.78162066165802498e-05
37 28 0.000147810084106561352
37 30 -9.11986233202172626e-05
37 31 -4.42483547264505572e-06
37 34 -0.000141596513369034041
37 35 -0.000266503450478854217
37 37 0.00205350422971614221
37 38 -4.25859919471388625e-05
37 39 -0.00015460840574728948
37 40 -0.000230141245291698578
37 44 -0.000526483902741905325
37 45 -0.000434490632808420081
37 48 -4.08949770052506397e-05
37 52 -0.000262809903357259355
37 55 0.000192192927885515973
37 56 -8.14238868848561056e-06
37 58 -0.000461100591906738941
37 61 -0.000306699571917495254
37 62 -0.000574058856028121555
37 63 -0.000496902301367327707
37 371 4.54472514236176029e-05
37 375 -1.78162066165802498e-05
37 394 0.000147810084106561379
37 395 -9.11986233202172897e-05
37 396 -4.42483547264505657e-06
37 397 -4.25859919471388625e-05
37 398 -0.00015460840574728948
37 399 -0.000141596513369034014
37 400 -0.000266503450478854163
37 401 -0.000230141245291698578
37 406 -0.000434490632808420189
37 411 -4.08949770052507346e-05
37 413 -8.14238868848561225e-06
37 415 -0.000262809903357259409
37 417 -0.000461100591906738995
37 422 -0.000496902301367327598
37 423 -0.000306699571917495254
37 459 -3.31598360010426017e-05
37 460 -0.00031455337860977501
37 461 0.000454087396557567645
37 462 -1.9601551722604771e-05
37 463 -1.9601551722604788e-05
37 467 -0.000106545907235710091
37 468 0.000847525884389058745
37 469 -0.000420399414462887362
37 470 -4.89013599753413764e-05
37 471 -4.89013599753413493e-05
37 472 4.83443357214072069e-05
37 473 2.27060935756092118e-05
37 474 4.83443357214072205e-05
38 2 -3.15292147983472091e-05
38 11 -1.97539654881738512e-05
38 13 9.1346406908811783e-06
38 28 -6.13949438626290464e-06
38 30 4.87041107696481535e-05
38 31 2.27121518267006635e-06
38 34 0.000100921657144998768
38 35 1.88574445351458552e-05
38 37 -4.25859919471388625e-05
38 38 3.27344645388925301e-05
38 39 5.88400383853255805e-06
38 40 0.000235146937990088638
38 44 2.36594513753261624e-05
38 45 6.60057035186270102e-05
39 2 -6.23122980057630284e-06
39 28 -0.000132156508131084382
39 30 -4.7161748280389919e-05
39 31 2.45468601129686361e-06
39 34 1.88574445351458552e-05
39 35 0.00026086613176813146
39 37 -0.00015460840574728948
39 38 5.88400383853255805e-06
39 39 0.000150049754566736594
39 40 0.000525105775643435
39 48 -3.08873820852386899e-05
39 52 0.000208524549954059747
39 55 -8.97168275200572522e-06
39 56 2.96494316525719686e-06
39 58 3.12631997157254658e-05
39 61 0.000347606821215210612
39 62 8.16353506505136778e-06
39 63 0.000452517301562301868
40 2 -0.000208709153791578929
40 11 -0.000472274106905395464
40 13 6.60057035186270102e-05
40 28 -0.000398623272416505988
40 30 -0.000576512690423197399
40 31 1.88574445351458518e-05
40 34 0.000615748186267452906
40 35 0.000963789180040363529
40 37 -0.000230141245291698578
40 38 0.000235146937990088638
40 39 0.000525105775643435
40 40 0.00738666958526806514
40 44 0.00123227634723378451
40 45 0.00147709045609973819
40 48 -0.000476672410423331313
40 52 0.000347606821215210666
40 61 0.00118140181482621334
40 63 0.0016201580571110711
40 459 -0.000247998733610595699
40 460 0.000270433319809265703
40 461 0.00060726475941658923
40 462 0.00025782611071595746
40 467 -0.000114750509708013112
40 468 0.000377584084005317875
40 470 3.77353286402286886e-05
40 472 8.81358791918053594e-05
40 473 6.94114014117774155e-06
41 2 -7.17003061671737005e-06
41 3 -0.000369333915193964567
41 7 4.24088847620017299e-06
41 29 -0.000353645247277517344
41 30 -0.00012411831095566651
41 32 4.83265686114696489e-06
41 34 2.22186716385192382e-05
41 36 0.000615039436067356437
41 41 0.000692805299836009433
41 42 0.000570146781185282693
41 105 -9.33576210060676218e-05
41 106 -0.000332133612408932024
41 107 0.000158267320419409289
41 108 0.000173304924706458018
41 109 0.00100208020667482073
41 110 0.00106307249886975689
41 111 0.000288539612404895116
41 112 0.000377809270152839336
42 2 -0.000205502837916333471
42 3 -0.000989687076544148352
42 4 -0.000421875170598463248
42 7 0.000170091063166653801
42 9 0.000173698868739542451
42 10 0.00134067536490345158
42 29 -0.00036096905053265428
42 30 -0.000156475644574809918
42 32 2.22186716385192382e-05
42 34 0.000566870745185417521
42 36 0.00108874091522133181
42 41 0.000570146781185282693
42 42 0.00476222191766725519
42 43 0.00140702776097177554
42 106 -0.000556931767461794403
42 109 0.00143541537732925963
42 110 0.000377809270152839336
42 112 0.00104709432187695579
42 116 0.000218934950569440274
43 2 -0.000665510299859408913
43 3 -0.000477955619541916101
43 4 -0.000497208377732092743
43 7 0.000173698868739542451
43 9 0.00136639586890212068
43 10 0.0014528362627903575
43 11 -0.000354205064662043963
43 13 0.000253499859913170476
43 14 0.00132577368288137681
43 30 -0.000662979501440588985
43 34 0.00139832340474214749
43 42 0.00140702776097177554
43 43 0.00385750626726063649
43 45 0.00125849924123153903
43 106 -9.4655818074731337e-05
43 109 0.000218934950569440301
43 112 0.000113313750338054416
43 116 0.000129122616272702725
43 459 -2.79416733352934995e-05
43 460 7.41622171616131945e-05
43 462 2.27925711890887077e-05
43 464 2.72604177841350086e-05
44 2 -2.50786119588027334e-05
44 11 -0.000674760328760024139
44 13 1.97839336321389494e-05
44 30 -0.000312083578375443188
44 34 6.60057035186269967e-05
44 37 -0.000526483902741905325
44 38 2.36594513753261624e-05
44 40 0.00123227634723378451
44 44 0.00298913491825524014
44 45 0.00115670939903983342
44 371 -2.50786119588027368e-05
44 375 1.97839336321389528e-05
44 395 -0.000312083578375443242
44 397 2.36594513753261658e-05
44 399 6.60057035186269967e-05
44 401 0.00123227634723378473
44 406 0.00115670939903983363
44 459 -0.000692173233258643441
44 460 0.00147258658411830549
44 461 0.0014728462513135367
44 462 0.000270433319809265703
44 463 0.000270433319809265757
45 2 -0.000348394226121492433
45 4 -0.000438875594491117496
45 9 0.000253499859913170476
45 11 -0.000615179634092286693
45 13 0.000373848982387016437
45 14 0.00149511474253952365
45 30 -0.000506311791023887408
45 34 0.00089366642175708476
45 37 -0.000434490632808420081
45 38 6.60057035186270102e-05
45 40 0.00147709045609973819
45 43 0.00125849924123153903
45 44 0.00115670939903983342
45 45 0.00578059519383945092
45 459 -0.000365080774139468832
45 460 0.000951308579932493947
45 461 0.000270433319809265703
45 462 0.00041471088930261895
45 464 7.41622171616131945e-05
46 28 5.31144338663384082e-06
46 46 4.14789963147306121e-05
46 47 1.52246284934722402e-05
46 48 -0.000171166357350341423
46 49 -1.59953975123141087e-06
46 50 -6.08396855901553489e-07
46 51 -5.09703663519267086e-06
46 52 -1.97095503371761912e-05
46 53 -0.000146420886548402558
46 54 -5.58322284572037943e-05
46 55 2.62482887938659203e-05
46 56 -1.19469152521385849e-06
46 57 -1.00108460071651855e-05
46 58 -0.000102371535437420773
46 64 4.02717658085981705e-05
46 65 -2.28004506643245079e-05
46 66 -8.67046316455359028e-06
46 67 -0.00020987130675375503
46 68 -1.70326584233141298e-05
47 28 1.0103164615607632e-05
47 29 0.00020645237400259095
47 33 -2.23151890289964291e-06
47 46 1.52246284934722402e-05
47 47 0.000944424719797413211
47 48 0.000138907808242923778
47 49 -5.54219876275755198e-07
47 50 -5.03743861478441936e-06
47 51 -7.48388188695457498e-06
47 52 -3.62356945954225959e-05
47 53 -4.99148513009187321e-05
47 54 -0.00160622491387575508
47 59 -0.000290122161000271029
47 60 -0.000340724677557888362
47 64 0.000241879537735391011
47 65 -7.89799303436196212e-06
47 66 -0.000377155462293170219
47 67 -0.000731035955721899837
47 117 0.000231382464284358438
47 118 0.000446980235899926742
47 119 -8.68906868185364683e-05
47 120 -0.000462687798406790913
47 121 -0.000539664686725676028
47 122 -0.00128176698791510621
47 123 -0.000663853628828679505
47 124 -0.000453607224291341707
47 129 2.17119814180936259e-05
47 130 2.97834724055330735e-05
47 131 0.000139114710771607528
47 132 -1.10751796512730058e-05
47 133 -1.66181041413817085e-05
47 134 -1.86780921608898664e-06
47 135 -0.00182134403230677718
47 136 -7.24403038204979392e-05
47 137 -0.000107581665295178715
47 138 -1.02091919089225014e-05
47 139 -0.000743139317653841464
47 140 -1.17802701431644679e-05
47 141 -0.000574907408556610136
47 142 -0.000461875510678203655
47 143 -0.000839517177375111905
48 28 -0.000129284714549792698
48 29 5.03493257509977181e-05
48 30 0.00012726741222231615
48 33 -1.82799971753891014e-06
48 35 -0.000324804602430137719
48 36 -0.000494535183190349765
48 37 -4.08949770052506397e-05
48 39 -3.08873820852386899e-05
48 40 -0.000476672410423331313
48 46 -0.000171166357350341423
48 47 0.000138907808242923778
48 48 0.00304260387828226902
48 49 1.32752803855664432e-05
48 50 2.42053470445222561e-05
48 51 2.77162136736215077e-05
48 52 0.000838938050636291069
48 53 0.00063236541585295512
48 54 0.000205902599281681349
48 55 2.46386376654727016e-05
48 56 4.1910916436323445e-05
48 57 4.03393472704690419e-05
48 58 -0.000203713632376148848
48 59 -8.23543251934228131e-05
48 60 -2.2751746464212165e-05
48 61 -0.00057336849057094681
48 62 -0.000260839626681757608
48 63 -0.000391527516343633235
48 64 -0.000126598386560493938
48 65 5.41223563858028823e-05
48 66 -0.000204515663793842649
48 67 -0.000867181315381754204
48 68 -0.000439481176664236058
48 118 0.000247840925573115044
48 121 -0.000499402387171622372
48 122 -0.000525068408180865906
48 124 -0.000440606723548610094
48 128 -6.58310983478244864e-05
48 131 0.000237388991593127918
48 135 -0.000727399705642430548
48 139 -0.000644319872303113499
48 142 -0.000120931467523972822
48 143 -0.000642932378374649243
48 467 0.000178189812491962176
48 468 -0.000298889348393017659
48 469 -0.000346452395489627019
48 470 -0.000199203204686778279
48 472 -1.0040809437830841e-05
48 476 0.000234751803909419071
48 479 -0.000557020726745723472
48 481 -0.00038943873020934848
48 484 -0.000301108216301360088
48 485 -1.96201353901846577e-05
48 530 1.0520845437866024e-05
48 531 -5.70802065283085311e-06
48 532 -3.60414895175386693e-05
48 533 -2.08237680031055391e-06
48 534 -7.47378006976722565e-07
49 28 -1.71725430366755047e-06
49 46 -1.59953975123141087e-06
49 47 -5.54219876275755198e-07
49 48 1.32752803855664432e-05
49 49 4.66030165485183239e-07
49 50 1.66231148443632456e-07
49 51 1.52010299971419572e-07
49 52 6.67474038975978823e-06
49 53 6.12090702636641628e-06
49 54 2.15900231591098481e-06
49 55 -9.85880531113998728e-07
49 56 3.26346915106995389e-07
49 57 2.98431245733486086e-07
49 58 4.03479719754871958e-06
50 28 -3.68261964307353972e-06
50 29 -2.14222400374417513e-06
50 33 6.68614109502592273e-07
50 46 -6.08396855901553489e-07
50 47 -5.03743861478441936e-06
50 48 2.42053470445222561e-05
50 49 1.66231148443632456e-07
50 50 1.71172745228231027e-06
50 51 2.60364259223016073e-07
50 52 1.38228210821046213e-05
50 53 2.15900231591098481e-06
50 54 2.11510889488625861e-05
50 59 1.04731746986700139e-06
50 60 8.07887170378504306e-06
51 28 -6.01286431665446954e-07
51 46 -5.09703663519267086e-06
51 47 -7.48388188695457498e-06
51 48 2.77162136736215077e-05
51 49 1.52010299971419572e-07
